0 0.0009458065032958984
0 0.01290440559387207
0 0.02595996856689453
-1 0.03458428382873535
-1 0.047332048416137695
-1 0.05748939514160156
-1 0.06935620307922363
-1 0.07422018051147461
-1 0.07949686050415039
-1 0.08373451232910156
-1 0.08878850936889648
-1 0.09282302856445312
-1 0.09791135787963867
-1 0.10202217102050781
-1 0.1073141098022461
-1 0.11144018173217773
-1 0.11580586433410645
-1 0.12185502052307129
-1 0.12694191932678223
-1 0.13132500648498535
-1 0.13565707206726074
-1 0.14069104194641113
-1 0.14530515670776367
-1 0.15021324157714844
-1 0.15449285507202148
-1 0.15970087051391602
-1 0.1639387607574463
-1 0.16925048828125
-1 0.17430901527404785
-1 0.17977333068847656
-1 0.18396520614624023
-1 0.18924188613891602
-1 0.1932845115661621
-1 0.19816088676452637
-1 0.20236992835998535
-1 0.20763230323791504
-1 0.21179819107055664
-1 0.21649503707885742
-1 0.22206521034240723
-1 0.22739052772521973
-1 0.2315669059753418
-1 0.235886812210083
-1 0.24094009399414062
-1 0.24995660781860352
-1 0.25417113304138184
-1 0.25960588455200195
-1 0.26378870010375977
-1 0.26935887336730957
-1 0.27444982528686523
-1 0.2796916961669922
-1 0.2839014530181885
-1 0.28891634941101074
-1 0.2929506301879883
-1 0.29805970191955566
-1 0.3024444580078125
-1 0.3076901435852051
-1 0.31180691719055176
-1 0.3165099620819092
-1 0.32097840309143066
-1 0.32732629776000977
-1 0.3314800262451172
-1 0.33585047721862793
-1 0.340717077255249
-1 0.34530067443847656
-1 0.35016918182373047
-1 0.3542964458465576
-1 0.3598170280456543
-1 0.3639991283416748
-1 0.36925172805786133
-1 0.37412142753601074
-1 0.379406213760376
-1 0.38341856002807617
-1 0.3885200023651123
-1 0.39266014099121094
-1 0.39780259132385254
-1 0.4021110534667969
-1 0.40746569633483887
-1 0.4116518497467041
-1 0.41596031188964844
-1 0.4212188720703125
-1 0.42725467681884766
-1 0.43140077590942383
-1 0.4357271194458008
-1 0.44059324264526367
-1 0.44487714767456055
-1 0.45008206367492676
-1 0.45424723625183105
-1 0.4595022201538086
-1 0.46366310119628906
-1 0.46873903274536133
-1 0.4727821350097656
-1 0.4794583320617676
-1 0.4835999011993408
-1 0.4885549545288086
-1 0.4926464557647705
-1 0.49777865409851074
-1 0.501903772354126
-1 0.5072360038757324
-1 0.5113654136657715
-1 0.5156927108764648
-1 0.5205733776092529
-1 0.5258722305297852
-1 0.5309755802154541
-1 0.5355513095855713
-1 0.5405845642089844
-1 0.5448384284973145
-1 0.5499966144561768
-1 0.5541708469390869
-1 0.5594651699066162
-1 0.5636119842529297
-1 0.5685949325561523
-1 0.572704553604126
-1 0.5788555145263672
-1 0.5828394889831543
-1 0.5879490375518799
-1 0.5920853614807129
-1 0.5973572731018066
-1 0.601642370223999
-1 0.6059417724609375
-1 0.6108138561248779
-1 0.6153981685638428
-1 0.6209490299224854
-1 0.6255500316619873
-1 0.6313626766204834
-1 0.6356933116912842
-1 0.6405696868896484
-1 0.6448416709899902
-1 0.6533997058868408
-1 0.6588435173034668
-1 0.662841796875
-1 0.6679627895355225
-1 0.6721999645233154
-1 0.6785638332366943
-1 0.6827225685119629
-1 0.6878600120544434
-1 0.6921384334564209
-1 0.6974971294403076
-1 0.701632022857666
-1 0.7059588432312012
-1 0.7108094692230225
-1 0.7153904438018799
-1 0.7204360961914062
-1 0.7247419357299805
-1 0.7305874824523926
-1 0.7348995208740234
-1 0.7400541305541992
-1 0.7442243099212646
-1 0.7495570182800293
-1 0.7537269592285156
-1 0.7587823867797852
-1 0.7627849578857422
-1 0.7678947448730469
-1 0.7719862461090088
-1 0.7772982120513916
-1 0.7823891639709473
-1 0.7876369953155518
-1 0.7919113636016846
-1 0.797224760055542
-1 0.8013904094696045
-1 0.8057446479797363
-1 0.8106153011322021
-1 0.8152034282684326
-1 0.8200831413269043
-1 0.8242387771606445
-1 0.8295066356658936
-1 0.8346292972564697
-1 0.8399593830108643
-1 0.8441193103790283
-1 0.8494522571563721
-1 0.853585958480835
-1 0.8585565090179443
-1 0.8626575469970703
-1 0.8677806854248047
-1 0.8718905448913574
-1 0.8773140907287598
-1 0.8823537826538086
-1 0.8875973224639893
-1 0.8917160034179688
-1 0.8964135646820068
-1 0.9012975692749023
-1 0.9056200981140137
-1 0.9104747772216797
-1 0.9147775173187256
-1 0.9201183319091797
-1 0.9242773056030273
-1 0.9295787811279297
-1 0.9345588684082031
-1 0.9397389888763428
-1 0.9439475536346436
-1 0.9491987228393555
-1 0.9532089233398438
-1 0.9580564498901367
-1 0.9624359607696533
-1 0.9676470756530762
-1 0.9718079566955566
-1 0.9764950275421143
-1 0.9809606075286865
-1 0.9873471260070801
-1 0.9914824962615967
-1 0.995854377746582
-1 1.000741958618164
-1 1.0052986145019531
-1 1.0101723670959473
-1 1.014446496963501
-1 1.0197985172271729
-1 1.023970603942871
-1 1.0292270183563232
-1 1.034134864807129
-1 1.039452075958252
-1 1.043614149093628
-1 1.0523450374603271
-1 1.0575518608093262
-1 1.0617930889129639
-1 1.0664942264556885
-1 1.0713958740234375
-1 1.0757224559783936
-1 1.0808751583099365
-1 1.0869784355163574
-1 1.0913760662078857
-1 1.0957024097442627
-1 1.1005682945251465
-1 1.1048543453216553
-1 1.1099936962127686
-1 1.1141555309295654
-1 1.1194064617156982
-1 1.1234266757965088
-1 1.128509521484375
-1 1.1326220035552979
-1 1.139188528060913
-1 1.1432068347930908
-1 1.1480846405029297
-1 1.1521658897399902
-1 1.1574854850769043
-1 1.161637544631958
-1 1.1659660339355469
-1 1.170830249786377
-1 1.1753692626953125
-1 1.180431604385376
-1 1.1847131252288818
-1 1.1906449794769287
-1 1.1951854228973389
-1 1.2002232074737549
-1 1.2044501304626465
-1 1.2096433639526367
-1 1.2137885093688965
-1 1.218862771987915
-1 1.2228517532348633
-1 1.2279269695281982
-1 1.2320053577423096
-1 1.2380270957946777
-1 1.243260383605957
-1 1.2481160163879395
-1 1.2521843910217285
-1 1.2575054168701172
-1 1.2618024349212646
-1 1.2664551734924316
-1 1.2709324359893799
-1 1.2754848003387451
-1 1.2803282737731934
-1 1.2846124172210693
-1 1.2904644012451172
-1 1.2947230339050293
-1 1.2998991012573242
-1 1.3040661811828613
-1 1.3094944953918457
-1 1.313652753829956
-1 1.3188443183898926
-1 1.322859764099121
-1 1.3279688358306885
-1 1.3320960998535156
-1 1.3374333381652832
-1 1.3424572944641113
-1 1.3476850986480713
-1 1.3518199920654297
-1 1.35648775100708
-1 1.3609509468078613
-1 1.3655283451080322
-1 1.3703956604003906
-1 1.3746576309204102
-1 1.3799898624420166
-1 1.3841516971588135
-1 1.390146255493164
-1 1.3942992687225342
-1 1.3995728492736816
-1 1.4037184715270996
-1 1.4087600708007812
-1 1.4127552509307861
-1 1.4178590774536133
-1 1.4219448566436768
-1 1.4272305965423584
-1 1.4313607215881348
-1 1.4357099533081055
-1 1.4418261051177979
-1 1.4465057849884033
-1 1.4548819065093994
-1 1.4601948261260986
-1 1.4644384384155273
-1 1.4698102474212646
-1 1.4739625453948975
-1 1.479384422302246
-1 1.4834213256835938
-1 1.4885156154632568
-1 1.4938733577728271
-1 1.4992742538452148
-1 1.5033009052276611
-1 1.5081603527069092
-1 1.5123803615570068
-1 1.517615795135498
-1 1.5217151641845703
-1 1.5264010429382324
-1 1.5309641361236572
-1 1.5355489253997803
-1 1.5404343605041504
-1 1.5458283424377441
-1 1.5506548881530762
-1 1.5552022457122803
-1 1.5602259635925293
-1 1.5644538402557373
-1 1.5698344707489014
-1 1.5740113258361816
-1 1.579249620437622
-1 1.5832445621490479
-1 1.58811616897583
-1 1.5934407711029053
-1 1.598526954650879
-1 1.6026244163513184
-1 1.6077508926391602
-1 1.6118574142456055
-1 1.6176886558532715
-1 1.6220178604125977
-1 1.6273472309112549
-1 1.631481647491455
-1 1.6358227729797363
-1 1.64068603515625
-1 1.646010398864746
-1 1.6508467197418213
-1 1.6554546356201172
-1 1.660313606262207
-1 1.664557933807373
-1 1.66975998878479
-1 1.6739203929901123
-1 1.6794075965881348
-1 1.6834478378295898
-1 1.6884996891021729
-1 1.6926038265228271
-1 1.698901891708374
-1 1.7029240131378174
-1 1.7080073356628418
-1 1.7121305465698242
-1 1.7174475193023682
-1 1.72157883644104
-1 1.7258856296539307
-1 1.7308013439178467
-1 1.735365867614746
-1 1.7403886318206787
-1 1.7457945346832275
-1 1.750650405883789
-1 1.7551934719085693
-1 1.7600717544555664
-1 1.7642593383789062
-1 1.7695703506469727
-1 1.773711919784546
-1 1.7787413597106934
-1 1.782743215560913
-1 1.787846565246582
-1 1.7919626235961914
-1 1.798051118850708
-1 1.8023860454559326
-1 1.8076131343841553
-1 1.8117578029632568
-1 1.8164725303649902
-1 1.820981502532959
-1 1.8318696022033691
-1 1.8372044563293457
-1 1.841352939605713
-1 1.8474178314208984
-1 1.855501651763916
-1 1.8606197834014893
-1 1.8651723861694336
-1 1.8702118396759033
-1 1.8744993209838867
-1 1.8798322677612305
-1 1.8840053081512451
-1 1.8892316818237305
-1 1.8932523727416992
-1 1.8993422985076904
-1 1.9034502506256104
-1 1.9085133075714111
-1 1.9125938415527344
-1 1.9177515506744385
-1 1.9220166206359863
-1 1.9273309707641602
-1 1.9314534664154053
-1 1.9357807636260986
-1 1.940650224685669
-1 1.9451701641082764
-1 1.9508788585662842
-1 1.9554460048675537
-1 1.960507869720459
-1 1.9647912979125977
-1 1.9699420928955078
-1 1.9740912914276123
-1 1.979501724243164
-1 1.983708143234253
-1 1.9887375831604004
-1 1.992762804031372
-1 1.9978513717651367
-1 2.0028445720672607
-1 2.0079572200775146
-1 2.0121047496795654
-1 2.0174100399017334
-1 2.021544933319092
-1 2.025866746902466
-1 2.030686378479004
-1 2.0352418422698975
-1 2.040337324142456
-1 2.044605016708374
-1 2.050525188446045
-1 2.0548007488250732
-1 2.0599915981292725
-1 2.064166784286499
-1 2.069394111633301
-1 2.0734200477600098
-1 2.0785365104675293
-1 2.0826447010040283
-1 2.0877602100372314
-1 2.09202241897583
-1 2.0973594188690186
-1 2.1026611328125
-1 2.107759475708008
-1 2.111863613128662
-1 2.1169207096099854
-1 2.121293544769287
-1 2.1256141662597656
-1 2.130460500717163
-1 2.1347391605377197
-1 2.1398911476135254
-1 2.1440653800964355
-1 2.149348258972168
-1 2.154439687728882
-1 2.1598052978515625
-1 2.163989543914795
-1 2.1692514419555664
-1 2.1732664108276367
-1 2.178116798400879
-1 2.1822004318237305
-1 2.187511682510376
-1 2.1916329860687256
-1 2.195931911468506
-1 2.2007994651794434
-1 2.206509590148926
-1 2.210951805114746
-1 2.215498447418213
-1 2.2205545902252197
-1 2.2248308658599854
-1 2.2299983501434326
-1 2.2341666221618652
-1 2.2394163608551025
-1 2.243530035018921
-1 2.248506784439087
-1 2.2581071853637695
-1 2.262467384338379
-1 2.2676639556884766
-1 2.271913528442383
-1 2.2771990299224854
-1 2.281597375869751
-1 2.285919189453125
-1 2.2907745838165283
-1 2.2953133583068848
-1 2.3001651763916016
-1 2.3054778575897217
-1 2.3103578090667725
-1 2.3146142959594727
-1 2.3197946548461914
-1 2.3239524364471436
-1 2.3289833068847656
-1 2.3332130908966064
-1 2.3381283283233643
-1 2.3425936698913574
-1 2.3477370738983154
-1 2.352018117904663
-1 2.358123540878296
-1 2.362196207046509
-1 2.3675408363342285
-1 2.371650457382202
-1 2.375941038131714
-1 2.380801200866699
-1 2.3853440284729004
-1 2.3903026580810547
-1 2.3945980072021484
-1 2.3999242782592773
-1 2.4040756225585938
-1 2.4100141525268555
-1 2.414191961288452
-1 2.4195454120635986
-1 2.4237208366394043
-1 2.4287421703338623
-1 2.4327573776245117
-1 2.437901258468628
-1 2.4420039653778076
-1 2.4472875595092773
-1 2.451416254043579
-1 2.4573659896850586
-1 2.461651563644409
-1 2.4659337997436523
-1 2.470799684524536
-1 2.475335121154785
-1 2.480445623397827
-1 2.4847118854522705
-1 2.489884853363037
-1 2.4940683841705322
-1 2.4993276596069336
-1 2.5033373832702637
-1 2.509526014328003
-1 2.513704776763916
-1 2.5189015865325928
-1 2.5229125022888184
-1 2.5280110836029053
-1 2.5321192741394043
-1 2.5374526977539062
-1 2.5415844917297363
-1 2.545938014984131
-1 2.5508055686950684
-1 2.5553529262542725
-1 2.5608811378479004
-1 2.5654492378234863
-1 2.57030987739563
-1 2.574589490890503
-1 2.5799272060394287
-1 2.584099531173706
-1 2.589384078979492
-1 2.59342622756958
-1 2.598493814468384
-1 2.602466344833374
-1 2.6076760292053223
-1 2.6129326820373535
-1 2.6192259788513184
-1 2.623250961303711
-1 2.628103733062744
-1 2.632202625274658
-1 2.6375155448913574
-1 2.6417951583862305
-1 2.6465132236480713
-1 2.6546452045440674
-1 2.660733938217163
-1 2.6653084754943848
-1 2.670405864715576
-1 2.6746652126312256
-1 2.6799964904785156
-1 2.6841413974761963
-1 2.6893820762634277
-1 2.693416118621826
-1 2.6987504959106445
-1 2.7027807235717773
-1 2.707885265350342
-1 2.7132620811462402
-1 2.7181169986724854
-1 2.722182273864746
-1 2.727529764175415
-1 2.7316386699676514
-1 2.7359619140625
-1 2.7412185668945312
-1 2.7455551624298096
-1 2.7504477500915527
-1 2.7547428607940674
-1 2.760056734085083
-1 2.76541805267334
-1 2.770298957824707
-1 2.7745563983917236
-1 2.7797691822052
-1 2.7839324474334717
-1 2.7889564037323
-1 2.7929372787475586
-1 2.7980430126190186
-1 2.802163600921631
-1 2.807483196258545
-1 2.8125834465026855
-1 2.8177082538604736
-1 2.8219661712646484
-1 2.827256679534912
-1 2.831399440765381
-1 2.8357369899749756
-1 2.840596914291382
-1 2.8448774814605713
-1 2.8500325679779053
-1 2.854196310043335
-1 2.8594679832458496
-1 2.864546298980713
-1 2.869906425476074
-1 2.87406849861145
-1 2.879460096359253
-1 2.8835883140563965
-1 2.888538122177124
-1 2.8926761150360107
-1 2.8977744579315186
-1 2.9018847942352295
-1 2.907241106033325
-1 2.911386013031006
-1 2.917407989501953
-1 2.9215478897094727
-1 2.9258570671081543
-1 2.9307143688201904
-1 2.935279130935669
-1 2.9403011798858643
-1 2.9445676803588867
-1 2.949795722961426
-1 2.953977346420288
-1 2.9592106342315674
-1 2.9640121459960938
-1 2.969322919845581
-1 2.973341941833496
-1 2.978179931640625
-1 2.982372999191284
-1 2.9875924587249756
-1 2.9917523860931396
-1 2.9964306354522705
-1 3.001338481903076
-1 3.0056509971618652
-1 3.0154871940612793
-1 3.0203564167022705
-1 3.0246002674102783
-1 3.029815912246704
-1 3.0339744091033936
-1 3.039288282394409
-1 3.0432934761047363
-1 3.0481317043304443
-1 3.0569698810577393
-1 3.0615577697753906
-1 3.0676350593566895
-1 3.0718843936920166
-1 3.0772523880004883
-1 3.081531047821045
-1 3.0858380794525146
-1 3.090850830078125
-1 3.0954527854919434
-1 3.10030460357666
-1 3.104550838470459
-1 3.109773874282837
-1 3.1139402389526367
-1 3.1201486587524414
-1 3.124279260635376
-1 3.1296684741973877
-1 3.133875846862793
-1 3.138897180557251
-1 3.142913579940796
-1 3.147968292236328
-1 3.1520626544952393
-1 3.1572933197021484
-1 3.1614511013031006
-1 3.165776491165161
-1 3.1716787815093994
-1 3.175997257232666
-1 3.181241750717163
-1 3.1855907440185547
-1 3.1904819011688232
-1 3.194765567779541
-1 3.1998958587646484
-1 3.2040648460388184
-1 3.2093076705932617
-1 3.213320016860962
-1 3.2195167541503906
-1 3.2237181663513184
-1 3.2287487983703613
-1 3.2327489852905273
-1 3.2378196716308594
-1 3.2421159744262695
-1 3.2474727630615234
-1 3.251621961593628
-1 3.2559196949005127
-1 3.2609424591064453
-1 3.2654805183410645
-1 3.2713866233825684
-1 3.2757198810577393
-1 3.280576705932617
-1 3.2848260402679443
-1 3.289975166320801
-1 3.294138193130493
-1 3.299572467803955
-1 3.3037264347076416
-1 3.308746576309204
-1 3.312751293182373
-1 3.317857027053833
-1 3.3233182430267334
-1 3.3284072875976562
-1 3.332409381866455
-1 3.3376476764678955
-1 3.3417608737945557
-1 3.3464572429656982
-1 3.3509223461151123
-1 3.355461835861206
-1 3.3604776859283447
-1 3.364748477935791
-1 3.369903326034546
-1 3.37526273727417
-1 3.380141496658325
-1 3.384309768676758
-1 3.3897705078125
-1 3.39394474029541
-1 3.3989574909210205
-1 3.4029741287231445
-1 3.4080541133880615
-1 3.4121763706207275
-1 3.4174997806549072
-1 3.4227936267852783
-1 3.427896499633789
-1 3.4319863319396973
-1 3.437297821044922
-1 3.4414143562316895
-1 3.445728063583374
-1 3.4505937099456787
-1 3.459652900695801
-1 3.463848829269409
-1 3.4692556858062744
-1 3.4742283821105957
-1 3.4797377586364746
-1 3.483928680419922
-1 3.48919677734375
-1 3.493203639984131
-1 3.4980742931365967
-1 3.502157688140869
-1 3.5074615478515625
-1 3.5115914344787598
-1 3.5159099102020264
-1 3.5209646224975586
-1 3.527251720428467
-1 3.531385898590088
-1 3.535698652267456
-1 3.540778398513794
-1 3.5453381538391113
-1 3.5502049922943115
-1 3.5544464588165283
-1 3.5596580505371094
-1 3.5638046264648438
-1 3.56882381439209
-1 3.572849988937378
-1 3.5792224407196045
-1 3.583218812942505
-1 3.58807373046875
-1 3.5921921730041504
-1 3.5974864959716797
-1 3.601809501647949
-1 3.6064796447753906
-1 3.610917329788208
-1 3.615464687347412
-1 3.620950937271118
-1 3.627284526824951
-1 3.6314048767089844
-1 3.6357181072235107
-1 3.6405880451202393
-1 3.64483380317688
-1 3.6501502990722656
-1 3.654308795928955
-1 3.659773826599121
-1 3.670109748840332
-1 3.674316167831421
-1 3.6803195476531982
-1 3.684622049331665
-1 3.6898040771484375
-1 3.693986654281616
-1 3.6992218494415283
-1 3.7032361030578613
-1 3.70816969871521
-1 3.7124478816986084
-1 3.7176613807678223
-1 3.721982002258301
-1 3.7280402183532715
-1 3.7321531772613525
-1 3.7374746799468994
-1 3.741602659225464
-1 3.7474687099456787
-1 3.7516355514526367
-1 3.7559571266174316
-1 3.7608070373535156
-1 3.765385627746582
-1 3.7702460289001465
-1 3.774493455886841
-1 3.7804975509643555
-1 3.7847893238067627
-1 3.789991855621338
-1 3.7941722869873047
-1 3.7994067668914795
-1 3.80342435836792
-1 3.8084843158721924
-1 3.812464475631714
-1 3.8177120685577393
-1 3.821845293045044
-1 3.82688570022583
-1 3.8320541381835938
-1 3.8373606204986572
-1 3.841663360595703
-1 3.8459935188293457
-1 3.850836992263794
-1 3.8596854209899902
-1 3.863919973373413
-1 3.8694169521331787
-1 3.8734283447265625
-1 3.879704236984253
-1 3.8839235305786133
-1 3.8893892765045166
-1 3.8934097290039062
-1 3.8988144397735596
-1 3.9028165340423584
-1 3.9079010486602783
-1 3.9121508598327637
-1 3.91744327545166
-1 3.9215919971466064
-1 3.9259297847747803
-1 3.931854486465454
-1 3.936915874481201
-1 3.9412553310394287
-1 3.945604085922241
-1 3.950455665588379
-1 3.954775094985962
-1 3.9601192474365234
-1 3.9644289016723633
-1 3.9696462154388428
-1 3.9738259315490723
-1 3.9788687229156494
-1 3.984102487564087
-1 3.9893479347229004
-1 3.9933981895446777
-1 3.9984793663024902
-1 4.002472162246704
-1 4.007691383361816
-1 4.011789560317993
-1 4.0164783000946045
-1 4.0214009284973145
-1 4.025744199752808
-1 4.030615568161011
-1 4.035987854003906
-1 4.041300535202026
-1 4.0456249713897705
-1 4.050481081008911
-1 4.054712533950806
-1 4.059858083724976
-1 4.064051151275635
-1 4.069293737411499
-1 4.073331356048584
-1 4.078551530838013
-1 4.083854675292969
-1 4.088869333267212
-1 4.092901229858398
-1 4.097988605499268
-1 4.102116584777832
-1 4.107417345046997
-1 4.11155104637146
-1 4.115857124328613
-1 4.120746850967407
-1 4.125309705734253
-1 4.13018536567688
-1 4.135457515716553
-1 4.140472412109375
-1 4.144735813140869
-1 4.149931907653809
-1 4.154094219207764
-1 4.15933632850647
-1 4.163349390029907
-1 4.168537616729736
-1 4.172669887542725
-1 4.177797555923462
-1 4.181988954544067
-1 4.1880083084106445
-1 4.192118406295776
-1 4.19741678237915
-1 4.201681137084961
-1 4.206019401550293
-1 4.210848093032837
-1 4.215411901473999
-1 4.220286130905151
-1 4.224552869796753
-1 4.229772329330444
-1 4.234807014465332
-1 4.239993095397949
-1 4.2441465854644775
-1 4.249369859695435
-1 4.253407001495361
-1 4.261998653411865
-1 4.267277240753174
-1 4.271550178527832
-1 4.275880575180054
-1 4.280963897705078
-1 4.287259578704834
-1 4.291549444198608
-1 4.295856714248657
-1 4.300869464874268
-1 4.305438280105591
-1 4.310319185256958
-1 4.314568758010864
-1 4.319910526275635
-1 4.324056625366211
-1 4.329285621643066
-1 4.333279848098755
-1 4.339413166046143
-1 4.343425989151001
-1 4.348482608795166
-1 4.352468729019165
-1 4.357679843902588
-1 4.361795902252197
-1 4.366498231887817
-1 4.371223449707031
-1 4.375576972961426
-1 4.3805930614471436
-1 4.38516640663147
-1 4.39075779914856
-1 4.395311117172241
-1 4.400192737579346
-1 4.404431581497192
-1 4.409643888473511
-1 4.413801670074463
-1 4.418825387954712
-1 4.422848463058472
-1 4.427902936935425
-1 4.432138681411743
-1 4.437458753585815
-1 4.442681550979614
-1 4.447807312011719
-1 4.451918601989746
-1 4.457184553146362
-1 4.461322069168091
-1 4.465651988983154
-1 4.470536708831787
-1 4.474813222885132
-1 4.479977130889893
-1 4.4841389656066895
-1 4.490063428878784
-1 4.494200944900513
-1 4.4996232986450195
-1 4.503873348236084
-1 4.5088887214660645
-1 4.512895822525024
-1 4.517956256866455
-1 4.522071123123169
-1 4.5273659229278564
-1 4.531511545181274
-1 4.535860061645508
-1 4.541654825210571
-1 4.545972108840942
-1 4.550808906555176
-1 4.555351734161377
-1 4.560444116592407
-1 4.564706087112427
-1 4.569852352142334
-1 4.574020147323608
-1 4.579305410385132
-1 4.583289861679077
-1 4.588122367858887
-1 4.593688488006592
-1 4.5987489223480225
-1 4.602736234664917
-1 4.607801675796509
-1 4.611935138702393
-1 4.617854595184326
-1 4.622153282165527
-1 4.627462863922119
-1 4.63160252571106
-1 4.635932207107544
-1 4.6418540477752686
-1 4.647240877151489
-1 4.651362180709839
-1 4.655667781829834
-1 4.664311170578003
-1 4.669763088226318
-1 4.673936128616333
-1 4.679454565048218
-1 4.683550119400024
-1 4.693397045135498
-1 4.707415342330933
-1 4.711562633514404
-1 4.715911149978638
-1 4.72076416015625
-1 4.725312232971191
-1 4.730201482772827
-1 4.734426736831665
-1 4.7397987842559814
-1 4.7451701164245605
-1 4.750039100646973
-1 4.764402627944946
-1 4.77375054359436
-1 4.785878419876099
-1 4.7988245487213135
-1 4.802839994430542
-1 4.807933330535889
-1 4.812100648880005
-1 4.817452669143677
-1 4.821737766265869
-1 4.8264219760894775
-1 4.8309104442596436
-1 4.835472345352173
-1 4.84032940864563
-1 4.845626354217529
-1 4.85425329208374
-1 4.8596484661102295
-1 4.863811731338501
-1 4.868853330612183
-1 4.8728485107421875
-1 4.8779072761535645
-1 4.881999254226685
-1 4.8872411251068115
-1 4.8913795948028564
-1 4.897534132003784
-1 4.901646614074707
-1 4.905941724777222
-1 4.910783290863037
-1 4.915297031402588
-1 4.920307636260986
-1 4.924597501754761
-1 4.929790019989014
-1 4.93393087387085
-1 4.938955307006836
-1 4.942967653274536
-1 4.949579954147339
-1 4.953737258911133
-1 4.958743572235107
-1 4.9627392292022705
-1 4.967829942703247
-1 4.971923351287842
-1 4.977262496948242
-1 4.981547594070435
-1 4.985845327377319
-1 4.99067497253418
-1 4.995227813720703
-1 5.00083065032959
-1 5.005426406860352
-1 5.010324001312256
-1 5.017190933227539
-1 5.021336078643799
-1 5.025634765625
-1 5.030522108078003
-1 5.034811735153198
-1 5.040170907974243
-1 5.044287204742432
-1 5.050202131271362
-1 5.054437160491943
-1 5.062834024429321
-1 5.067945957183838
-1 5.072173595428467
-1 5.07748556137085
-1 5.0818445682525635
-1 5.086895704269409
-1 5.091412305831909
-1 5.095745086669922
-1 5.1018102169036865
-1 5.106518507003784
-1 5.110976219177246
-1 5.115603446960449
-1 5.120455026626587
-1 5.124710321426392
-1 5.12985897064209
-1 5.1340320110321045
-1 5.139292240142822
-1 5.143289566040039
-1 5.149333953857422
-1 5.153415679931641
-1 5.158716201782227
-1 5.162715911865234
-1 5.167811870574951
-1 5.171909332275391
-1 5.176988124847412
-1 5.181336164474487
-1 5.185673952102661
-1 5.190578460693359
-1 5.194855451583862
-1 5.200653314590454
-1 5.20530891418457
-1 5.210314750671387
-1 5.214594602584839
-1 5.219921112060547
-1 5.22409462928772
-1 5.229332685470581
-1 5.233358144760132
-1 5.238456726074219
-1 5.2424561977386475
-1 5.247690200805664
-1 5.25291633605957
-1 5.257977247238159
-1 5.2620627880096436
-1 5.2673659324646
-1 5.271493434906006
-1 5.2758097648620605
-1 5.280859708786011
-1 5.2854673862457275
-1 5.290339946746826
-1 5.294590473175049
-1 5.299814939498901
-1 5.304863691329956
-1 5.31002402305603
-1 5.3141865730285645
-1 5.319463014602661
-1 5.323609113693237
-1 5.328563690185547
-1 5.3326575756073
-1 5.337777853012085
-1 5.342060565948486
-1 5.3473429679870605
-1 5.35211181640625
-1 5.357468843460083
-1 5.361624717712402
-1 5.365933418273926
-1 5.3707969188690186
-1 5.375368118286133
-1 5.380246877670288
-1 5.384504795074463
-1 5.389685869216919
-1 5.393837213516235
-1 5.399245977401733
-1 5.404169797897339
-1 5.409473180770874
-1 5.413597106933594
-1 5.418605804443359
-1 5.422706604003906
-1 5.4277825355529785
-1 5.431901931762695
-1 5.43698525428772
-1 5.441290378570557
-1 5.445626258850098
-1 5.450481176376343
-1 5.455780506134033
-1 5.464735507965088
-1 5.470171689987183
-1 5.474308967590332
-1 5.479738235473633
-1 5.483932733535767
-1 5.489367485046387
-1 5.493406772613525
-1 5.499226808547974
-1 5.50325608253479
-1 5.509562253952026
-1 5.513730049133301
-1 5.519204139709473
-1 5.523210525512695
-1 5.528108596801758
-1 5.532448768615723
-1 5.5376503467559814
-1 5.541770696640015
-1 5.54645848274231
-1 5.550920724868774
-1 5.557239294052124
-1 5.561370849609375
-1 5.565719366073608
-1 5.570608139038086
-1 5.5748820304870605
-1 5.585654020309448
-1 5.590612411499023
-1 5.594985008239746
-1 5.600222587585449
-1 5.604448556900024
-1 5.61041259765625
-1 5.614680767059326
-1 5.620459318161011
-1 5.62470817565918
-1 5.629892349243164
-1 5.634075164794922
-1 5.6395087242126465
-1 5.643660306930542
-1 5.64859938621521
-1 5.652701377868652
-1 5.658862113952637
-1 5.6629157066345215
-1 5.668016195297241
-1 5.672119140625
-1 5.677407503128052
-1 5.681544065475464
-1 5.685844898223877
-1 5.690747976303101
-1 5.695274353027344
-1 5.700300931930542
-1 5.704574823379517
-1 5.710538864135742
-1 5.714820861816406
-1 5.720045566558838
-1 5.724212169647217
-1 5.729635953903198
-1 5.733789443969727
-1 5.738802194595337
-1 5.742815971374512
-1 5.747914552688599
-1 5.752027750015259
-1 5.757291793823242
-1 5.76238751411438
-1 5.767611980438232
-1 5.771737098693848
-1 5.776451110839844
-1 5.780922889709473
-1 5.785443544387817
-1 5.790317058563232
-1 5.794590950012207
-1 5.799798250198364
-1 5.8039679527282715
-1 5.809895992279053
-1 5.814101696014404
-1 5.819535255432129
-1 5.8236963748931885
-1 5.828742980957031
-1 5.8327391147613525
-1 5.837823390960693
-1 5.841933727264404
-1 5.84722375869751
-1 5.851364374160767
-1 5.855701446533203
-1 5.865577220916748
-1 5.8706138134002686
-1 5.875185251235962
-1 5.880275726318359
-1 5.884566307067871
-1 5.889888286590576
-1 5.8940629959106445
-1 5.899288654327393
-1 5.903302431106567
-1 5.908401966094971
-1 5.913713693618774
-1 5.918630123138428
-1 5.9227135181427
-1 5.927785396575928
-1 5.93188214302063
-1 5.9369800090789795
-1 5.941489219665527
-1 5.945805788040161
-1 5.950670480728149
-1 5.955218076705933
-1 5.96007227897644
-1 5.965320587158203
-1 5.9701879024505615
-1 5.974433898925781
-1 5.979637145996094
-1 5.983791828155518
-1 5.989203214645386
-1 5.993257999420166
-1 5.998100757598877
