0 0.00554656982421875
0 0.02554178237915039
-2 0.03686666488647461
-4 0.046977996826171875
-6 0.05666661262512207
-8 0.06240391731262207
-10 0.06685638427734375
-12 0.07174038887023926
-13 0.07628464698791504
-16 0.08116602897644043
-20 0.0853569507598877
-23 0.09518146514892578
-25 0.10069751739501953
-29 0.10487580299377441
-31 0.1110684871673584
-34 0.11524772644042969
-36 0.12065696716308594
-40 0.12485122680664062
-42 0.12985539436340332
-44 0.13388466835021973
-47 0.13899493217468262
-50 0.14311742782592773
-53 0.1483609676361084
-55 0.15265512466430664
-59 0.15697956085205078
-61 0.16279387474060059
-65 0.16756367683410645
-67 0.17202258110046387
-70 0.17659950256347656
-73 0.1814579963684082
-75 0.18570637702941895
-77 0.19092249870300293
-80 0.1951286792755127
-82 0.20041704177856445
-85 0.20449352264404297
-87 0.21082711219787598
-90 0.21503996849060059
-91 0.22032380104064941
-94 0.22435450553894043
-95 0.22920584678649902
-97 0.23364591598510742
-98 0.23876500129699707
-100 0.24290060997009277
-102 0.24798345565795898
-103 0.25235486030578613
-104 0.256666898727417
-105 0.26249003410339355
-106 0.2668771743774414
-107 0.27190423011779785
-108 0.2765185832977295
-109 0.2814140319824219
-109 0.2856874465942383
-110 0.29088854789733887
-110 0.2950565814971924
-110 0.3002941608428955
-110 0.3043692111968994
-110 0.30945253372192383
-110 0.31467723846435547
-110 0.3196539878845215
-110 0.32379794120788574
-110 0.32891130447387695
-110 0.3331875801086426
-110 0.33852076530456543
-110 0.3426625728607178
-110 0.34746408462524414
-110 0.35202836990356445
-110 0.3566243648529053
-110 0.3627912998199463
-110 0.36753010749816895
-110 0.37199831008911133
-110 0.3765580654144287
-110 0.38141369819641113
-110 0.38571691513061523
-110 0.3910694122314453
-110 0.39523911476135254
-110 0.40053248405456543
-110 0.40468716621398926
-110 0.40965723991394043
-110 0.4150052070617676
-110 0.42003798484802246
-110 0.42404818534851074
-110 0.42912888526916504
-110 0.43322277069091797
-110 0.43851423263549805
-110 0.4426751136779785
-110 0.44699597358703613
-110 0.45201706886291504
-110 0.456559419631958
-110 0.461406946182251
-110 0.4666769504547119
-110 0.4715843200683594
-110 0.4758777618408203
-110 0.48106980323791504
-110 0.4852161407470703
-110 0.4949014186859131
-110 0.5003743171691895
-110 0.5043818950653076
-110 0.5092401504516602
-110 0.5150010585784912
-110 0.5204386711120605
-110 0.5244770050048828
-110 0.5295624732971191
-110 0.5336542129516602
-110 0.5387649536132812
-110 0.5428855419158936
-110 0.5475630760192871
-110 0.5522847175598145
-110 0.5566537380218506
-110 0.561528205871582
-110 0.5668330192565918
-110 0.5718798637390137
-110 0.576446533203125
-110 0.5813472270965576
-110 0.5856244564056396
-110 0.5908510684967041
-110 0.5950076580047607
-110 0.6000404357910156
-110 0.6042780876159668
-110 0.6091749668121338
-110 0.6132478713989258
-110 0.6197783946990967
-110 0.623802661895752
-110 0.6288766860961914
-110 0.6332221031188965
-110 0.6385362148284912
-110 0.6426668167114258
-110 0.6469898223876953
-110 0.6518871784210205
-110 0.6564204692840576
-110 0.6613409519195557
-110 0.6667048931121826
-110 0.6716032028198242
-110 0.6758675575256348
-110 0.6810107231140137
-110 0.6851611137390137
-110 0.6905722618103027
-110 0.6947832107543945
-110 0.6998002529144287
-110 0.7038192749023438
-110 0.7089238166809082
-110 0.713026762008667
-110 0.7191073894500732
-110 0.7232248783111572
-110 0.7285339832305908
-110 0.7326719760894775
-110 0.7369725704193115
-110 0.7418742179870605
-110 0.7464208602905273
-110 0.7515537738800049
-110 0.7558484077453613
-110 0.7610106468200684
-110 0.7651481628417969
-110 0.7712123394012451
-110 0.7753665447235107
-110 0.7807447910308838
-110 0.784966230392456
-110 0.7899885177612305
-110 0.794008731842041
-110 0.7991101741790771
-110 0.80322265625
-110 0.8085403442382812
-110 0.8128490447998047
-110 0.817535400390625
-110 0.8229050636291504
-110 0.8279783725738525
-110 0.8323256969451904
-110 0.8366677761077881
-110 0.8415381908416748
-110 0.8458163738250732
-110 0.8509612083435059
-110 0.8551375865936279
-110 0.8604116439819336
-110 0.8644371032714844
-110 0.8707499504089355
-110 0.8750131130218506
-110 0.8804643154144287
-110 0.8845000267028809
-110 0.8905301094055176
-110 0.8988978862762451
-110 0.9031765460968018
-110 0.9085266590118408
-110 0.9128496646881104
-110 0.917565107345581
-110 0.9231927394866943
-110 0.9284975528717041
-110 0.9328017234802246
-110 0.9375002384185791
-110 0.9420244693756104
-110 0.946622371673584
-110 0.9515163898468018
-110 0.9557669162750244
-110 0.960944652557373
-110 0.9651210308074951
-110 0.9703812599182129
-110 0.9753420352935791
-110 0.9806225299835205
-110 0.9852144718170166
-110 0.9907217025756836
-110 0.9948737621307373
-110 0.9999120235443115
-110 1.003929853439331
-110 1.0090138912200928
-110 1.0132791996002197
-110 1.0186188220977783
-110 1.0237905979156494
-110 1.0288732051849365
-110 1.0329668521881104
-110 1.0382623672485352
-110 1.0424489974975586
-110 1.0467803478240967
-110 1.051821231842041
-110 1.0563602447509766
-110 1.0612046718597412
-110 1.0653653144836426
-110 1.0706803798675537
-110 1.0757653713226318
-110 1.0809271335601807
-110 1.0850896835327148
-110 1.090332269668579
-110 1.0943272113800049
-110 1.0991969108581543
-110 1.1032700538635254
-110 1.1086018085479736
-110 1.1128830909729004
-110 1.117541790008545
-110 1.12200927734375
-110 1.1284270286560059
-110 1.132572889328003
-110 1.1369032859802246
-110 1.1418967247009277
-110 1.1464619636535645
-110 1.1513521671295166
-110 1.1556332111358643
-110 1.160853385925293
-110 1.165050745010376
-110 1.170466423034668
-110 1.1753497123718262
-110 1.180649757385254
-110 1.1847989559173584
-110 1.1898143291473389
-110 1.19382643699646
-110 1.1989574432373047
-110 1.2030398845672607
-110 1.2083349227905273
-110 1.2124741077423096
-110 1.2168021202087402
-110 1.2216541767120361
-110 1.2268946170806885
-110 1.2318999767303467
-110 1.2364997863769531
-110 1.2413852214813232
-110 1.2456245422363281
-110 1.250847578048706
-110 1.255002498626709
-110 1.2600305080413818
-110 1.2640516757965088
-110 1.2691748142242432
-110 1.2735209465026855
-110 1.2799546718597412
-110 1.2840046882629395
-110 1.289076805114746
-110 1.2975659370422363
-110 1.3024318218231201
-110 1.3067636489868164
-110 1.3118414878845215
-110 1.3164148330688477
-110 1.3214759826660156
-110 1.326780080795288
-110 1.3316540718078613
-110 1.3359241485595703
-110 1.3410742282867432
-110 1.3452577590942383
-110 1.35072660446167
-110 1.3548693656921387
-110 1.3598902225494385
-110 1.3639028072357178
-110 1.3689615726470947
-110 1.3730714321136475
-110 1.379093885421753
-110 1.3832082748413086
-110 1.388503074645996
-110 1.3926644325256348
-110 1.3969714641571045
-110 1.402010202407837
-110 1.406564474105835
-110 1.411571979522705
-110 1.4158408641815186
-110 1.4210243225097656
-110 1.425168752670288
-110 1.431180715560913
-110 1.435331106185913
-110 1.440556287765503
-110 1.4446909427642822
-110 1.449632167816162
-110 1.4537293910980225
-110 1.4588518142700195
-110 1.4629430770874023
-110 1.4679896831512451
-110 1.4724922180175781
-110 1.4768242835998535
-110 1.4827587604522705
-110 1.4874532222747803
-110 1.4919188022613525
-110 1.4964866638183594
-110 1.5013604164123535
-110 1.5056219100952148
-110 1.5108795166015625
-110 1.5150351524353027
-110 1.520313024520874
-110 1.5243229866027832
-110 1.530599594116211
-110 1.5347976684570312
-110 1.5398483276367188
-110 1.543874979019165
-110 1.5489592552185059
-110 1.5530378818511963
-110 1.5583152770996094
-110 1.5624451637268066
-110 1.5667974948883057
-110 1.5716493129730225
-110 1.5759003162384033
-110 1.5817034244537354
-110 1.5862889289855957
-110 1.5913126468658447
-110 1.5956156253814697
-110 1.6008481979370117
-110 1.605017900466919
-110 1.6102590560913086
-110 1.614309310913086
-110 1.6191577911376953
-110 1.6232719421386719
-110 1.6285650730133057
-110 1.633697509765625
-110 1.6388332843780518
-110 1.6429378986358643
-110 1.6480252742767334
-110 1.652543306350708
-110 1.6568717956542969
-110 1.6618854999542236
-110 1.6664659976959229
-110 1.671314001083374
-110 1.6755661964416504
-110 1.680776596069336
-110 1.6919288635253906
-110 1.7010674476623535
-110 1.7052478790283203
-110 1.7107431888580322
-110 1.7149226665496826
-110 1.7203707695007324
-110 1.724379062652588
-110 1.7294409275054932
-110 1.7346646785736084
-110 1.7396817207336426
-110 1.7437984943389893
-110 1.7488749027252197
-110 1.7529819011688232
-110 1.758307695388794
-110 1.7624421119689941
-110 1.766751766204834
-110 1.7717998027801514
-110 1.7763800621032715
-110 1.7812402248382568
-110 1.7866005897521973
-110 1.7916407585144043
-110 1.795884609222412
-110 1.8010337352752686
-110 1.805180311203003
-110 1.810431718826294
-110 1.8144862651824951
-110 1.8196241855621338
-110 1.823747158050537
-110 1.8288500308990479
-110 1.8331000804901123
-110 1.8392198085784912
-110 1.8433890342712402
-110 1.8486104011535645
-110 1.852710485458374
-110 1.8570187091827393
-110 1.861889362335205
-110 1.8664424419403076
-110 1.871354103088379
-110 1.8756129741668701
-110 1.8808112144470215
-110 1.8858239650726318
-110 1.8918070793151855
-110 1.8963887691497803
-110 1.9012556076049805
-110 1.905493974685669
-110 1.9107069969177246
-110 1.9148445129394531
-110 1.9200518131256104
-110 1.9243309497833252
-110 1.9291832447052002
-110 1.93324613571167
-110 1.9395606517791748
-110 1.9435408115386963
-110 1.9487953186035156
-110 1.9530587196350098
-110 1.9583454132080078
-110 1.9624662399291992
-110 1.9667727947235107
-110 1.9716229438781738
-110 1.9759130477905273
-110 1.9810748100280762
-110 1.9852447509765625
-110 1.9912357330322266
-110 1.9953765869140625
-110 2.0006937980651855
-110 2.004887342453003
-110 2.010293960571289
-110 2.0143141746520996
-110 2.019184112548828
-110 2.023275136947632
-110 2.0285699367523193
-110 2.0326876640319824
-110 2.037003517150879
-110 2.0428268909454346
-110 2.047524929046631
-110 2.052402973175049
-110 2.0567197799682617
-110 2.0616161823272705
-110 2.0658881664276123
-110 2.0712008476257324
-110 2.0753562450408936
-110 2.080624580383301
-110 2.0847830772399902
-110 2.090841054916382
-110 2.0991954803466797
-110 2.103606939315796
-110 2.1087613105773926
-110 2.1130268573760986
-110 2.1183135509490967
-110 2.1226260662078857
-110 2.12691330909729
-110 2.1319382190704346
-110 2.1365222930908203
-110 2.142394542694092
-110 2.1467134952545166
-110 2.151576519012451
-110 2.1558356285095215
-110 2.1609702110290527
-110 2.16513991355896
-110 2.170366048812866
-110 2.1743650436401367
-110 2.1792147159576416
-110 2.183666229248047
-110 2.1887927055358887
-110 2.1939804553985596
-110 2.1990764141082764
-110 2.2031733989715576
-110 2.20851469039917
-110 2.212646245956421
-110 2.216947078704834
-110 2.2217977046966553
-110 2.2263646125793457
-110 2.2312347888946533
-110 2.235370635986328
-110 2.24067759513855
-110 2.245713710784912
-110 2.251047372817993
-110 2.255192279815674
-110 2.2604777812957764
-110 2.26448917388916
-110 2.2695555686950684
-110 2.2735278606414795
-110 2.2787797451019287
-110 2.282885789871216
-110 2.2875494956970215
-110 2.29304838180542
-110 2.2983312606811523
-110 2.3024802207946777
-110 2.306820869445801
-110 2.3119232654571533
-110 2.3165442943573
-110 2.3219172954559326
-110 2.3265514373779297
-110 2.3314192295074463
-110 2.33569598197937
-110 2.340890884399414
-110 2.345874309539795
-110 2.3510003089904785
-110 2.3551716804504395
-110 2.360487937927246
-110 2.3645079135894775
-110 2.369812488555908
-110 2.3738269805908203
-110 2.3789234161376953
-110 2.382996082305908
-110 2.3883020877838135
-110 2.392436981201172
-110 2.398550271987915
-110 2.402679920196533
-110 2.4070146083831787
-110 2.4118728637695312
-110 2.416449785232544
-110 2.421322822570801
-110 2.4255781173706055
-110 2.430896043777466
-110 2.435084342956543
-110 2.440521717071533
-110 2.4455044269561768
-110 2.4507293701171875
-110 2.454896926879883
-110 2.459930658340454
-110 2.4639084339141846
-110 2.468994379043579
-110 2.4730961322784424
-110 2.4783568382263184
-110 2.4824960231781006
-110 2.4868218898773193
-110 2.491872549057007
-110 2.5016138553619385
-110 2.5058841705322266
-110 2.5111892223358154
-110 2.515500783920288
-110 2.5208747386932373
-110 2.525080442428589
-110 2.5305328369140625
-110 2.534698247909546
-110 2.5396580696105957
-110 2.5437674522399902
-110 2.550352096557617
-110 2.5543606281280518
-110 2.559170961380005
-110 2.5632517337799072
-110 2.5685462951660156
-110 2.5728249549865723
-110 2.57751727104187
-110 2.581977128982544
-110 2.586501359939575
-110 2.5913586616516113
-110 2.5956215858459473
-110 2.6015591621398926
-110 2.605867862701416
-110 2.611168384552002
-110 2.615321159362793
-110 2.620560884475708
-110 2.624703884124756
-110 2.6296775341033936
-110 2.6337952613830566
-110 2.6389105319976807
-110 2.6430232524871826
-110 2.6490700244903564
-110 2.6532070636749268
-110 2.6584885120391846
-110 2.662663459777832
-110 2.6669764518737793
-110 2.6719915866851807
-110 2.676530122756958
-110 2.6813769340515137
-110 2.6856396198272705
-110 2.6908910274505615
-110 2.695049285888672
-110 2.7011330127716064
-110 2.7053205966949463
-110 2.710606813430786
-110 2.7147774696350098
-110 2.719839096069336
-110 2.723853826522827
-110 2.7289419174194336
-110 2.733186721801758
-110 2.7384555339813232
-110 2.742593765258789
-110 2.746924877166748
-110 2.7528464794158936
-110 2.7575249671936035
-110 2.7619948387145996
-110 2.7665441036224365
-110 2.7714171409606934
-110 2.7756834030151367
-110 2.780877113342285
-110 2.7850427627563477
-110 2.790459156036377
-110 2.7944672107696533
-110 2.799591064453125
-110 2.8048129081726074
-110 2.8098435401916504
-110 2.8138766288757324
-110 2.8189504146575928
-110 2.8230319023132324
-110 2.8283369541168213
-110 2.8326287269592285
-110 2.8369061946868896
-110 2.8417563438415527
-110 2.846323251724243
-110 2.852405309677124
-110 2.856760025024414
-110 2.861631155014038
-110 2.8658530712127686
-110 2.8709661960601807
-110 2.8751060962677
-110 2.8803279399871826
-110 2.8843624591827393
-110 2.890406370162964
-110 2.8944897651672363
-110 2.903852939605713
-110 2.908947467803955
-110 2.913245916366577
-110 2.918539524078369
-110 2.9228339195251465
-110 2.9275221824645996
-110 2.932380199432373
-110 2.936732053756714
-110 2.94157338142395
-110 2.945845603942871
-110 2.9509904384613037
-110 2.956383466720581
-110 2.961413621902466
-110 2.9656593799591064
-110 2.9709885120391846
-110 2.9751625061035156
-110 2.9804024696350098
-110 2.984416961669922
-110 2.9895179271698
-110 2.9934988021850586
-110 2.9987285137176514
-110 3.003833770751953
-110 3.008948802947998
-110 3.013035774230957
-110 3.018333911895752
-110 3.0224568843841553
-110 3.026761293411255
-110 3.031813144683838
-110 3.0363569259643555
-110 3.041224718093872
-110 3.0453836917877197
-110 3.0506930351257324
-110 3.0556938648223877
-110 3.0608859062194824
-110 3.0650267601013184
-110 3.070274591445923
-110 3.074324131011963
-110 3.0791783332824707
-110 3.0832598209381104
-110 3.0885677337646484
-110 3.092865228652954
-110 3.097536563873291
-110 3.1020190715789795
-110 3.1083102226257324
-110 3.1124467849731445
-110 3.116769790649414
-110 3.121615171432495
-110 3.125863790512085
-110 3.1310219764709473
-110 3.1351711750030518
-110 3.140471935272217
-110 3.144476890563965
-110 3.149785280227661
-110 3.153801441192627
-110 3.159991979598999
-110 3.1640000343322754
-110 3.1690573692321777
-110 3.1731691360473633
-110 3.1785531044006348
-110 3.1826605796813965
-110 3.186995029449463
-110 3.1918435096740723
-110 3.1963748931884766
-110 3.2012672424316406
-110 3.2054929733276367
-110 3.2115914821624756
-110 3.2158660888671875
-110 3.22119140625
-110 3.22550368309021
-110 3.2306954860687256
-110 3.2348544597625732
-110 3.239887237548828
-110 3.2438900470733643
-110 3.248979091644287
-110 3.2530782222747803
-110 3.259126901626587
-110 3.263218879699707
-110 3.2685556411743164
-110 3.272834300994873
-110 3.277513027191162
-110 3.2819745540618896
-110 3.2865097522735596
-110 3.291368246078491
-110 3.2956349849700928
-110 3.3044896125793457
-110 3.310778856277466
-110 3.3149666786193848
-110 3.320408344268799
-110 3.3244264125823975
-110 3.329857349395752
-110 3.3338568210601807
-110 3.3389599323272705
-110 3.3430356979370117
-110 3.348353385925293
-110 3.3526628017425537
-110 3.356980085372925
-110 3.3689582347869873
-110 3.373098611831665
-110 3.378427505493164
-110 3.382598638534546
-110 3.386908769607544
-110 3.3919448852539062
-110 3.396512031555176
-110 3.4014415740966797
-110 3.405698299407959
-110 3.4116528034210205
-110 3.4159557819366455
-110 3.4211044311523438
-110 3.4252657890319824
-110 3.430575132369995
-110 3.4347338676452637
-110 3.439668655395508
-110 3.4437673091888428
-110 3.448892593383789
-110 3.453190565109253
-110 3.458540201187134
-110 3.463693380355835
-110 3.4688215255737305
-110 3.4729349613189697
-110 3.4779770374298096
-110 3.4825282096862793
-110 3.4868788719177246
-110 3.4917776584625244
-110 3.4963290691375732
-110 3.5012009143829346
-110 3.5054965019226074
-110 3.5108814239501953
-110 3.516244649887085
-110 3.5211048126220703
-110 3.5252797603607178
-110 3.5305445194244385
-110 3.5347044467926025
-110 3.539700508117676
-110 3.5437824726104736
-110 3.548863410949707
-110 3.553025245666504
-110 3.5583033561706543
-110 3.563230276107788
-110 3.568603277206421
-110 3.572873830795288
-110 3.577571153640747
-110 3.582045555114746
-110 3.5866098403930664
-110 3.591541290283203
-110 3.595863103866577
-110 3.6010279655456543
-110 3.6051928997039795
-110 3.610625743865967
-110 3.6156787872314453
-110 3.6208837032318115
-110 3.625084638595581
-110 3.6305038928985596
-110 3.6344997882843018
-110 3.6395456790924072
-110 3.6435163021087646
-110 3.648772954940796
-110 3.652902603149414
-110 3.6575911045074463
-110 3.6620357036590576
-110 3.6683082580566406
-110 3.6724705696105957
-110 3.6767866611480713
-110 3.6816723346710205
-110 3.685932159423828
-110 3.6912333965301514
-110 3.695385217666626
-110 3.704322099685669
-110 3.7091903686523438
-110 3.713538646697998
-110 3.7199385166168213
-110 3.723954916000366
-110 3.7290120124816895
-110 3.733255386352539
-110 3.7385354042053223
-110 3.7428500652313232
-110 3.7475016117095947
-110 3.752436399459839
-110 3.7567451000213623
-110 3.76164174079895
-110 3.766960620880127
-110 3.7718234062194824
-110 3.7763805389404297
-110 3.7812392711639404
-110 3.7853827476501465
-110 3.790699005126953
-110 3.7948877811431885
-110 3.799982786178589
-110 3.804006814956665
-110 3.809088706970215
-110 3.81341814994812
-110 3.819674015045166
-110 3.8237850666046143
-110 3.828866481781006
-110 3.83302640914917
-110 3.8383095264434814
-110 3.8424558639526367
-110 3.84678316116333
-110 3.8516440391540527
-110 3.8558743000030518
-110 3.861021041870117
-110 3.865168809890747
-110 3.8713510036468506
-110 3.875596523284912
-110 3.880802631378174
-110 3.8849852085113525
-110 3.8909215927124023
-110 3.895134687423706
-110 3.90043306350708
-110 3.904482364654541
-110 3.9095635414123535
-110 3.913543224334717
-110 3.9196159839630127
-110 3.9237658977508545
-110 3.9288501739501953
-110 3.933093309402466
-110 3.9383482933044434
-110 3.942470073699951
-110 3.946769952774048
-110 3.951646327972412
-110 3.955909252166748
-110 3.9610257148742676
-110 3.9651601314544678
-110 3.971179485321045
-110 3.9753637313842773
-110 3.9806947708129883
-110 3.9848780632019043
-110 3.99025559425354
-110 3.9940505027770996
-110 3.999143600463867
-110 4.003510236740112
-110 4.008738279342651
-110 4.0128467082977295
-110 4.0175323486328125
-110 4.022991180419922
-110 4.028250455856323
-110 4.032374143600464
-110 4.036703586578369
-110 4.041568279266357
-110 4.045834064483643
-110 4.051219940185547
-110 4.05536675453186
-110 4.060633420944214
-110 4.064784526824951
-110 4.069786548614502
-110 4.074858665466309
-110 4.079909801483154
-110 4.083908319473267
-110 4.089003562927246
-110 4.0931220054626465
-110 4.098417520523071
-110 4.106443405151367
-110 4.111553430557251
-110 4.1158387660980225
-110 4.12196683883667
-110 4.12653923034668
-110 4.131624937057495
-110 4.135878324508667
-110 4.141035556793213
-110 4.145196914672852
-110 4.150460243225098
-110 4.154486656188965
-110 4.159548282623291
-110 4.163541316986084
-110 4.168752908706665
-110 4.174020051956177
-110 4.179128170013428
-110 4.183212518692017
-110 4.188483476638794
-110 4.19259238243103
-110 4.196903467178345
-110 4.201850652694702
-110 4.2063822746276855
-110 4.211228370666504
-110 4.2153332233428955
-110 4.220566987991333
-110 4.225529670715332
-110 4.2308571338653564
-110 4.235020399093628
-110 4.240283250808716
-110 4.244309663772583
-110 4.249167203903198
-110 4.253248453140259
-110 4.258580446243286
-110 4.262863874435425
-110 4.267522573471069
-110 4.271994590759277
-110 4.2783122062683105
-110 4.286575078964233
-110 4.291599273681641
-110 4.295859098434448
-110 4.30101466178894
-110 4.305175065994263
-110 4.310513257980347
-110 4.314600467681885
-110 4.319577932357788
-110 4.323670148849487
-110 4.329698801040649
-110 4.3338141441345215
-110 4.338933944702148
-110 4.343021869659424
-110 4.348052024841309
-110 4.352547883987427
-110 4.35687255859375
-110 4.361734628677368
-110 4.366265535354614
-110 4.371124982833862
-110 4.37647008895874
-110 4.381358861923218
-110 4.385608434677124
-110 4.3909547328948975
-110 4.39512825012207
-110 4.400350570678711
-110 4.404359579086304
-110 4.409195184707642
-110 4.413522958755493
-110 4.41876482963562
-110 4.422875881195068
-110 4.42897367477417
-110 4.433072805404663
-110 4.438352584838867
-110 4.4425389766693115
-110 4.446883201599121
-110 4.451736211776733
-110 4.456308841705322
-110 4.4611780643463135
-110 4.465332508087158
-110 4.47074556350708
-110 4.474917411804199
-110 4.480930328369141
-110 4.48509669303894
-110 4.49034571647644
-110 4.4943602085113525
-110 4.499218225479126
-110 4.507986783981323
-110 4.512463808059692
-110 4.516781806945801
-110 4.521902322769165
-110 4.526481866836548
-110 4.532495737075806
-110 4.536794662475586
-110 4.541660785675049
-110 4.545945882797241
-110 4.551069498062134
-110 4.55525541305542
-110 4.560478448867798
-110 4.564487934112549
-110 4.569546222686768
-110 4.573518991470337
-110 4.579698085784912
-110 4.583826303482056
-110 4.588931322097778
-110 4.593195915222168
-110 4.598467588424683
-110 4.602584362030029
-110 4.606901407241821
-110 4.611723899841309
-110 4.6162638664245605
-110 4.621104001998901
-110 4.625263929367065
-110 4.631169319152832
-110 4.635319232940674
-110 4.6405603885650635
-110 4.644692897796631
-110 4.649924278259277
-110 4.65390944480896
-110 4.658963203430176
-110 4.663046598434448
-110 4.668332576751709
-110 4.672455787658691
-110 4.6767613887786865
-110 4.682582139968872
-110 4.68692946434021
-110 4.691797971725464
-110 4.69632887840271
-110 4.7011802196502686
-110 4.705327987670898
-110 4.710742235183716
-110 4.714897632598877
-110 4.7199671268463135
-110 4.723996162414551
-110 4.729063510894775
-110 4.734489679336548
-110 4.739535808563232
-110 4.743508577346802
-110 4.748742580413818
-110 4.75286602973938
-110 4.757533311843872
-110 4.761991262435913
-110 4.766535520553589
-110 4.771526098251343
-110 4.775808095932007
-110 4.781121730804443
-110 4.786500930786133
-110 4.791393518447876
-110 4.795642375946045
-110 4.800872564315796
-110 4.805016994476318
-110 4.810050010681152
-110 4.814049005508423
-110 4.819137811660767
-110 4.823921203613281
-110 4.829190969467163
-110 4.834664821624756
-110 4.839633464813232
-110 4.843744277954102
-110 4.848839998245239
-110 4.852985858917236
-110 4.858302116394043
-110 4.862422704696655
-110 4.866743326187134
-110 4.871612548828125
-110 4.875869989395142
-110 4.881012916564941
-110 4.8863844871521
-110 4.8920509815216064
-110 4.896611452102661
-110 4.901528835296631
-110 4.910655736923218
-110 4.914798259735107
-110 4.919977903366089
-110 4.92399525642395
-110 4.929049730300903
-110 4.933264493942261
-110 4.939534425735474
-110 4.943523645401001
-110 4.94873833656311
-110 4.952996253967285
-110 4.958256483078003
-110 4.962399959564209
-110 4.9667463302612305
-110 4.971638441085815
-110 4.975891351699829
-110 4.9810216426849365
-110 4.986331224441528
-110 4.991212606430054
-110 4.99535608291626
-110 5.000626802444458
-110 5.004780292510986
-110 5.009964466094971
-110 5.013978958129883
-110 5.019043922424316
-110 5.023151397705078
-110 5.028440713882446
-110 5.032577037811279
-110 5.038686037063599
-110 5.042943239212036
-110 5.048043727874756
-110 5.052369832992554
-110 5.056674957275391
-110 5.061535120010376
-110 5.080551862716675
-110 5.084731340408325
-110 5.090691566467285
-110 5.094834566116333
-110 5.099856853485107
-110 5.103891134262085
-110 5.108966112136841
-110 5.113050699234009
-110 5.118311166763306
-110 5.122496604919434
-110 5.126818418502808
-110 5.131835460662842
-110 5.136355638504028
-110 5.141995668411255
-110 5.146532297134399
-110 5.151390075683594
-110 5.155676603317261
-110 5.161316156387329
-110 5.165565490722656
-110 5.1709043979644775
-110 5.175075531005859
-110 5.18030047416687
-110 5.184319257736206
-110 5.190558910369873
-110 5.194759130477905
-110 5.199682235717773
-110 5.203819274902344
-110 5.20894718170166
-110 5.213041543960571
-110 5.2183144092559814
-110 5.222438097000122
-110 5.226736545562744
-110 5.231605052947998
-110 5.235881805419922
-110 5.241861581802368
-110 5.246420860290527
-110 5.2514379024505615
-110 5.255686521530151
-110 5.2608747482299805
-110 5.265066623687744
-110 5.270298719406128
-110 5.274305820465088
-110 5.279163122177124
-110 5.2839953899383545
-110 5.2890636920928955
-110 5.2944042682647705
-110 5.299614429473877
-110 5.308365106582642
-110 5.312793970108032
-110 5.317535638809204
-110 5.322429418563843
-110 5.326754093170166
-110 5.331777095794678
-110 5.336329936981201
-110 5.342008113861084
-110 5.34663987159729
-110 5.351528882980347
-110 5.355787992477417
-110 5.360944509506226
-110 5.365147590637207
-110 5.370586633682251
-110 5.374760627746582
-110 5.379669189453125
-110 5.383774042129517
-110 5.388864278793335
-110 5.3940300941467285
-110 5.39914608001709
-110 5.403248071670532
-110 5.408587217330933
-110 5.412709951400757
-110 5.417008876800537
-110 5.421872854232788
-110 5.4264538288116455
-110 5.4315478801727295
-110 5.43584132194519
-110 5.440981149673462
-110 5.446354866027832
-110 5.451202630996704
-110 5.4555182456970215
-110 5.460728883743286
-110 5.464903831481934
-110 5.4699437618255615
-110 5.473913908004761
-110 5.478966236114502
-110 5.4831342697143555
-110 5.488436222076416
-110 5.493685722351074
-110 5.498848915100098
-110 5.502963542938232
-110 5.50836443901062
-110 5.512526273727417
-110 5.516839504241943
-110 5.52172327041626
-110 5.526266574859619
-110 5.531135559082031
-110 5.535279273986816
-110 5.540570497512817
-110 5.545524597167969
-110 5.550889015197754
-110 5.5550525188446045
-110 5.56050705909729
-110 5.564617156982422
-110 5.56963849067688
-110 5.573692560195923
-110 5.5788164138793945
-110 5.582923412322998
-110 5.587978363037109
-110 5.592357873916626
-110 5.5984275341033936
-110 5.602562189102173
-110 5.606890678405762
-110 5.6118927001953125
-110 5.61641788482666
-110 5.621349573135376
-110 5.62560510635376
-110 5.630814552307129
-110 5.634991884231567
-110 5.640018463134766
-110 5.644026279449463
-110 5.650479793548584
-110 5.654492139816284
-110 5.659538745880127
-110 5.663517951965332
-110 5.668728590011597
-110 5.672972679138184
-110 5.678313493728638
-110 5.682437419891357
-110 5.686784505844116
-110 5.691820859909058
-110 5.697528839111328
-110 5.7019877433776855
-110 5.711059331893921
-110 5.715193033218384
-110 5.720616102218628
-110 5.724780321121216
-110 5.730284690856934
-110 5.734302520751953
-110 5.739233732223511
-110 5.743419647216797
-110 5.749585866928101
-110 5.753685235977173
-110 5.762836456298828
-110 5.767549991607666
-110 5.772429466247559
-110 5.7767369747161865
-110 5.7818074226379395
-110 5.786376237869263
-110 5.791504383087158
-110 5.795765399932861
-110 5.801581859588623
-110 5.80584192276001
-110 5.8109824657440186
-110 5.8151586055755615
-110 5.8205790519714355
-110 5.824771165847778
-110 5.829801082611084
-110 5.833812952041626
-110 5.8388917446136475
-110 5.843003749847412
-110 5.84829568862915
-110 5.8533995151519775
-110 5.858620882034302
-110 5.8627190589904785
-110 5.867000102996826
-110 5.87187385559082
-110 5.876424551010132
-110 5.881267070770264
-110 5.885487079620361
-110 5.891300201416016
-110 5.8955254554748535
-110 5.901387453079224
-110 5.905681848526001
-110 5.9110167026519775
-110 5.915180921554565
-110 5.920480251312256
-110 5.924520015716553
-110 5.929581165313721
-110 5.933647871017456
-110 5.938767671585083
-110 5.942886114120483
-110 5.947567701339722
-110 5.953156232833862
-110 5.958467721939087
-110 5.9626100063323975
-110 5.96692967414856
-110 5.972018480300903
-110 5.976609945297241
-110 5.9815146923065186
-110 5.985797882080078
-110 5.990957021713257
-110 5.995112895965576
