0 0.006973981857299805
0 0.01563405990600586
0 0.026932716369628906
-1 0.03718972206115723
-1 0.05091047286987305
-1 0.059711456298828125
-2 0.06969952583312988
-2 0.07740330696105957
-3 0.08249592781066895
-3 0.0870368480682373
-3 0.09138894081115723
-3 0.09626960754394531
-4 0.10085010528564453
-4 0.10573673248291016
-4 0.10990405082702637
-4 0.11538004875183105
-5 0.11956548690795898
-5 0.12484526634216309
-5 0.1298670768737793
-5 0.1351933479309082
-5 0.13936114311218262
-6 0.14457249641418457
-6 0.1488039493560791
-6 0.15369868278503418
-6 0.15778088569641113
-6 0.16310334205627441
-6 0.16743135452270508
-7 0.17252421379089355
-7 0.17771220207214355
-7 0.18305325508117676
-7 0.1872251033782959
-7 0.19158458709716797
-7 0.19643783569335938
-7 0.20107221603393555
-7 0.2061007022857666
-7 0.21037888526916504
-7 0.215562105178833
-7 0.21975493431091309
-7 0.2250072956085205
-7 0.23003268241882324
-7 0.23523736000061035
-7 0.23941993713378906
-7 0.2444744110107422
-7 0.24912643432617188
-7 0.25481605529785156
-7 0.25885653495788574
-7 0.26372599601745605
-7 0.2682373523712158
-7 0.2733902931213379
-7 0.2784769535064697
-7 0.28365468978881836
-7 0.2877678871154785
-7 0.2931249141693115
-7 0.2974057197570801
-7 0.3024775981903076
-7 0.3068218231201172
-7 0.3111729621887207
-7 0.3160414695739746
-7 0.32033610343933105
-7 0.325714111328125
-7 0.3310723304748535
-7 0.335935115814209
-7 0.34018921852111816
-7 0.34541821479797363
-7 0.3496062755584717
-7 0.354888916015625
-7 0.3589015007019043
-7 0.3637356758117676
-7 0.36791181564331055
-7 0.3731515407562256
-7 0.3772716522216797
-7 0.38339948654174805
-7 0.3877124786376953
-7 0.39304351806640625
-7 0.39717936515808105
-7 0.4014768600463867
-7 0.40634584426879883
-7 0.41092967987060547
-7 0.41583847999572754
-7 0.4201014041900635
-7 0.4254293441772461
-7 0.4296143054962158
-7 0.43565869331359863
-7 0.4398930072784424
-7 0.4489147663116455
-7 0.4541170597076416
-7 0.45821475982666016
-7 0.46337246894836426
-7 0.4676513671875
-7 0.47297167778015137
-7 0.47727155685424805
-7 0.4833688735961914
-7 0.4874844551086426
-7 0.49281883239746094
-7 0.49695634841918945
-7 0.5013110637664795
-7 0.5063860416412354
-7 0.5109121799468994
-7 0.5157837867736816
-7 0.5200300216674805
-7 0.5252299308776855
-7 0.5293929576873779
-7 0.5354392528533936
-7 0.5396251678466797
-7 0.5449223518371582
-7 0.5489377975463867
-7 0.5541350841522217
-7 0.5583209991455078
-7 0.5634527206420898
-7 0.5677351951599121
-7 0.5730850696563721
-7 0.5772168636322021
-7 0.581531286239624
-7 0.5872819423675537
-7 0.5919747352600098
-7 0.5964524745941162
-7 0.6010801792144775
-7 0.6059350967407227
-7 0.6101992130279541
-7 0.6153838634490967
-7 0.6195461750030518
-7 0.6249582767486572
-7 0.6290102005004883
-7 0.6352460384368896
-7 0.6394476890563965
-7 0.6453287601470947
-7 0.6495170593261719
-7 0.6547908782958984
-7 0.6588096618652344
-7 0.6636950969696045
-7 0.6677877902984619
-7 0.6730718612670898
-7 0.6772372722625732
-7 0.6815640926361084
-7 0.6875779628753662
-7 0.6928699016571045
-7 0.6969947814941406
-7 0.7012994289398193
-7 0.7061634063720703
-7 0.7104694843292236
-7 0.7155966758728027
-7 0.7197673320770264
-7 0.7250089645385742
-7 0.7291305065155029
-7 0.734095573425293
-7 0.7394139766693115
-7 0.7448177337646484
-7 0.748833179473877
-7 0.7536952495574951
-7 0.757932186126709
-7 0.763141393661499
-7 0.767289400100708
-7 0.7719824314117432
-7 0.7764394283294678
-7 0.7810144424438477
-7 0.7869272232055664
-7 0.7912704944610596
-7 0.7961761951446533
-7 0.8004262447357178
-7 0.8057169914245605
-7 0.8098697662353516
-7 0.8153059482574463
-7 0.8194899559020996
-7 0.8245563507080078
-7 0.8285741806030273
-7 0.8336801528930664
-7 0.8390390872955322
-7 0.8441190719604492
-7 0.8530027866363525
-7 0.8572936058044434
-7 0.861987829208374
-7 0.8669643402099609
-7 0.871312141418457
-7 0.8763573169708252
-7 0.8809678554534912
-7 0.8858544826507568
-7 0.8912615776062012
-7 0.8961455821990967
-7 0.900399923324585
-7 0.905573844909668
-7 0.9097216129302979
-7 0.9150023460388184
-7 0.9190113544464111
-7 0.9243166446685791
-7 0.9283401966094971
-7 0.9334688186645508
-7 0.9375555515289307
-7 0.9436004161834717
-7 0.9479374885559082
-7 0.9531540870666504
-7 0.9572751522064209
-7 0.9616000652313232
-7 0.9664332866668701
-7 0.9710290431976318
-7 0.9758923053741455
-7 0.9801807403564453
-7 0.9855306148529053
-7 0.990436315536499
-7 0.9956338405609131
-7 0.9997818470001221
-7 1.0050833225250244
-7 1.0092439651489258
-7 1.0143251419067383
-7 1.0183055400848389
-7 1.0234038829803467
-7 1.027524709701538
-7 1.032820701599121
-7 1.0369603633880615
-7 1.043086290359497
-7 1.0473697185516357
-7 1.0520684719085693
-7 1.0565159320831299
-7 1.061112403869629
-7 1.0660200119018555
-7 1.0703074932098389
-7 1.075669288635254
-7 1.0798096656799316
-7 1.0850615501403809
-7 1.0891854763031006
-7 1.0953023433685303
-7 1.0994727611541748
-7 1.1048650741577148
-7 1.108882188796997
-7 1.1137311458587646
-7 1.1184055805206299
-7 1.1235167980194092
-7 1.1276168823242188
-7 1.1328859329223633
-7 1.1370272636413574
-7 1.1430714130401611
-7 1.1472091674804688
-7 1.1515262126922607
-7 1.1563773155212402
-7 1.1609210968017578
-7 1.1659634113311768
-7 1.1702196598052979
-7 1.1754028797149658
-7 1.1795995235443115
-7 1.1848280429840088
-7 1.1888539791107178
-7 1.19492506980896
-7 1.1990115642547607
-7 1.2043592929840088
-7 1.208376407623291
-7 1.21345853805542
-7 1.217538833618164
-7 1.2228336334228516
-7 1.22713041305542
-7 1.23142671585083
-7 1.236304521560669
-7 1.240830659866333
-7 1.2464981079101562
-7 1.2555406093597412
-7 1.2597322463989258
-7 1.265122890472412
-7 1.2692947387695312
-7 1.2744901180267334
-7 1.2784664630889893
-7 1.283538818359375
-7 1.287902593612671
-7 1.2931082248687744
-7 1.2980434894561768
-7 1.303260326385498
-7 1.3073673248291016
-7 1.312086582183838
-7 1.3165736198425293
-7 1.3211309909820557
-7 1.326007604598999
-7 1.3302533626556396
-7 1.3355729579925537
-7 1.3397388458251953
-7 1.3458285331726074
-7 1.3501052856445312
-7 1.355264663696289
-7 1.3594396114349365
-7 1.3644721508026123
-7 1.3684821128845215
-7 1.3735723495483398
-7 1.3776850700378418
-7 1.3830010890960693
-7 1.387129783630371
-7 1.391427755355835
-7 1.3973605632781982
-7 1.4020600318908691
-7 1.406942367553711
-7 1.4112317562103271
-7 1.4160974025726318
-7 1.4203596115112305
-7 1.425530195236206
-7 1.429673671722412
-7 1.4348952770233154
-7 1.4388830661773682
-7 1.443706750869751
-7 1.4491279125213623
-7 1.4541125297546387
-7 1.4582099914550781
-7 1.4633204936981201
-7 1.4675884246826172
-7 1.4728474617004395
-7 1.4769752025604248
-7 1.481323003768921
-7 1.4861812591552734
-7 1.4904365539550781
-7 1.4955623149871826
-7 1.5007996559143066
-7 1.505669116973877
-7 1.5098309516906738
-7 1.515089511871338
-7 1.519261121749878
-7 1.524432897567749
-7 1.5284836292266846
-7 1.5335843563079834
-7 1.5377237796783447
-7 1.5430116653442383
-7 1.5471556186676025
-7 1.5532705783843994
-7 1.5574061870574951
-7 1.5620837211608887
-7 1.5668044090270996
-7 1.5711500644683838
-7 1.5760297775268555
-7 1.5802881717681885
-7 1.5855770111083984
-7 1.5897250175476074
-7 1.5951764583587646
-7 1.6001765727996826
-7 1.605391263961792
-7 1.6095333099365234
-7 1.6147935390472412
-7 1.618866205215454
-7 1.6237070560455322
-7 1.6277689933776855
-7 1.6330599784851074
-7 1.637174367904663
-7 1.6414945125579834
-7 1.6474199295043945
-7 1.657097578048706
-7 1.6614136695861816
-7 1.6664023399353027
-7 1.6709470748901367
-7 1.676029920578003
-7 1.6802778244018555
-7 1.6854426860809326
-7 1.689624309539795
-7 1.6948533058166504
-7 1.6988892555236816
-7 1.7052433490753174
-7 1.7094082832336426
-7 1.7144362926483154
-7 1.7184288501739502
-7 1.7234842777252197
-7 1.727752685546875
-7 1.7330176830291748
-7 1.7371623516082764
-7 1.7414560317993164
-7 1.746412992477417
-7 1.7521066665649414
-7 1.75681734085083
-7 1.7611579895019531
-7 1.7661778926849365
-7 1.7704498767852783
-7 1.7755887508392334
-7 1.779754638671875
-7 1.7850241661071777
-7 1.789118766784668
-7 1.7941093444824219
-7 1.7982008457183838
-7 1.8043696880340576
-7 1.8084187507629395
-7 1.8134841918945312
-7 1.8175673484802246
-7 1.822845697402954
-7 1.8271334171295166
-7 1.8464069366455078
-7 1.8510565757751465
-7 1.8571515083312988
-7 1.861499547958374
-7 1.866499423980713
-7 1.8710596561431885
-7 1.8760850429534912
-7 1.880368709564209
-7 1.885704517364502
-7 1.889892816543579
-7 1.895176649093628
-7 1.8993370532989502
-7 1.9054138660430908
-7 1.9095830917358398
-7 1.914872646331787
-7 1.9188756942749023
-7 1.923729419708252
-7 1.9279038906097412
-7 1.9331295490264893
-7 1.9372406005859375
-7 1.9415545463562012
-7 1.9465651512145996
-7 1.9511327743530273
-7 1.9570670127868652
-7 1.9613838195800781
-7 1.9662432670593262
-7 1.970827579498291
-7 1.975712776184082
-7 1.9800000190734863
-7 1.985361099243164
-7 1.9895153045654297
-7 1.9945619106292725
-7 1.998831033706665
-7 2.0036885738372803
-7 2.0093154907226562
-7 2.0143401622772217
-7 2.018360137939453
-7 2.0234668254852295
-7 2.0275700092315674
-7 2.032843828201294
-7 2.041067600250244
-7 2.045924663543701
-7 2.054982900619507
-7 2.060011386871338
-7 2.0654993057250977
-7 2.0696675777435303
-7 2.075087547302246
-7 2.0792548656463623
-7 2.084190845489502
-7 2.0882718563079834
-7 2.0933737754821777
-7 2.0974626541137695
-7 2.1025161743164062
-7 2.1076622009277344
-7 2.1129939556121826
-7 2.117304563522339
-7 2.1220057010650635
-7 2.126880168914795
-7 2.1311941146850586
-7 2.1360836029052734
-7 2.1403491497039795
-7 2.1455154418945312
-7 2.149665594100952
-7 2.154913902282715
-7 2.1598727703094482
-7 2.1651504039764404
-7 2.1693129539489746
-7 2.174359083175659
-7 2.1783602237701416
-7 2.1835010051727295
-7 2.187757968902588
-7 2.193063259124756
-7 2.1971852779388428
-7 2.201476812362671
-7 2.2063255310058594
-7 2.2116034030914307
-7 2.216459274291992
-7 2.2210636138916016
-7 2.2259109020233154
-7 2.2301769256591797
-7 2.2353432178497314
-7 2.239506244659424
-7 2.2450339794158936
-7 2.249209403991699
-7 2.25414776802063
-7 2.2582712173461914
-7 2.2644810676574707
-7 2.2685108184814453
-7 2.2736191749572754
-7 2.2777888774871826
-7 2.283082962036133
-7 2.287196636199951
-7 2.291518449783325
-7 2.2963860034942627
-7 2.3009390830993652
-7 2.305960178375244
-7 2.3112523555755615
-7 2.316147565841675
-7 2.3203845024108887
-7 2.3255534172058105
-7 2.3297033309936523
-7 2.334935188293457
-7 2.3390016555786133
-7 2.3440778255462646
-7 2.3480427265167236
-7 2.35326886177063
-7 2.3573808670043945
-7 2.363419532775879
-7 2.3677024841308594
-7 2.3730292320251465
-7 2.3773136138916016
-7 2.3820297718048096
-7 2.38651442527771
-7 2.391057014465332
-7 2.3959405422210693
-7 2.4002034664154053
-7 2.4053807258605957
-7 2.4095540046691895
-7 2.4155690670013428
-7 2.41972279548645
-7 2.425126314163208
-7 2.4292781352996826
-7 2.4343066215515137
-7 2.4383294582366943
-7 2.443445920944214
-7 2.447500467300415
-7 2.4561243057250977
-7 2.4604551792144775
-7 2.466393232345581
-7 2.470916271209717
-7 2.4758925437927246
-7 2.480142593383789
-7 2.485544443130493
-7 2.4897003173828125
-7 2.4949378967285156
-7 2.49900221824646
-7 2.5043041706085205
-7 2.5083107948303223
-7 2.5145177841186523
-7 2.5188043117523193
-7 2.523667097091675
-7 2.5277462005615234
-7 2.533057928085327
-7 2.5371711254119873
-7 2.541468620300293
-7 2.5465011596679688
-7 2.551035165786743
-7 2.5558903217315674
-7 2.5601754188537598
-7 2.56612229347229
-7 2.570425271987915
-7 2.5755510330200195
-7 2.579716920852661
-7 2.5849714279174805
-7 2.5889956951141357
-7 2.5941050052642822
-7 2.598227024078369
-7 2.603351593017578
-7 2.6075713634490967
-7 2.6128318309783936
-7 2.6177873611450195
-7 2.6231064796447754
-7 2.627234935760498
-7 2.6315183639526367
-7 2.636545419692993
-7 2.6411349773406982
-7 2.6468911170959473
-7 2.6512131690979004
-7 2.6561076641082764
-7 2.660388708114624
-7 2.6664228439331055
-7 2.6710238456726074
-7 2.675891637802124
-7 2.680173873901367
-7 2.685410261154175
-7 2.689561367034912
-7 2.6947834491729736
-7 2.6988158226013184
-7 2.7036919593811035
-7 2.7077748775482178
-7 2.7131242752075195
-7 2.7182297706604004
-7 2.723360300064087
-7 2.727593183517456
-7 2.732844352722168
-7 2.7369706630706787
-7 2.7412946224212646
-7 2.746145725250244
-7 2.750424861907959
-7 2.755943536758423
-7 2.760880708694458
-7 2.7658891677856445
-7 2.771275281906128
-7 2.7761404514312744
-7 2.7803776264190674
-7 2.7857017517089844
-7 2.7898757457733154
-7 2.7951607704162598
-7 2.799323081970215
-7 2.8043506145477295
-7 2.8083155155181885
-7 2.8134210109710693
-7 2.8175673484802246
-7 2.8235795497894287
-7 2.8276875019073486
-7 2.8329834938049316
-7 2.837167501449585
-7 2.841468572616577
-7 2.8465185165405273
-7 2.8510701656341553
-7 2.8594024181365967
-7 2.864804744720459
-7 2.8696448802948
-7 2.875093936920166
-7 2.8792359828948975
-7 2.8844001293182373
-7 2.8884267807006836
-7 2.8934900760650635
-7 2.897749423980713
-7 2.9030697345733643
-7 2.9073562622070312
-7 2.9120290279388428
-7 2.916483163833618
-7 2.922823190689087
-7 2.926976442337036
-7 2.931286573410034
-7 2.9361305236816406
-7 2.9403939247131348
-7 2.9455490112304688
-7 2.949692487716675
-7 2.954965353012085
-7 2.9589850902557373
-7 2.9642021656036377
-7 2.968301296234131
-7 2.9745171070098877
-7 2.9785213470458984
-7 2.9836487770080566
-7 2.9877357482910156
-7 2.993013620376587
-7 2.9971418380737305
-7 3.0014195442199707
-7 3.006254196166992
-7 3.0108158588409424
-7 3.0156962871551514
-7 3.019843339920044
-7 3.026059865951538
-7 3.030318021774292
-7 3.0354764461517334
-7 3.0396530628204346
-7 3.0448710918426514
-7 3.0488624572753906
-7 3.053717613220215
-7 3.0577914714813232
-7 3.063141107559204
-7 3.0672788619995117
-7 3.0716054439544678
-7 3.077378988265991
-7 3.0820441246032715
-7 3.0869126319885254
-7 3.091230630874634
-7 3.0961132049560547
-7 3.100370407104492
-7 3.105520009994507
-7 3.1096715927124023
-7 3.1149213314056396
-7 3.1189327239990234
-7 3.12507963180542
-7 3.1292262077331543
-7 3.134134292602539
-7 3.138200283050537
-7 3.14332914352417
-7 3.1476268768310547
-7 3.1528820991516113
-7 3.1571855545043945
-7 3.1614792346954346
-7 3.166348695755005
-7 3.1708555221557617
-7 3.1764283180236816
-7 3.181006908416748
-7 3.185871124267578
-7 3.190129518508911
-7 3.195324659347534
-7 3.1994800567626953
-7 3.204897880554199
-7 3.2088897228240967
-7 3.2137200832366943
-7 3.217776298522949
-7 3.2231054306030273
-7 3.2280006408691406
-7 3.233229398727417
-7 3.237342119216919
-7 3.2420132160186768
-7 3.2464849948883057
-7 3.25104022026062
-7 3.259659767150879
-7 3.265150308609009
-7 3.269310474395752
-7 3.274522304534912
-7 3.2797186374664307
-7 3.2852296829223633
-7 3.289379119873047
-7 3.2943897247314453
-7 3.29837965965271
-7 3.3034722805023193
-7 3.30757212638855
-7 3.3128585815429688
-7 3.3169960975646973
-7 3.321303367614746
-7 3.327352523803711
-7 3.3320541381835938
-7 3.3368170261383057
-7 3.341183662414551
-7 3.346029043197632
-7 3.350266218185425
-7 3.355419874191284
-7 3.359560489654541
-7 3.3648128509521484
-7 3.3688244819641113
-7 3.373746395111084
-7 3.3789889812469482
-7 3.3842239379882812
-7 3.3883039951324463
-7 3.393397331237793
-7 3.3974833488464355
-7 3.402822971343994
-7 3.4069647789001465
-7 3.4112930297851562
-7 3.416335344314575
-7 3.4209017753601074
-7 3.4257595539093018
-7 3.431157112121582
-7 3.4360580444335938
-7 3.4402999877929688
-7 3.445575475692749
-7 3.4497623443603516
-7 3.45499587059021
-7 3.459005355834961
-7 3.464061737060547
-7 3.4680445194244385
-7 3.473256826400757
-7 3.477397918701172
-7 3.483431577682495
-7 3.4875333309173584
-7 3.4928271770477295
-7 3.4969570636749268
-7 3.501282215118408
-7 3.5063233375549316
-7 3.5108652114868164
-7 3.515768051147461
-7 3.5200095176696777
-7 3.5252127647399902
-7 3.530189275741577
-7 3.535423994064331
-7 3.5396029949188232
-7 3.545011281967163
-7 3.549186944961548
-7 3.554114818572998
-7 3.5582027435302734
-7 3.5633487701416016
-7 3.5675909519195557
-7 3.5728583335876465
-7 3.576979160308838
-7 3.5830721855163574
-7 3.587238311767578
-7 3.5915517807006836
-7 3.5964112281799316
-7 3.6009573936462402
-7 3.6058545112609863
-7 3.6101276874542236
-7 3.6153721809387207
-7 3.619544506072998
-7 3.6249656677246094
-7 3.628997564315796
-7 3.6353931427001953
-7 3.6395418643951416
-7 3.645439624786377
-7 3.6496102809906006
-7 3.65844988822937
-7 3.6635212898254395
-7 3.667773962020874
-7 3.673069953918457
-7 3.684330701828003
-7 3.6883838176727295
-7 3.6934823989868164
-7 3.6975464820861816
-7 3.702833414077759
-7 3.706986427307129
-7 3.7112905979156494
-7 3.7161989212036133
-7 3.720463991165161
-7 3.725639581680298
-7 3.7297840118408203
-7 3.735727310180664
-7 3.739877223968506
-7 3.7453207969665527
-7 3.749535083770752
-7 3.754790782928467
-7 3.758828639984131
-7 3.763716220855713
-7 3.767789602279663
-7 3.7730932235717773
-7 3.777242660522461
-7 3.7815349102020264
-7 3.787451982498169
-7 3.792506217956543
-7 3.7968454360961914
-7 3.801175355911255
-7 3.806252956390381
-7 3.810824394226074
-7 3.815687656402588
-7 3.8198421001434326
-7 3.8250935077667236
-7 3.8292129039764404
-7 3.835239887237549
-7 3.8394482135772705
-7 3.8444743156433105
-7 3.8484935760498047
-7 3.8535947799682617
-7 3.8577208518981934
-7 3.863050937652588
-7 3.86735200881958
-7 3.87204647064209
-7 3.8764901161193848
-7 3.8810384273529053
-7 3.8869576454162598
-7 3.8912835121154785
-7 3.896160364151001
-7 3.900404691696167
-7 3.9055728912353516
-7 3.9097206592559814
-7 3.914971351623535
-7 3.918985605239868
-7 3.9242148399353027
-7 3.9283037185668945
-7 3.9333810806274414
-7 3.938986301422119
-7 3.9440994262695312
-7 3.9482004642486572
-7 3.953338146209717
-7 3.9574387073516846
-7 3.962524652481079
-7 3.9668381214141846
-7 3.9711947441101074
-7 3.97607159614563
-7 3.9803411960601807
-7 3.9856884479522705
-7 3.991042137145996
-7 3.9958994388580322
-7 4.000182628631592
-7 4.005384922027588
-7 4.009538412094116
-7 4.014547109603882
-7 4.0185441970825195
-7 4.02366828918457
-7 4.0277628898620605
-7 4.033077001571655
-7 4.038001775741577
-7 4.045183897018433
-7 4.04932427406311
-7 4.057985782623291
-7 4.063282251358032
-7 4.068835258483887
-7 4.073743104934692
-7 4.078228712081909
-7 4.083357810974121
-7 4.087629556655884
-7 4.093682527542114
-7 4.098040819168091
-7 4.1032726764678955
-7 4.107523441314697
-7 4.112847089767456
-7 4.116965293884277
-7 4.121281623840332
-7 4.126145601272583
-7 4.130407333374023
-7 4.13557767868042
-7 4.140833377838135
-7 4.14570951461792
-7 4.149853944778442
-7 4.1551289558410645
-7 4.159307241439819
-7 4.164501667022705
-7 4.168494701385498
-7 4.173560380935669
-7 4.177667140960693
-7 4.1829400062561035
-7 4.187068223953247
-7 4.193232297897339
-7 4.197570562362671
-7 4.202856540679932
-7 4.206958293914795
-7 4.211256504058838
-7 4.216140508651733
-7 4.220385313034058
-7 4.225705623626709
-7 4.229835271835327
-7 4.235072612762451
-7 4.239221572875977
-7 4.245303153991699
-7 4.249485969543457
-7 4.2544965744018555
-7 4.258505582809448
-7 4.263576507568359
-7 4.267702102661133
-7 4.273037433624268
-7 4.277189254760742
-7 4.281510829925537
-7 4.2865259647369385
-7 4.292568206787109
-7 4.2969069480896
-7 4.301236152648926
-7 4.30610990524292
-7 4.3103554248809814
-7 4.3155388832092285
-7 4.319674253463745
-7 4.325116872787476
-7 4.329269647598267
-7 4.3341898918151855
-7 4.338279485702515
-7 4.344497442245483
-7 4.348501920700073
-7 4.353621959686279
-7 4.357724905014038
-7 4.362996578216553
-7 4.367119312286377
-7 4.371415615081787
-7 4.376275300979614
-7 4.380825996398926
-7 4.385737657546997
-7 4.389866352081299
-7 4.395888805389404
-7 4.400146245956421
-7 4.405476331710815
-7 4.409669399261475
-7 4.414899587631226
-7 4.418923616409302
-7 4.423761367797852
-7 4.427934885025024
-7 4.433137893676758
-7 4.4372944831848145
-7 4.441978931427002
-7 4.447431564331055
-7 4.4524970054626465
-7 4.460960388183594
-7 4.46607780456543
-7 4.470333814620972
-7 4.475645542144775
-7 4.479790210723877
-7 4.4851813316345215
-7 4.4893293380737305
-7 4.4943437576293945
-7 4.49943995475769
-7 4.504462003707886
-7 4.508467197418213
-7 4.51353907585144
-7 4.517733335494995
-7 4.523041725158691
-7 4.527328729629517
-7 4.532019853591919
-7 4.536489963531494
-7 4.541020631790161
-7 4.546936750411987
-7 4.551275014877319
-7 4.556136608123779
-7 4.560399055480957
-7 4.5655364990234375
-7 4.569679260253906
-7 4.574949264526367
-7 4.579007863998413
-7 4.58433723449707
-7 4.588342189788818
-7 4.593445062637329
-7 4.598806619644165
-7 4.6036834716796875
-7 4.60777473449707
-7 4.613057374954224
-7 4.617185592651367
-7 4.621502161026001
-7 4.6263487339019775
-7 4.630907297134399
-7 4.635762929916382
-7 4.639993190765381
-7 4.645951509475708
-7 4.651212215423584
-7 4.656091928482056
-7 4.6603593826293945
-7 4.66552472114563
-7 4.669674634933472
-7 4.674931287765503
-7 4.6789538860321045
-7 4.684077501296997
-7 4.6880528926849365
-7 4.693244457244873
-7 4.698320627212524
-7 4.7034759521484375
-7 4.707736253738403
-7 4.713059425354004
-7 4.717358112335205
-7 4.722043037414551
-7 4.726474285125732
-7 4.731026887893677
-7 4.735882043838501
-7 4.7401463985443115
-7 4.745318412780762
-7 4.750324487686157
-7 4.755476713180542
-7 4.759619474411011
-7 4.765057325363159
-7 4.769208669662476
-7 4.774158954620361
-7 4.778260231018066
-7 4.783352851867676
-7 4.7874462604522705
-7 4.792508363723755
-7 4.796838998794556
-7 4.802931070327759
-7 4.807055950164795
-7 4.811380624771118
-7 4.816243410110474
-7 4.820806980133057
-7 4.825817346572876
-7 4.830092668533325
-7 4.835259914398193
-7 4.839429616928101
-7 4.844828844070435
-7 4.848887205123901
-7 4.8550865650177
-7 4.863425970077515
-7 4.867680311203003
-7 4.87301230430603
-7 4.877291917800903
-7 4.881584644317627
-7 4.886897802352905
-7 4.891221284866333
-7 4.896081924438477
-7 4.900346755981445
-7 4.906221151351929
-7 4.910762548446655
-7 4.9156413078308105
-7 4.91979193687439
-7 4.925083875656128
-7 4.929235219955444
-7 4.934183597564697
-7 4.938263893127441
-7 4.943366050720215
-7 4.947591543197632
-7 4.953631401062012
-7 4.957742929458618
-7 4.963010787963867
-7 4.96712851524353
-7 4.971416234970093
-7 4.976428031921387
-7 4.980973720550537
-7 4.985870122909546
-7 4.990089416503906
-7 4.99526572227478
-7 4.99943733215332
-7 5.005504131317139
-7 5.009649991989136
-7 5.014917850494385
-7 5.018931865692139
-7 5.023976564407349
-7 5.027979135513306
-7 5.033219814300537
-7 5.037787675857544
-7 5.043127775192261
-7 5.047229290008545
-7 5.051530122756958
-7 5.057428598403931
-7 5.06210732460022
-7 5.067023277282715
-7 5.071333885192871
-7 5.076385974884033
-7 5.080906391143799
-7 5.085742473602295
-7 5.089867830276489
-7 5.095173358917236
-7 5.0993170738220215
-7 5.105450868606567
-7 5.109626054763794
-7 5.114854335784912
-7 5.118865728378296
-7 5.123718023300171
-7 5.128050088882446
-7 5.133234739303589
-7 5.137356996536255
-7 5.142050743103027
-7 5.146503925323486
-7 5.151053428649902
-7 5.156946659088135
-7 5.161273002624512
-7 5.166203498840332
-7 5.170483827590942
-7 5.175621747970581
-7 5.179811716079712
-7 5.185224294662476
-7 5.189373970031738
-7 5.1944169998168945
-7 5.198408126831055
-7 5.20347785949707
-7 5.208889007568359
-7 5.213748216629028
-7 5.217911005020142
-7 5.223117351531982
-7 5.2272350788116455
-7 5.231544733047485
-7 5.236572027206421
-7 5.241136789321899
-7 5.246161460876465
-7 5.250416040420532
-7 5.2555763721466064
-7 5.265903949737549
-7 5.27016282081604
-7 5.275469541549683
-7 5.2796406745910645
-7 5.285052537918091
-7 5.289183855056763
-7 5.294106483459473
-7 5.298173427581787
-7 5.3032941818237305
-7 5.308570146560669
-7 5.313687801361084
-7 5.317769289016724
-7 5.323075294494629
-7 5.327194690704346
-7 5.331511974334717
-7 5.336384296417236
-7 5.340941905975342
-7 5.345795631408691
-7 5.350019693374634
-7 5.3552634716033936
-7 5.360252618789673
-7 5.365598917007446
-7 5.369753837585449
-7 5.374994516372681
-7 5.378997325897217
-7 5.384108781814575
-7 5.388189792633057
-7 5.393344402313232
-7 5.397428512573242
-7 5.402082920074463
-7 5.406522750854492
-7 5.412523508071899
-7 5.41685938835144
-7 5.421206712722778
-7 5.426199674606323
-7 5.430478811264038
-7 5.435619831085205
-7 5.43977427482605
-7 5.445011138916016
-7 5.449124813079834
-7 5.454112529754639
-7 5.458179950714111
-7 5.464360237121582
-7 5.468377351760864
-7 5.473477125167847
-7 5.477590799331665
-7 5.482843637466431
-7 5.487119197845459
-7 5.4914233684539795
-7 5.496440887451172
-7 5.501048564910889
-7 5.505918502807617
-7 5.51119589805603
-7 5.516108751296997
-7 5.520374298095703
-7 5.5255208015441895
-7 5.529680013656616
-7 5.534948110580444
-7 5.5389649868011475
-7 5.549495220184326
-7 5.55457067489624
-7 5.558568477630615
-7 5.564950466156006
-7 5.568964242935181
-7 5.574083566665649
-7 5.578168869018555
-7 5.583282947540283
-7 5.587406396865845
-7 5.592092990875244
-7 5.5965681076049805
-7 5.601125955581665
-7 5.606153249740601
-7 5.610412359237671
-7 5.616235017776489
-7 5.620776414871216
-7 5.625799894332886
-7 5.630057334899902
-7 5.635227203369141
-7 5.639373540878296
-7 5.645266532897949
-7 5.6494457721710205
-7 5.654454946517944
-7 5.658446550369263
-7 5.668301343917847
-7 5.673380136489868
-7 5.677674770355225
-7 5.6829845905303955
-7 5.687266826629639
-7 5.691581726074219
-7 5.696456670761108
-7 5.701016902923584
-7 5.705875396728516
-7 5.710136413574219
-7 5.71602463722229
-7 5.720300912857056
-7 5.725654125213623
-7 5.7298264503479
-7 5.735081195831299
-7 5.739203691482544
-7 5.744149446487427
-7 5.748245000839233
-7 5.753366231918335
-7 5.757610321044922
-7 5.762879848480225
-7 5.767719984054565
-7 5.773049354553223
-7 5.7772157192230225
-7 5.781553745269775
-7 5.786554574966431
-7 5.791133403778076
-7 5.7960100173950195
-7 5.8002777099609375
-7 5.805447101593018
-7 5.809621095657349
-7 5.81485915184021
-7 5.819849491119385
-7 5.825087070465088
-7 5.829203844070435
-7 5.834207773208618
-7 5.8382954597473145
-7 5.843371152877808
-7 5.8475987911224365
-7 5.852863788604736
-7 5.857001781463623
-7 5.861339330673218
-7 5.867199420928955
-7 5.871548891067505
-7 5.876390695571899
-7 5.880916595458984
-7 5.885908126831055
-7 5.890194654464722
-7 5.895386219024658
-7 5.899565935134888
-7 5.904961824417114
-7 5.908982038497925
-7 5.91406774520874
-7 5.919228553771973
-7 5.924185514450073
-7 5.9282660484313965
-7 5.9333555698394775
-7 5.937459707260132
-7 5.942847013473511
-7 5.946963787078857
-7 5.9512693881988525
-7 5.956143617630005
-7 5.960417032241821
-7 5.965718746185303
-7 5.971192121505737
-7 5.976069688796997
-7 5.98034405708313
-7 5.985470533370972
-7 5.989638805389404
-7 5.994897842407227
-7 5.998895645141602
