0 0.0033423900604248047
0 0.01212453842163086
0 0.021930217742919922
-2 0.04298853874206543
-2 0.057076454162597656
-4 0.06527352333068848
-5 0.0770254135131836
-6 0.08508872985839844
-6 0.0892782211303711
-7 0.09402108192443848
-8 0.0985116958618164
-8 0.10307788848876953
-9 0.10814213752746582
-9 0.11242461204528809
-10 0.11760663986206055
-10 0.12182807922363281
-11 0.1270747184753418
-12 0.13126301765441895
-12 0.1379070281982422
-13 0.14221668243408203
-13 0.14835619926452637
-14 0.15407848358154297
-14 0.15856409072875977
-15 0.16312146186828613
-15 0.1681361198425293
-15 0.17241764068603516
-16 0.17763972282409668
-16 0.18182158470153809
-16 0.1878507137298584
-16 0.19208002090454102
-16 0.19732427597045898
-17 0.20152878761291504
-17 0.2068617343902588
-17 0.21091175079345703
-17 0.2157752513885498
-17 0.21995234489440918
-17 0.22520685195922852
-17 0.22948217391967773
-17 0.2348768711090088
-17 0.24360108375549316
-17 0.2488553524017334
-17 0.2531907558441162
-17 0.2582509517669678
-17 0.26281261444091797
-17 0.2678337097167969
-17 0.27205419540405273
-17 0.2772843837738037
-17 0.2814931869506836
-17 0.2875523567199707
-17 0.29176807403564453
-17 0.2971160411834717
-17 0.30127453804016113
-17 0.3062314987182617
-17 0.3103461265563965
-17 0.315474271774292
-17 0.31957077980041504
-17 0.3248579502105713
-17 0.32898569107055664
-17 0.3333292007446289
-17 0.33935046195983887
-17 0.34409475326538086
-17 0.3489992618560791
-17 0.35332703590393066
-17 0.35820508003234863
-17 0.36246562004089355
-17 0.36781907081604004
-17 0.37207555770874023
-17 0.3773505687713623
-17 0.38155293464660645
-17 0.3868687152862549
-17 0.39183831214904785
-17 0.39713191986083984
-17 0.40128588676452637
-17 0.40651440620422363
-17 0.41054558753967285
-17 0.41561198234558105
-17 0.4197537899017334
-17 0.4250986576080322
-17 0.4292323589324951
-17 0.4335517883300781
-17 0.43844103813171387
-17 0.444080114364624
-17 0.45189642906188965
-17 0.4599788188934326
-17 0.465228796005249
-17 0.4695112705230713
-17 0.4749002456665039
-17 0.47905635833740234
-17 0.4833986759185791
-17 0.48830533027648926
-17 0.49407100677490234
-17 0.4989933967590332
-17 0.5033383369445801
-17 0.5082035064697266
-17 0.5124843120574951
-17 0.5176479816436768
-17 0.5218381881713867
-17 0.5273222923278809
-17 0.531571626663208
-17 0.5368835926055908
-17 0.5418038368225098
-17 0.5470938682556152
-17 0.5512402057647705
-17 0.5562286376953125
-17 0.5603740215301514
-17 0.5654454231262207
-17 0.5695464611053467
-17 0.5748956203460693
-17 0.5790290832519531
-17 0.5833475589752197
-17 0.5884068012237549
-17 0.5941181182861328
-17 0.5986030101776123
-17 0.6031885147094727
-17 0.6080958843231201
-17 0.6123664379119873
-17 0.6175746917724609
-17 0.6217372417449951
-17 0.6271767616271973
-17 0.6313445568084717
-17 0.6364142894744873
-17 0.6456525325775146
-17 0.650087833404541
-17 0.6553030014038086
-17 0.6595845222473145
-17 0.6654970645904541
-17 0.6697983741760254
-17 0.6751613616943359
-17 0.679309606552124
-17 0.6836378574371338
-17 0.6884860992431641
-17 0.6948158740997314
-17 0.6989719867706299
-17 0.7032935619354248
-17 0.7083210945129395
-17 0.7128915786743164
-17 0.717775821685791
-17 0.7220432758331299
-17 0.7272837162017822
-17 0.7314481735229492
-17 0.7365007400512695
-17 0.7404966354370117
-17 0.7469122409820557
-17 0.7509825229644775
-17 0.7562229633331299
-17 0.7603332996368408
-17 0.7654423713684082
-17 0.7697467803955078
-17 0.7750790119171143
-17 0.7792761325836182
-17 0.7836008071899414
-17 0.7892611026763916
-17 0.7935962677001953
-17 0.7993674278259277
-17 0.8040988445281982
-17 0.8085846900939941
-17 0.8131380081176758
-17 0.8179917335510254
-17 0.8222596645355225
-17 0.827599048614502
-17 0.8317582607269287
-17 0.8370490074157715
-17 0.8410804271697998
-17 0.8472726345062256
-17 0.8514673709869385
-17 0.8565318584442139
-17 0.8605868816375732
-17 0.8656930923461914
-17 0.8698008060455322
-17 0.8751242160797119
-17 0.8792641162872314
-17 0.8835744857788086
-17 0.8889317512512207
-17 0.8932590484619141
-17 0.8991999626159668
-17 0.9035403728485107
-17 0.9084198474884033
-17 0.9129562377929688
-17 0.9179368019104004
-17 0.9221982955932617
-17 0.927412748336792
-17 0.9315855503082275
-17 0.9368572235107422
-17 0.9408657550811768
-17 0.9457621574401855
-17 0.9514579772949219
-17 0.956519365310669
-17 0.960552453994751
-17 0.9656357765197754
-17 0.9697589874267578
-17 0.9751055240631104
-17 0.9792516231536865
-17 0.9835772514343262
-17 0.988450288772583
-17 0.9930112361907959
-17 0.9989497661590576
-17 1.0033140182495117
-17 1.0083732604980469
-17 1.0129053592681885
-17 1.0179431438446045
-17 1.022207498550415
-17 1.0274362564086914
-17 1.031627893447876
-17 1.03690767288208
-17 1.051499605178833
-17 1.061504602432251
-17 1.0669825077056885
-17 1.0710806846618652
-17 1.0761725902557373
-17 1.0802857875823975
-17 1.0854105949401855
-17 1.0895466804504395
-17 1.0948123931884766
-17 1.0989713668823242
-17 1.1051075458526611
-17 1.1092517375946045
-17 1.1135942935943604
-17 1.1184413433074951
-17 1.1229891777038574
-17 1.1280372142791748
-17 1.1323108673095703
-17 1.1375021934509277
-17 1.1416971683502197
-17 1.1485679149627686
-17 1.1565051078796387
-17 1.1605336666107178
-17 1.1656289100646973
-17 1.169752597808838
-17 1.175048828125
-17 1.1791713237762451
-17 1.1835134029388428
-17 1.1885757446289062
-17 1.1931931972503662
-17 1.198082685470581
-17 1.2034509181976318
-17 1.2082929611206055
-17 1.2128472328186035
-17 1.217714786529541
-17 1.2218701839447021
-17 1.2271361351013184
-17 1.2313058376312256
-17 1.2363972663879395
-17 1.2404072284698486
-17 1.245521068572998
-17 1.2497835159301758
-17 1.256061315536499
-17 1.2600734233856201
-17 1.26531982421875
-17 1.2694315910339355
-17 1.2741358280181885
-17 1.2790124416351318
-17 1.2833466529846191
-17 1.288200855255127
-17 1.2925057411193848
-17 1.2977268695831299
-17 1.3018932342529297
-17 1.308065414428711
-17 1.3123228549957275
-17 1.3174972534179688
-17 1.3216948509216309
-17 1.3269634246826172
-17 1.331002950668335
-17 1.3360891342163086
-17 1.340080976486206
-17 1.3452885150909424
-17 1.3494353294372559
-17 1.3553574085235596
-17 1.359529972076416
-17 1.3648319244384766
-17 1.3691363334655762
-17 1.3734924793243408
-17 1.378385305404663
-17 1.382951021194458
-17 1.3878064155578613
-17 1.3920507431030273
-17 1.397273063659668
-17 1.4014368057250977
-17 1.407639741897583
-17 1.4118101596832275
-17 1.4170567989349365
-17 1.4210660457611084
-17 1.426382064819336
-17 1.430389165878296
-17 1.4354910850524902
-17 1.4395911693572998
-17 1.4483275413513184
-17 1.4528872966766357
-17 1.4585485458374023
-17 1.4630849361419678
-17 1.4681291580200195
-17 1.4724071025848389
-17 1.4777543544769287
-17 1.4819104671478271
-17 1.4873719215393066
-17 1.491560697555542
-17 1.496835470199585
-17 1.5008392333984375
-17 1.5057144165039062
-17 1.5109858512878418
-17 1.5161254405975342
-17 1.520097255706787
-17 1.5252959728240967
-17 1.5294215679168701
-17 1.534106731414795
-17 1.5390183925628662
-17 1.544593334197998
-17 1.5490655899047852
-17 1.553389072418213
-17 1.559358835220337
-17 1.5640616416931152
-17 1.5688822269439697
-17 1.573216199874878
-17 1.5781126022338867
-17 1.5823988914489746
-17 1.5875449180603027
-17 1.5916962623596191
-17 1.5969767570495605
-17 1.600989818572998
-17 1.6062231063842773
-17 1.6115596294403076
-17 1.6168732643127441
-17 1.6209163665771484
-17 1.6257672309875488
-17 1.6299428939819336
-17 1.6351640224456787
-17 1.6392886638641357
-17 1.6435942649841309
-17 1.6484317779541016
-17 1.6530261039733887
-17 1.6579062938690186
-17 1.6631977558135986
-17 1.6691513061523438
-17 1.6734912395477295
-17 1.678407907485962
-17 1.6829473972320557
-17 1.6878068447113037
-17 1.6920485496520996
-17 1.69728684425354
-17 1.7014448642730713
-17 1.7065086364746094
-17 1.7116787433624268
-17 1.7169299125671387
-17 1.720935583114624
-17 1.7257742881774902
-17 1.7302379608154297
-17 1.7363574504852295
-17 1.7403805255889893
-17 1.74550199508667
-17 1.7495992183685303
-17 1.7548823356628418
-17 1.7590510845184326
-17 1.7651028633117676
-17 1.7692408561706543
-17 1.7735621929168701
-17 1.7784409523010254
-17 1.783055305480957
-17 1.7881097793579102
-17 1.7985541820526123
-17 1.803168535232544
-17 1.8080661296844482
-17 1.813354253768921
-17 1.818216323852539
-17 1.8225014209747314
-17 1.8276429176330566
-17 1.831780195236206
-17 1.8370394706726074
-17 1.8411753177642822
-17 1.8496522903442383
-17 1.854947805404663
-17 1.8592278957366943
-17 1.8653442859649658
-17 1.8696057796478271
-17 1.8748779296875
-17 1.8791537284851074
-17 1.883493423461914
-17 1.8883559703826904
-17 1.8928966522216797
-17 1.897775650024414
-17 1.901899814605713
-17 1.9073212146759033
-17 1.9115002155303955
-17 1.9175775051116943
-17 1.921776294708252
-17 1.9272427558898926
-17 1.9314451217651367
-17 1.9364900588989258
-17 1.9404652118682861
-17 1.9455549716949463
-17 1.949639081954956
-17 1.9549789428710938
-17 1.9591398239135742
-17 1.9651844501495361
-17 1.969480037689209
-17 1.974560260772705
-17 1.9789555072784424
-17 1.9832770824432373
-17 1.9881749153137207
-17 1.9924321174621582
-17 1.997577428817749
-17 2.001729726791382
-17 2.0069782733917236
-17 2.0111629962921143
-17 2.0171308517456055
-17 2.0213418006896973
-17 2.026578903198242
-17 2.030583620071411
-17 2.035700798034668
-17 2.039785385131836
-17 2.0450987815856934
-17 2.0492587089538574
-17 2.0535871982574463
-17 2.0588486194610596
-17 2.063227653503418
-17 2.069159746170044
-17 2.073460817337036
-17 2.0782930850982666
-17 2.082885980606079
-17 2.087996244430542
-17 2.0922389030456543
-17 2.097454786300659
-17 2.101608991622925
-17 2.1068737506866455
-17 2.1108992099761963
-17 2.115781307220459
-17 2.1210789680480957
-17 2.1261603832244873
-17 2.130247116088867
-17 2.1353983879089355
-17 2.1394784450531006
-17 2.1445488929748535
-17 2.1490745544433594
-17 2.153402328491211
-17 2.158271074295044
-17 2.1628246307373047
-17 2.1684701442718506
-17 2.1730873584747314
-17 2.178011417388916
-17 2.1822667121887207
-17 2.187586545944214
-17 2.1917402744293213
-17 2.197004556655884
-17 2.2010498046875
-17 2.206259250640869
-17 2.210348606109619
-17 2.215453863143921
-17 2.220848560333252
-17 2.2257742881774902
-17 2.229964017868042
-17 2.235157012939453
-17 2.239298105239868
-17 2.2436041831970215
-17 2.2523627281188965
-17 2.2577266693115234
-17 2.261889934539795
-17 2.267394542694092
-17 2.2724738121032715
-17 2.277780055999756
-17 2.281935930252075
-17 2.2871973514556885
-17 2.2913637161254883
-17 2.296408176422119
-17 2.300408363342285
-17 2.3055388927459717
-17 2.309643030166626
-17 2.314974069595337
-17 2.3202435970306396
-17 2.3254141807556152
-17 2.3297014236450195
-17 2.3350353240966797
-17 2.3391706943511963
-17 2.343477487564087
-17 2.3483123779296875
-17 2.3528857231140137
-17 2.357774019241333
-17 2.3620448112487793
-17 2.367276430130005
-17 2.372286319732666
-17 2.377458333969116
-17 2.3816287517547607
-17 2.3870747089385986
-17 2.3912532329559326
-17 2.396240234375
-17 2.4003467559814453
-17 2.405444622039795
-17 2.4095828533172607
-17 2.414879083633423
-17 2.419078826904297
-17 2.4251368045806885
-17 2.4292538166046143
-17 2.433568000793457
-17 2.438445568084717
-17 2.4429984092712402
-17 2.448094367980957
-17 2.452361822128296
-17 2.4575212001800537
-17 2.4616811275482178
-17 2.466907024383545
-17 2.47091007232666
-17 2.4771342277526855
-17 2.4813125133514404
-17 2.4862523078918457
-17 2.490358591079712
-17 2.495429277420044
-17 2.4995572566986084
-17 2.5048701763153076
-17 2.509166955947876
-17 2.5134990215301514
-17 2.518362522125244
-17 2.5241000652313232
-17 2.5286006927490234
-17 2.533198595046997
-17 2.538093090057373
-17 2.5423460006713867
-17 2.5475103855133057
-17 2.551680088043213
-17 2.556926965713501
-17 2.560929775238037
-17 2.5657691955566406
-17 2.5702292919158936
-17 2.576934576034546
-17 2.5809719562530518
-17 2.5860977172851562
-17 2.5900838375091553
-17 2.595299005508423
-17 2.5994207859039307
-17 2.6041202545166016
-17 2.608586072921753
-17 2.613191843032837
-17 2.6181013584136963
-17 2.6223654747009277
-17 2.6283586025238037
-17 2.6329572200775146
-17 2.6378533840179443
-17 2.6421074867248535
-17 2.6504430770874023
-17 2.6555302143096924
-17 2.659789800643921
-17 2.665750741958618
-17 2.6700940132141113
-17 2.6765241622924805
-17 2.680567979812622
-17 2.6856281757354736
-17 2.689958095550537
-17 2.6951968669891357
-17 2.699303150177002
-17 2.7035892009735107
-17 2.7086031436920166
-17 2.7131829261779785
-17 2.7180991172790527
-17 2.7223525047302246
-17 2.7281994819641113
-17 2.7324624061584473
-17 2.737618923187256
-17 2.741786003112793
-17 2.74723482131958
-17 2.7513928413391113
-17 2.7564051151275635
-17 2.760429859161377
-17 2.765517234802246
-17 2.7696352005004883
-17 2.77497935295105
-17 2.7797937393188477
-17 2.7851033210754395
-17 2.7892415523529053
-17 2.7935667037963867
-17 2.7984421253204346
-17 2.803009510040283
-17 2.808048725128174
-17 2.812312364578247
-17 2.817471742630005
-17 2.8216540813446045
-17 2.826903820037842
-17 2.831899881362915
-17 2.837350606918335
-17 2.84155011177063
-17 2.8465497493743896
-17 2.850569009780884
-17 2.8556814193725586
-17 2.8597919940948486
-17 2.865117311477661
-17 2.869432210922241
-17 2.874116897583008
-17 2.8796305656433105
-17 2.88493275642395
-17 2.8890540599823
-17 2.8933727741241455
-17 2.8982295989990234
-17 2.9025092124938965
-17 2.9076356887817383
-17 2.9118385314941406
-17 2.91711688041687
-17 2.921281099319458
-17 2.926459550857544
-17 2.9315402507781982
-17 2.936601400375366
-17 2.9408631324768066
-17 2.945732831954956
-17 2.9498331546783447
-17 2.9551351070404053
-17 2.9592628479003906
-17 2.9635813236236572
-17 2.968874454498291
-17 2.9732213020324707
-17 2.978102445602417
-17 2.9834823608398438
-17 2.98850417137146
-17 2.99306058883667
-17 2.99794602394104
-17 3.0022029876708984
-17 3.0074079036712646
-17 3.0115742683410645
-17 3.0166006088256836
-17 3.020616292953491
-17 3.0257203578948975
-17 3.0297906398773193
-17 3.0360515117645264
-17 3.04008150100708
-17 3.045309066772461
-17 3.0535571575164795
-17 3.058591365814209
-17 3.065385341644287
-17 3.0696446895599365
-17 3.0749197006225586
-17 3.0792534351348877
-17 3.085418462753296
-17 3.090839147567749
-17 3.095715045928955
-17 3.1002604961395264
-17 3.1054046154022217
-17 3.1097686290740967
-17 3.115089178085327
-17 3.119413375854492
-17 3.1241087913513184
-17 3.1285698413848877
-17 3.1349270343780518
-17 3.1392734050750732
-17 3.143590211868286
-17 3.148437738418579
-17 3.1529831886291504
-17 3.157912254333496
-17 3.162172794342041
-17 3.1675057411193848
-17 3.1716859340667725
-17 3.176922082901001
-17 3.1809065341949463
-17 3.1871676445007324
-17 3.191349744796753
-17 3.1964049339294434
-17 3.200410842895508
-17 3.2055253982543945
-17 3.2096121311187744
-17 3.2149200439453125
-17 3.2190656661987305
-17 3.2233951091766357
-17 3.2284464836120605
-17 3.232994556427002
-17 3.238614797592163
-17 3.2432029247283936
-17 3.2481231689453125
-17 3.2523982524871826
-17 3.2575442790985107
-17 3.261697292327881
-17 3.266956329345703
-17 3.2709763050079346
-17 3.276040554046631
-17 3.280069351196289
-17 3.2863757610321045
-17 3.2904515266418457
-17 3.29557204246521
-17 3.299697160720825
-17 3.30497670173645
-17 3.30912446975708
-17 3.313448190689087
-17 3.3182854652404785
-17 3.322878837585449
-17 3.3277337551116943
-17 3.3319003582000732
-17 3.3379461765289307
-17 3.342226982116699
-17 3.347565174102783
-17 3.351750612258911
-17 3.3572144508361816
-17 3.3613598346710205
-17 3.3663997650146484
-17 3.370436191558838
-17 3.3755135536193848
-17 3.379812002182007
-17 3.3851215839385986
-17 3.3901729583740234
-17 3.3953287601470947
-17 3.3994576930999756
-17 3.404134750366211
-17 3.4090304374694824
-17 3.4133400917053223
-17 3.418229341506958
-17 3.4225106239318848
-17 3.4276509284973145
-17 3.4317870140075684
-17 3.437810182571411
-17 3.442124605178833
-17 3.4473118782043457
-17 3.455670118331909
-17 3.4600448608398438
-17 3.465277671813965
-17 3.4696099758148193
-17 3.4748761653900146
-17 3.4791667461395264
-17 3.4834749698638916
-17 3.4895992279052734
-17 3.4948909282684326
-17 3.499032735824585
-17 3.5033507347106934
-17 3.5082662105560303
-17 3.5128517150878906
-17 3.51774525642395
-17 3.521892547607422
-17 3.5273191928863525
-17 3.531496286392212
-17 3.536517858505249
-17 3.54176664352417
-17 3.546999454498291
-17 3.551029920578003
-17 3.5613768100738525
-17 3.5664162635803223
-17 3.5704572200775146
-17 3.575528383255005
-17 3.579610824584961
-17 3.5849108695983887
-17 3.5892088413238525
-17 3.5952494144439697
-17 3.599411725997925
-17 3.6041259765625
-17 3.608574151992798
-17 3.6131715774536133
-17 3.6181957721710205
-17 3.6224496364593506
-17 3.62762451171875
-17 3.6317861080169678
-17 3.637037754058838
-17 3.6418521404266357
-17 3.64731764793396
-17 3.6514780521392822
-17 3.656510591506958
-17 3.6605145931243896
-17 3.6665446758270264
-17 3.670560598373413
-17 3.67566180229187
-17 3.6797616481781006
-17 3.685154914855957
-17 3.689314365386963
-17 3.695474863052368
-17 3.699570417404175
-17 3.704871416091919
-17 3.709195137023926
-17 3.7135074138641357
-17 3.718398332595825
-17 3.722930908203125
-17 3.7277889251708984
-17 3.7320516109466553
-17 3.7372915744781494
-17 3.741452693939209
-17 3.747643232345581
-17 3.7518129348754883
-17 3.757070541381836
-17 3.761221408843994
-17 3.766460657119751
-17 3.770444631576538
-17 3.7755162715911865
-17 3.7796096801757812
-17 3.7849268913269043
-17 3.789065361022949
-17 3.7951560020446777
-17 3.799297332763672
-17 3.803586959838867
-17 3.8084495067596436
-17 3.813014268875122
-17 3.817941427230835
-17 3.8221993446350098
-17 3.827521324157715
-17 3.831692695617676
-17 3.836921215057373
-17 3.8409578800201416
-17 3.8470349311828613
-17 3.8554465770721436
-17 3.8597331047058105
-17 3.8650355339050293
-17 3.869335651397705
-17 3.8740386962890625
-17 3.879028081893921
-17 3.883359670639038
-17 3.8883705139160156
-17 3.8929035663604736
-17 3.8985867500305176
-17 3.9031753540039062
-17 3.908061981201172
-17 3.912368059158325
-17 3.9175190925598145
-17 3.9216933250427246
-17 3.9269626140594482
-17 3.9309773445129395
-17 3.9360814094543457
-17 3.940077066421509
-17 3.9453039169311523
-17 3.9504547119140625
-17 3.9555416107177734
-17 3.9596340656280518
-17 3.9649088382720947
-17 3.969010591506958
-17 3.973330497741699
-17 3.9781923294067383
-17 3.982452869415283
-17 3.987621545791626
-17 3.991776704788208
-17 3.99763560295105
-17 4.001846790313721
-17 4.007301092147827
-17 4.011490821838379
-17 4.016509294509888
-17 4.020501375198364
-17 4.025581121444702
-17 4.0296950340271
-17 4.034985780715942
-17 4.039165258407593
-17 4.043478012084961
-17 4.049359560012817
-17 4.054067134857178
-17 4.058601140975952
-17 4.063170671463013
-17 4.068217992782593
-17 4.072482347488403
-17 4.07763147354126
-17 4.081772327423096
-17 4.087069988250732
-17 4.091243028640747
-17 4.096200466156006
-17 4.101537466049194
-17 4.10654091835022
-17 4.110547065734863
-17 4.115633964538574
-17 4.119740009307861
-17 4.125057220458984
-17 4.129333972930908
-17 4.134033918380737
-17 4.138957977294922
-17 4.143276691436768
-17 4.1481773853302
-17 4.1534459590911865
-17 4.158313035964966
-17 4.162877559661865
-17 4.167765140533447
-17 4.171907424926758
-17 4.1772072315216064
-17 4.181383371353149
-17 4.186594724655151
-17 4.190834999084473
-17 4.19568943977356
-17 4.201023101806641
-17 4.206125020980835
-17 4.210216045379639
-17 4.215321779251099
-17 4.21943998336792
-17 4.224122047424316
-17 4.228567600250244
-17 4.233161449432373
-17 4.238352060317993
-17 4.243211984634399
-17 4.248236656188965
-17 4.257934331893921
-17 4.262192964553833
-17 4.267598867416382
-17 4.271742343902588
-17 4.2771971225738525
-17 4.281385660171509
-17 4.286422967910767
-17 4.290437936782837
-17 4.295531749725342
-17 4.299654960632324
-17 4.305758476257324
-17 4.31022310256958
-17 4.315334320068359
-17 4.319464206695557
-17 4.324121713638306
-17 4.3285813331604
-17 4.333168983459473
-17 4.33808970451355
-17 4.342340469360352
-17 4.347505331039429
-17 4.351683616638184
-17 4.357698917388916
-17 4.361878395080566
-17 4.367367744445801
-17 4.3715598583221436
-17 4.376895427703857
-17 4.380911588668823
-17 4.385748624801636
-17 4.38980507850647
-17 4.395211696624756
-17 4.399461269378662
-17 4.405508995056152
-17 4.409583806991577
-17 4.414870738983154
-17 4.419023752212524
-17 4.423341512680054
-17 4.4283607006073
-17 4.432905912399292
-17 4.437752962112427
-17 4.441871404647827
-17 4.447172403335571
-17 4.4513444900512695
-17 4.457387924194336
-17 4.461559534072876
-17 4.466841459274292
-17 4.4708333015441895
-17 4.475751638412476
-17 4.479820489883423
-17 4.485137701034546
-17 4.489431381225586
-17 4.494137287139893
-17 4.4985857009887695
-17 4.50320029258728
-17 4.508996248245239
-17 4.513328790664673
-17 4.518195867538452
-17 4.522456407546997
-17 4.527786493301392
-17 4.5320422649383545
-17 4.537264347076416
-17 4.541438579559326
-17 4.546834945678711
-17 4.550858736038208
-17 4.5570900440216064
-17 4.561232328414917
-17 4.566178798675537
-17 4.570275068283081
-17 4.575384616851807
-17 4.579477310180664
-17 4.584542989730835
-17 4.588887453079224
-17 4.5932300090789795
-17 4.598119497299194
-17 4.602407693862915
-17 4.608413219451904
-17 4.612975358963013
-17 4.617918014526367
-17 4.622175931930542
-17 4.627393960952759
-17 4.631560325622559
-17 4.636845111846924
-17 4.640876770019531
-17 4.645731449127197
-17 4.649813413619995
-17 4.659713268280029
-17 4.665673494338989
-17 4.670237302780151
-17 4.675376892089844
-17 4.679610967636108
-17 4.684895277023315
-17 4.689014673233032
-17 4.69335412979126
-17 4.698199987411499
-17 4.7024619579315186
-17 4.7076027393341064
-17 4.71295952796936
-17 4.717816591262817
-17 4.7220778465271
-17 4.727434873580933
-17 4.731578588485718
-17 4.736846446990967
-17 4.740872383117676
-17 4.745747327804565
-17 4.749953031539917
-17 4.755165338516235
-17 4.76030707359314
-17 4.765416383743286
-17 4.769521236419678
-17 4.774887561798096
-17 4.778996467590332
-17 4.7833287715911865
-17 4.788400888442993
-17 4.792968511581421
-17 4.797832250595093
-17 4.802056312561035
-17 4.807279348373413
-17 4.8123860359191895
-17 4.817552328109741
-17 4.821728944778442
-17 4.8269970417022705
-17 4.8310511112213135
-17 4.836102247238159
-17 4.8400866985321045
-17 4.845320224761963
-17 4.849591255187988
-17 4.854902029037476
-17 4.859064340591431
-17 4.865142822265625
-17 4.869263172149658
-17 4.873591184616089
-17 4.878443956375122
-17 4.883002519607544
-17 4.8879125118255615
-17 4.892178773880005
-17 4.897388458251953
-17 4.901553630828857
-17 4.9070518016815186
-17 4.911876916885376
-17 4.917392730712891
-17 4.921559810638428
-17 4.926604509353638
-17 4.93058967590332
-17 4.9356889724731445
-17 4.9397783279418945
-17 4.945106029510498
-17 4.949224948883057
-17 4.9535369873046875
-17 4.958409547805786
-17 4.964111804962158
-17 4.969022512435913
-17 4.9733335971832275
-17 4.978195667266846
-17 4.982461929321289
-17 4.987612962722778
-17 4.991764545440674
-17 4.9970738887786865
-17 5.001229286193848
-17 5.006199598312378
-17 5.010288715362549
-17 5.01650595664978
-17 5.020502328872681
-17 5.025606155395508
-17 5.029820203781128
-17 5.035111665725708
-17 5.03927755355835
-17 5.043650388717651
-17 5.048891067504883
-17 5.057864189147949
-17 5.06216835975647
-17 5.068201780319214
-17 5.072479724884033
-17 5.077834129333496
-17 5.082065582275391
-17 5.08755087852478
-17 5.091701984405518
-17 5.096970319747925
-17 5.101015090942383
-17 5.106123447418213
-17 5.110211372375488
-17 5.116196393966675
-17 5.120302677154541
-17 5.125414848327637
-17 5.129514455795288
-17 5.134873867034912
-17 5.138995885848999
-17 5.143304109573364
-17 5.148344039916992
-17 5.152886152267456
-17 5.157752275466919
-17 5.1620752811431885
-17 5.168031692504883
-17 5.172295093536377
-17 5.1776227951049805
-17 5.18178391456604
-17 5.187053203582764
-17 5.191056966781616
-17 5.196127653121948
-17 5.200222969055176
-17 5.205341577529907
-17 5.209593772888184
-17 5.214900255203247
-17 5.219768285751343
-17 5.225069999694824
-17 5.229192018508911
-17 5.233517169952393
-17 5.238390684127808
-17 5.242953300476074
-17 5.247825622558594
-17 5.252045631408691
-17 5.2572667598724365
-17 5.261507272720337
-17 5.267525672912598
-17 5.271754741668701
-17 5.276998519897461
-17 5.281027555465698
-17 5.286105632781982
-17 5.290070533752441
-17 5.2953033447265625
-17 5.305152416229248
-17 5.3094305992126465
-17 5.3141279220581055
-17 5.319690704345703
-17 5.325030326843262
-17 5.32929539680481
-17 5.333591461181641
-17 5.3384459018707275
-17 5.34896183013916
-17 5.353363275527954
-17 5.358235597610474
-17 5.362491130828857
-17 5.367665529251099
-17 5.373083829879761
-17 5.377989768981934
-17 5.382242202758789
-17 5.387574195861816
-17 5.39174747467041
-17 5.396981477737427
-17 5.401015281677246
-17 5.406134605407715
-17 5.410235643386841
-17 5.415374279022217
-17 5.420461654663086
-17 5.425592660903931
-17 5.429713726043701
-17 5.4350597858428955
-17 5.439344882965088
-17 5.444035530090332
-17 5.448913335800171
-17 5.453229188919067
-17 5.461699485778809
-17 5.467101097106934
-17 5.472044944763184
-17 5.477477073669434
-17 5.481658458709717
-17 5.487090587615967
-17 5.491239070892334
-17 5.496212959289551
-17 5.500322341918945
-17 5.505413055419922
-17 5.509693145751953
-17 5.5150063037872314
-17 5.519162893295288
-17 5.525227069854736
-17 5.5293450355529785
-17 5.534058570861816
-17 5.538539886474609
-17 5.543101072311401
-17 5.547948837280273
-17 5.552186965942383
-17 5.557386636734009
-17 5.561556577682495
-17 5.56696343421936
-17 5.571063756942749
-17 5.577352523803711
-17 5.581549644470215
-17 5.586851596832275
-17 5.590875148773193
-17 5.595730781555176
-17 5.599953651428223
-17 5.605180501937866
-17 5.609308242797852
-17 5.613613843917847
-17 5.618454933166504
-17 5.624554872512817
-17 5.629081726074219
-17 5.63342547416687
-17 5.638286113739014
-17 5.642833232879639
-17 5.6477038860321045
-17 5.651860952377319
-17 5.65716028213501
-17 5.661321640014648
-17 5.6671974658966064
-17 5.671349763870239
-17 5.67737078666687
-17 5.681589365005493
-17 5.686971426010132
-17 5.691000938415527
-17 5.696227073669434
-17 5.70035719871521
-17 5.70546817779541
-17 5.709594249725342
-17 5.7148661613464355
-17 5.718997240066528
-17 5.723329544067383
-17 5.729098796844482
-17 5.7334303855896
-17 5.738311290740967
-17 5.742848634719849
-17 5.747880458831787
-17 5.75213098526001
-17 5.757304430007935
-17 5.761483192443848
-17 5.766525745391846
-17 5.770530700683594
-17 5.776939630508423
-17 5.780971050262451
-17 5.786013603210449
-17 5.790018081665039
-17 5.795260190963745
-17 5.799376487731934
-17 5.80407190322876
-17 5.808952331542969
-17 5.813283443450928
-17 5.81816554069519
-17 5.822443008422852
-17 5.828394412994385
-17 5.8329362869262695
-17 5.837798357009888
-17 5.842058420181274
-17 5.847303152084351
-17 5.851461887359619
-17 5.859989166259766
-17 5.865291118621826
-17 5.869609117507935
-17 5.874883651733398
-17 5.879976749420166
-17 5.885199069976807
-17 5.8894617557525635
-17 5.894129276275635
-17 5.898589611053467
-17 5.903187036514282
-17 5.90805196762085
-17 5.912301778793335
-17 5.917503833770752
-17 5.9216790199279785
-17 5.927120685577393
-17 5.932185888290405
-17 5.937427520751953
-17 5.941598653793335
-17 5.946842670440674
-17 5.9508373737335205
-17 5.955751657485962
-17 5.960213899612427
-17 5.965350151062012
-17 5.969464063644409
-17 5.974132299423218
-17 5.979618072509766
-17 5.984929323196411
-17 5.989263534545898
-17 5.993587017059326
-17 5.998437404632568
