0 0.0009465217590332031
-1 0.012009143829345703
-1 0.02288365364074707
-2 0.03078293800354004
-3 0.04433131217956543
-4 0.054270029067993164
-6 0.06423497200012207
-6 0.07230806350708008
-8 0.07764053344726562
-8 0.08562183380126953
-9 0.09048151969909668
-9 0.09479403495788574
-10 0.09999465942382812
-11 0.10418224334716797
-11 0.10949945449829102
-12 0.11353111267089844
-13 0.11863088607788086
-14 0.12403655052185059
-14 0.12945771217346191
-15 0.1335000991821289
-15 0.13833069801330566
-16 0.1425173282623291
-16 0.14777326583862305
-16 0.15204715728759766
-17 0.15740752220153809
-17 0.1617422103881836
-17 0.16608810424804688
-18 0.17200636863708496
-18 0.17738747596740723
-18 0.1815481185913086
-18 0.18588566780090332
-18 0.19093060493469238
-18 0.19548249244689941
-18 0.2003931999206543
-18 0.20470714569091797
-18 0.209977388381958
-18 0.21417713165283203
-18 0.2194371223449707
-18 0.224412202835083
-18 0.22967004776000977
-18 0.2338716983795166
-18 0.2388765811920166
-18 0.2428901195526123
-18 0.24800562858581543
-18 0.25229334831237793
-18 0.2576315402984619
-18 0.26177382469177246
-18 0.26612401008605957
-18 0.270993709564209
-18 0.27666282653808594
-18 0.28154873847961426
-18 0.285874605178833
-18 0.2907533645629883
-18 0.2950479984283447
-18 0.3002171516418457
-18 0.3043825626373291
-18 0.3098146915435791
-18 0.3139829635620117
-18 0.3190619945526123
-18 0.3231167793273926
-18 0.3294377326965332
-18 0.33348727226257324
-18 0.3385434150695801
-18 0.342801570892334
-18 0.3479423522949219
-18 0.35211706161499023
-18 0.3574182987213135
-18 0.36153268814086914
-18 0.36586475372314453
-18 0.3709373474121094
-18 0.37667417526245117
-18 0.3814060688018799
-18 0.38573694229125977
-18 0.39065122604370117
-18 0.39494967460632324
-18 0.4001312255859375
-18 0.4043090343475342
-18 0.40972447395324707
-18 0.41390204429626465
-18 0.4189755916595459
-18 0.422976016998291
-18 0.42962002754211426
-18 0.4337928295135498
-18 0.44200992584228516
-18 0.44705820083618164
-18 0.45160341262817383
-18 0.4559316635131836
-18 0.4609670639038086
-18 0.4655320644378662
-18 0.4705936908721924
-18 0.4748656749725342
-18 0.480804443359375
-18 0.485365629196167
-18 0.49044108390808105
-18 0.49474263191223145
-18 0.4999561309814453
-18 0.5041327476501465
-18 0.5094034671783447
-18 0.5134360790252686
-18 0.5182833671569824
-18 0.5224857330322266
-18 0.5286135673522949
-18 0.5326085090637207
-18 0.5378546714782715
-18 0.5421216487884521
-18 0.5474114418029785
-18 0.5517141819000244
-18 0.5560500621795654
-18 0.5609261989593506
-18 0.5655052661895752
-18 0.5703887939453125
-18 0.5746634006500244
-18 0.5806386470794678
-18 0.5849614143371582
-18 0.5901412963867188
-18 0.59432053565979
-18 0.5996189117431641
-18 0.6037614345550537
-18 0.6089825630187988
-18 0.6130056381225586
-18 0.6181216239929199
-18 0.6222493648529053
-18 0.6275711059570312
-18 0.6324615478515625
-18 0.637688398361206
-18 0.6418306827545166
-18 0.6461586952209473
-18 0.6510295867919922
-18 0.6555933952331543
-18 0.6604740619659424
-18 0.6647458076477051
-18 0.6701047420501709
-18 0.6742815971374512
-18 0.6801741123199463
-18 0.684394359588623
-18 0.6903090476989746
-18 0.6944661140441895
-18 0.699798583984375
-18 0.7039830684661865
-18 0.709019660949707
-18 0.7130229473114014
-18 0.7181148529052734
-18 0.7222561836242676
-18 0.7276079654693604
-18 0.7340297698974609
-18 0.73905348777771
-18 0.7430832386016846
-18 0.748162031173706
-18 0.7522854804992676
-18 0.7576406002044678
-18 0.7617871761322021
-18 0.766106128692627
-18 0.7709589004516602
-18 0.7755007743835449
-18 0.7804172039031982
-18 0.7857768535614014
-18 0.7908070087432861
-18 0.7953672409057617
-18 0.8004188537597656
-18 0.804692268371582
-18 0.8098957538604736
-18 0.8140749931335449
-18 0.819387674331665
-18 0.8234081268310547
-18 0.8282918930053711
-18 0.833550214767456
-18 0.8428645133972168
-18 0.8479652404785156
-18 0.8523168563842773
-18 0.8576581478118896
-18 0.8620142936706543
-18 0.8670728206634521
-18 0.8715815544128418
-18 0.8759298324584961
-18 0.8808741569519043
-18 0.8866417407989502
-18 0.8913729190826416
-18 0.8957178592681885
-18 0.9006040096282959
-18 0.9048783779144287
-18 0.9102022647857666
-18 0.9143846035003662
-18 0.919668436050415
-18 0.9238574504852295
-18 0.9290287494659424
-18 0.9341952800750732
-18 0.9394779205322266
-18 0.9435751438140869
-18 0.9486410617828369
-18 0.9527490139007568
-18 0.9578635692596436
-18 0.9619948863983154
-18 0.9670488834381104
-18 0.9716043472290039
-18 0.9759442806243896
-18 0.980823278427124
-18 0.9866030216217041
-18 0.9911010265350342
-18 0.9957001209259033
-18 1.0006191730499268
-18 1.0048713684082031
-18 1.010030746459961
-18 1.0142223834991455
-18 1.0194933414459229
-18 1.0235233306884766
-18 1.0287835597991943
-18 1.0328822135925293
-18 1.039081335067749
-18 1.0430924892425537
-18 1.0482158660888672
-18 1.0523097515106201
-18 1.0576450824737549
-18 1.0619449615478516
-18 1.066636085510254
-18 1.0710930824279785
-18 1.0756549835205078
-18 1.0805304050445557
-18 1.0847973823547363
-18 1.0908410549163818
-18 1.0953729152679443
-18 1.100259780883789
-18 1.1044204235076904
-18 1.1097807884216309
-18 1.1139705181121826
-18 1.1189892292022705
-18 1.1229894161224365
-18 1.1280725002288818
-18 1.1321792602539062
-18 1.1382434368133545
-18 1.1423473358154297
-18 1.1476595401763916
-18 1.1519570350646973
-18 1.1566357612609863
-18 1.1610925197601318
-18 1.1657488346099854
-18 1.1706383228302002
-18 1.1749074459075928
-18 1.1800401210784912
-18 1.1841955184936523
-18 1.1902217864990234
-18 1.1944191455841064
-18 1.1996715068817139
-18 1.2038471698760986
-18 1.2090487480163574
-18 1.2130513191223145
-18 1.2181494235992432
-18 1.2222750186920166
-18 1.2275824546813965
-18 1.2316994667053223
-18 1.2360191345214844
-18 1.245755910873413
-18 1.2507708072662354
-18 1.255342960357666
-18 1.2603814601898193
-18 1.2646148204803467
-18 1.2700624465942383
-18 1.274261474609375
-18 1.2795014381408691
-18 1.283581018447876
-18 1.2886488437652588
-18 1.2939083576202393
-18 1.2990002632141113
-18 1.3030040264129639
-18 1.3080878257751465
-18 1.3121943473815918
-18 1.3174583911895752
-18 1.3217658996582031
-18 1.3260900974273682
-18 1.3311290740966797
-18 1.335709571838379
-18 1.341646671295166
-18 1.3459880352020264
-18 1.3508601188659668
-18 1.3554654121398926
-18 1.360316276550293
-18 1.364565134048462
-18 1.3697762489318848
-18 1.3739466667175293
-18 1.3789665699005127
-18 1.3829896450042725
-18 1.3880689144134521
-18 1.3937513828277588
-18 1.39872145652771
-18 1.4028348922729492
-18 1.407945156097412
-18 1.4120690822601318
-18 1.4173917770385742
-18 1.421539545059204
-18 1.4258506298065186
-18 1.4307177066802979
-18 1.4349842071533203
-18 1.4401533603668213
-18 1.4455065727233887
-18 1.4505701065063477
-18 1.4548454284667969
-18 1.4600310325622559
-18 1.4642443656921387
-18 1.469496726989746
-18 1.4735021591186523
-18 1.478609323501587
-18 1.4826078414916992
-18 1.4878363609313965
-18 1.492976188659668
-18 1.4981005191802979
-18 1.5022242069244385
-18 1.5075111389160156
-18 1.511780023574829
-18 1.516082525253296
-18 1.5235590934753418
-18 1.5286338329315186
-18 1.5327849388122559
-18 1.5379056930541992
-18 1.5420269966125488
-18 1.5480854511260986
-18 1.5521833896636963
-18 1.557481050491333
-18 1.5616276264190674
-18 1.5659642219543457
-18 1.5709729194641113
-18 1.5755832195281982
-18 1.580627679824829
-18 1.5849034786224365
-18 1.5900511741638184
-18 1.595000982284546
-18 1.6001615524291992
-18 1.6043543815612793
-18 1.6095733642578125
-18 1.6135802268981934
-18 1.6186628341674805
-18 1.6227691173553467
-18 1.627908706665039
-18 1.6322152614593506
-18 1.6375384330749512
-18 1.6470699310302734
-18 1.6515991687774658
-18 1.6559441089630127
-18 1.6609621047973633
-18 1.665494680404663
-18 1.6704864501953125
-18 1.6747474670410156
-18 1.6799335479736328
-18 1.6841216087341309
-18 1.7023074626922607
-18 1.7134408950805664
-18 1.7211174964904785
-18 1.7310411930084229
-18 1.753385305404663
-18 1.764019250869751
-18 1.779737949371338
-18 1.7916853427886963
-18 1.8030810356140137
-18 1.8145637512207031
-18 1.844313383102417
-18 1.8605246543884277
-18 1.881617784500122
-18 1.8921518325805664
-18 1.8974964618682861
-18 1.9090354442596436
-18 1.9130918979644775
-18 1.9181995391845703
-18 1.9222984313964844
-18 1.927628517150879
-18 1.931981086730957
-18 1.936680793762207
-18 1.9411206245422363
-18 1.9457073211669922
-18 1.9506235122680664
-18 1.9558897018432617
-18 1.9608097076416016
-18 1.9653704166412354
-18 1.9704158306121826
-18 1.9747073650360107
-18 1.9799299240112305
-18 1.9841067790985107
-18 1.9896068572998047
-18 1.993776798248291
-18 1.9987292289733887
-18 2.004011869430542
-18 2.009033679962158
-18 2.0130691528320312
-18 2.0182290077209473
-18 2.022313356399536
-18 2.0276079177856445
-18 2.0317862033843994
-18 2.036102056503296
-18 2.0409598350524902
-18 2.050107955932617
-18 2.0553719997406006
-18 2.060389280319214
-18 2.0646440982818604
-18 2.069974899291992
-18 2.0741498470306396
-18 2.079392671585083
-18 2.085392713546753
-18 2.090402841567993
-18 2.094691514968872
-18 2.100118637084961
-18 2.105454206466675
-18 2.1115524768829346
-18 2.1159002780914307
-18 2.1209466457366943
-18 2.125502824783325
-18 2.130500316619873
-18 2.134760618209839
-18 2.1401114463806152
-18 2.144261598587036
-18 2.149540901184082
-18 2.1535792350769043
-18 2.1615869998931885
-18 2.1698806285858154
-18 2.1740922927856445
-18 2.1793744564056396
-18 2.1834232807159424
-18 2.1882951259613037
-18 2.192471742630005
-18 2.197697401046753
-18 2.201869487762451
-18 2.207932949066162
-18 2.212023973464966
-18 2.217066764831543
-18 2.2213971614837646
-18 2.225740671157837
-18 2.230797529220581
-18 2.2353665828704834
-18 2.2402544021606445
-18 2.244410753250122
-18 2.249659299850464
-18 2.2538647651672363
-18 2.2599573135375977
-18 2.264129877090454
-18 2.2694320678710938
-18 2.273477077484131
-18 2.278323173522949
-18 2.282505512237549
-18 2.287778377532959
-18 2.292039632797241
-18 2.297077178955078
-18 2.3014259338378906
-18 2.3057641983032227
-18 2.31259822845459
-18 2.3178014755249023
-18 2.3219306468963623
-18 2.3266186714172363
-18 2.331101894378662
-18 2.3356783390045166
-18 2.3405776023864746
-18 2.344881534576416
-18 2.350202798843384
-18 2.354367256164551
-18 2.360577344894409
-18 2.3648431301116943
-18 2.370030641555786
-18 2.374176263809204
-18 2.3794121742248535
-18 2.3834447860717773
-18 2.388287305831909
-18 2.3923590183258057
-18 2.3977210521698
-18 2.40185546875
-18 2.4065403938293457
-18 2.4121575355529785
-18 2.417419672012329
-18 2.421574831008911
-18 2.4259026050567627
-18 2.430783271789551
-18 2.4353373050689697
-18 2.4402151107788086
-18 2.4490981101989746
-18 2.4531102180480957
-18 2.458207368850708
-18 2.463911771774292
-18 2.469398260116577
-18 2.4734294414520264
-18 2.4782819747924805
-18 2.48234486579895
-18 2.4876461029052734
-18 2.4919426441192627
-18 2.4966063499450684
-18 2.5010743141174316
-18 2.5056517124176025
-18 2.51153826713562
-18 2.51590633392334
-18 2.5207459926605225
-18 2.5250234603881836
-18 2.530393123626709
-18 2.53464937210083
-18 2.5398216247558594
-18 2.5440242290496826
-18 2.5490434169769287
-18 2.553067922592163
-18 2.5581777095794678
-18 2.5635597705841064
-18 2.568638324737549
-18 2.572624683380127
-18 2.5778396129608154
-18 2.5819578170776367
-18 2.5866386890411377
-18 2.5915238857269287
-18 2.5958566665649414
-18 2.6007213592529297
-18 2.6049885749816895
-18 2.610119581222534
-18 2.6154935359954834
-18 2.620569944381714
-18 2.6248457431793213
-18 2.63002347946167
-18 2.6342227458953857
-18 2.639500141143799
-18 2.6435036659240723
-18 2.6487605571746826
-18 2.6528735160827637
-18 2.6579959392547607
-18 2.662097930908203
-18 2.6681196689605713
-18 2.672246217727661
-18 2.677561044692993
-18 2.6817374229431152
-18 2.6860530376434326
-18 2.691802978515625
-18 2.6961400508880615
-18 2.700986385345459
-18 2.705564022064209
-18 2.710613965988159
-18 2.7158684730529785
-18 2.7207252979278564
-18 2.7250001430511475
-18 2.7301688194274902
-18 2.7343173027038574
-18 2.7396023273468018
-18 2.7437422275543213
-18 2.7489700317382812
-18 2.7530603408813477
-18 2.7581233978271484
-18 2.7622671127319336
-18 2.7687759399414062
-18 2.7728850841522217
-18 2.7780535221099854
-18 2.7821524143218994
-18 2.787431240081787
-18 2.791562557220459
-18 2.7958881855010986
-18 2.8009238243103027
-18 2.8054909706115723
-18 2.810436248779297
-18 2.8147077560424805
-18 2.8206310272216797
-18 2.8248844146728516
-18 2.8302154541015625
-18 2.8344039916992188
-18 2.839669704437256
-18 2.8480489253997803
-18 2.852306842803955
-18 2.857645273208618
-18 2.8619534969329834
-18 2.867997407913208
-18 2.8722498416900635
-18 2.877549886703491
-18 2.8818471431732178
-18 2.8865833282470703
-18 2.89149808883667
-18 2.895829677581787
-18 2.9007344245910645
-18 2.9050331115722656
-18 2.910191297531128
-18 2.9143717288970947
-18 2.920377016067505
-18 2.924647092819214
-18 2.9298384189605713
-18 2.934008836746216
-18 2.939033031463623
-18 2.9430525302886963
-18 2.9481310844421387
-18 2.952366352081299
-18 2.9576871395111084
-18 2.961834669113159
-18 2.9661593437194824
-18 2.972014904022217
-18 2.9770667552948
-18 2.9814062118530273
-18 2.985748767852783
-18 2.9906322956085205
-18 2.994900941848755
-18 3.000119924545288
-18 3.0042927265167236
-18 3.0097475051879883
-18 3.0139029026031494
-18 3.019843101501465
-18 3.024043560028076
-18 3.0293612480163574
-18 3.0333759784698486
-18 3.0382490158081055
-18 3.0424749851226807
-18 3.0476977825164795
-18 3.0518341064453125
-18 3.0565481185913086
-18 3.0610694885253906
-18 3.065599203109741
-18 3.0715324878692627
-18 3.0758752822875977
-18 3.0807480812072754
-18 3.0850298404693604
-18 3.0901713371276855
-18 3.094341278076172
-18 3.0996387004852295
-18 3.1037909984588623
-18 3.1087701320648193
-18 3.112912893295288
-18 3.11803936958313
-18 3.123445749282837
-18 3.1282870769500732
-18 3.1327385902404785
-18 3.137871026992798
-18 3.1421279907226562
-18 3.1473920345306396
-18 3.1515252590179443
-18 3.1558470726013184
-18 3.1607091426849365
-18 3.16499662399292
-18 3.1701300144195557
-18 3.175466299057007
-18 3.180351734161377
-18 3.1845898628234863
-18 3.1899967193603516
-18 3.1941890716552734
-18 3.199415922164917
-18 3.203422784805298
-18 3.2082769870758057
-18 3.21247935295105
-18 3.2177324295043945
-18 3.2226200103759766
-18 3.2278549671173096
-18 3.231984853744507
-18 3.237832546234131
-18 3.2419538497924805
-18 3.250823974609375
-18 3.255403995513916
-18 3.260438919067383
-18 3.264690637588501
-18 3.270160436630249
-18 3.275521993637085
-18 3.2805895805358887
-18 3.284844398498535
-18 3.289998769760132
-18 3.2942023277282715
-18 3.299488067626953
-18 3.3035125732421875
-18 3.3087682723999023
-18 3.312878131866455
-18 3.317964792251587
-18 3.3220701217651367
-18 3.3281595706939697
-18 3.3322834968566895
-18 3.3375730514526367
-18 3.3417165279388428
-18 3.3460323810577393
-18 3.3508670330047607
-18 3.3554506301879883
-18 3.3603427410125732
-18 3.364567995071411
-18 3.3699264526367188
-18 3.374990701675415
-18 3.3802108764648438
-18 3.3843679428100586
-18 3.389601230621338
-18 3.39373779296875
-18 3.3989179134368896
-18 3.402944326400757
-18 3.408133029937744
-18 3.4122226238250732
-18 3.4175310134887695
-18 3.4216818809509277
-18 3.427791118621826
-18 3.432037115097046
-18 3.437102794647217
-18 3.441431999206543
-18 3.445751667022705
-18 3.4506194591522217
-18 3.4548916816711426
-18 3.4600443840026855
-18 3.464236259460449
-18 3.469496726989746
-18 3.473572254180908
-18 3.4797353744506836
-18 3.483901023864746
-18 3.4891014099121094
-18 3.493117094039917
-18 3.4982123374938965
-18 3.502304792404175
-18 3.507612943649292
-18 3.511749029159546
-18 3.516062021255493
-18 3.5209572315216064
-18 3.525498867034912
-18 3.531538724899292
-18 3.535834550857544
-18 3.5407114028930664
-18 3.544991970062256
-18 3.5502965450286865
-18 3.5544469356536865
-18 3.5597243309020996
-18 3.5638880729675293
-18 3.568915843963623
-18 3.5729641914367676
-18 3.579007625579834
-18 3.5830602645874023
-18 3.5881619453430176
-18 3.5922770500183105
-18 3.597604990005493
-18 3.601781129837036
-18 3.6061007976531982
-18 3.611119508743286
-18 3.6157052516937256
-18 3.62065052986145
-18 3.624915361404419
-18 3.6309189796447754
-18 3.6354598999023438
-18 3.6403300762176514
-18 3.6445705890655518
-18 3.6534082889556885
-18 3.6582701206207275
-18 3.6628386974334717
-18 3.6736912727355957
-18 3.6789376735687256
-18 3.6840932369232178
-18 3.6899912357330322
-18 3.6941685676574707
-18 3.6994574069976807
-18 3.7034826278686523
-18 3.7085957527160645
-18 3.712625026702881
-18 3.717848062515259
-18 3.7219903469085693
-18 3.7270278930664062
-18 3.732468366622925
-18 3.737743616104126
-18 3.741853713989258
-18 3.7465357780456543
-18 3.75101375579834
-18 3.7556493282318115
-18 3.760485887527466
-18 3.764789342880249
-18 3.769989490509033
-18 3.7741751670837402
-18 3.7794370651245117
-18 3.7844207286834717
-18 3.7899184226989746
-18 3.7940826416015625
-18 3.799365758895874
-18 3.80340838432312
-18 3.808274507522583
-18 3.812358856201172
-18 3.817699432373047
-18 3.821810722351074
-18 3.826117515563965
-18 3.8309707641601562
-18 3.8366403579711914
-18 3.8410980701446533
-18 3.84572696685791
-18 3.8507473468780518
-18 3.855034112930298
-18 3.8601572513580322
-18 3.86433744430542
-18 3.8696203231811523
-18 3.8737869262695312
-18 3.8787431716918945
-18 3.8840460777282715
-18 3.8890669345855713
-18 3.893080711364746
-18 3.8981950283050537
-18 3.902327537536621
-18 3.9076266288757324
-18 3.9119296073913574
-18 3.916624069213867
-18 3.9215080738067627
-18 3.9258604049682617
-18 3.9307548999786377
-18 3.9360406398773193
-18 3.9409375190734863
-18 3.9454755783081055
-18 3.950387716293335
-18 3.9546854496002197
-18 3.9599289894104004
-18 3.9640872478485107
-18 3.969501256942749
-18 3.9735450744628906
-18 3.9786300659179688
-18 3.9826161861419678
-18 3.988755226135254
-18 3.992830753326416
-18 3.9979422092437744
-18 4.002046346664429
-18 4.007395029067993
-18 4.011526107788086
-18 4.015864610671997
-18 4.020751714706421
-18 4.025036811828613
-18 4.030357837677002
-18 4.035717248916626
-18 4.040640115737915
-18 4.0449206829071045
-18 4.0539491176605225
-18 4.059337854385376
-18 4.063388824462891
-18 4.06827187538147
-18 4.072608709335327
-18 4.077828884124756
-18 4.082091808319092
-18 4.088170766830444
-18 4.09252667427063
-18 4.097782611846924
-18 4.1019251346588135
-18 4.106624364852905
-18 4.111136198043823
-18 4.11571192741394
-18 4.120623588562012
-18 4.124889135360718
-18 4.130034446716309
-18 4.134191989898682
-18 4.140210390090942
-18 4.144378662109375
-18 4.149805545806885
-18 4.153962135314941
-18 4.1590118408203125
-18 4.163013696670532
-18 4.168097257614136
-18 4.1722211837768555
-18 4.177544116973877
-18 4.181848526000977
-18 4.187792778015137
-18 4.191970348358154
-18 4.1966612339019775
-18 4.20111870765686
-18 4.205748558044434
-18 4.21077036857605
-18 4.215136528015137
-18 4.220195770263672
-18 4.224360466003418
-18 4.229658365249634
-18 4.233788967132568
-18 4.2398786544799805
-18 4.244077682495117
-18 4.249382734298706
-18 4.253411531448364
-18 4.258291006088257
-18 4.262367248535156
-18 4.2676637172698975
-18 4.271953344345093
-18 4.276622533798218
-18 4.281102657318115
-18 4.285714864730835
-18 4.291577100753784
-18 4.295912742614746
-18 4.3007917404174805
-18 4.305335521697998
-18 4.310385227203369
-18 4.3146936893463135
-18 4.319891691207886
-18 4.32407021522522
-18 4.329559087753296
-18 4.333575487136841
-18 4.3386523723602295
-18 4.343864917755127
-18 4.348874807357788
-18 4.352883815765381
-18 4.3580076694488525
-18 4.362089157104492
-18 4.367395639419556
-18 4.371544599533081
-18 4.375864028930664
-18 4.380751132965088
-18 4.385313510894775
-18 4.391414403915405
-18 4.3957579135894775
-18 4.400643825531006
-18 4.404920816421509
-18 4.410075664520264
-18 4.4142444133758545
-18 4.419516324996948
-18 4.423550844192505
-18 4.428655385971069
-18 4.43269419670105
-18 4.437845468521118
-18 4.443363189697266
-18 4.452190399169922
-18 4.457535028457642
-18 4.461826801300049
-18 4.466113090515137
-18 4.471106052398682
-18 4.475684404373169
-18 4.480704307556152
-18 4.484960079193115
-18 4.490111589431763
-18 4.495378255844116
-18 4.500240802764893
-18 4.504426956176758
-18 4.509937524795532
-18 4.514136552810669
-18 4.519362449645996
-18 4.523410797119141
-18 4.528264045715332
-18 4.532352685928345
-18 4.537707328796387
-18 4.541825532913208
-18 4.547940015792847
-18 4.552047252655029
-18 4.557124614715576
-18 4.561503171920776
-18 4.5658347606658936
-18 4.5709428787231445
-18 4.5754759311676025
-18 4.580389738082886
-18 4.584625720977783
-18 4.589826583862305
-18 4.5948264598846436
-18 4.600012302398682
-18 4.604180574417114
-18 4.609419107437134
-18 4.6134374141693115
-18 4.618330955505371
-18 4.622515439987183
-18 4.627721786499023
-18 4.631990909576416
-18 4.636653661727905
-18 4.641371011734009
-18 4.647504091262817
-18 4.651634454727173
-18 4.655958890914917
-18 4.660822153091431
-18 4.6653687953948975
-18 4.670273780822754
-18 4.674408435821533
-18 4.679638385772705
-18 4.683774471282959
-18 4.6898558139801025
-18 4.694041728973389
-18 4.700280666351318
-18 4.70457911491394
-18 4.709794998168945
-18 4.713962554931641
-18 4.718983173370361
-18 4.722995042800903
-18 4.728111505508423
-18 4.732206344604492
-18 4.737468481063843
-18 4.741597890853882
-18 4.747697353363037
-18 4.751992225646973
-18 4.757070302963257
-18 4.761413335800171
-18 4.76575779914856
-18 4.770636558532715
-18 4.774909019470215
-18 4.780081033706665
-18 4.784231424331665
-18 4.789487838745117
-18 4.7935261726379395
-18 4.799692630767822
-18 4.803856611251831
-18 4.809067964553833
-18 4.813077926635742
-18 4.818143367767334
-18 4.822286605834961
-18 4.827555418014526
-18 4.831839323043823
-18 4.836151838302612
-18 4.840980529785156
-18 4.845534324645996
-18 4.854722738265991
-18 4.860069751739502
-18 4.864221096038818
-18 4.869717359542847
-18 4.873877286911011
-18 4.8790364265441895
-18 4.883044242858887
-18 4.888127088546753
-18 4.892240762710571
-18 4.897560119628906
-18 4.9026103019714355
-18 4.907841682434082
-18 4.911942481994629
-18 4.9166693687438965
-18 4.921138048171997
-18 4.925713539123535
-18 4.930730819702148
-18 4.934982061386108
-18 4.940120458602905
-18 4.944308042526245
-18 4.950302839279175
-18 4.9544525146484375
-18 4.959920644760132
-18 4.964073657989502
-18 4.969120740890503
-18 4.973379135131836
-18 4.978233337402344
-18 4.9823150634765625
-18 4.987619638442993
-18 4.991927146911621
-18 4.996607780456543
-18 5.00215220451355
-18 5.007431983947754
-18 5.011558294296265
-18 5.015883207321167
-18 5.020740270614624
-18 5.025004148483276
-18 5.030149221420288
-18 5.0343241691589355
-18 5.039623975753784
-18 5.0437846183776855
-18 5.0489747524261475
-18 5.054258823394775
-18 5.059510946273804
-18 5.0635340213775635
-18 5.0686235427856445
-18 5.072612285614014
-18 5.0778093338012695
-18 5.087049722671509
-18 5.0915727615356445
-18 5.095915079116821
-18 5.101821184158325
-18 5.106600522994995
-18 5.111540794372559
-18 5.115857124328613
-18 5.120743274688721
-18 5.125013589859009
-18 5.130196809768677
-18 5.1343910694122314
-18 5.1396520137786865
-18 5.143854141235352
-18 5.148889541625977
-18 5.15407919883728
-18 5.159114599227905
-18 5.163453817367554
-18 5.1682868003845215
-18 5.17282509803772
-18 5.17792010307312
-18 5.1820313930511475
-18 5.187078475952148
-18 5.1914637088775635
-18 5.195800304412842
-18 5.200678110122681
-18 5.2060768604278564
-18 5.210949659347534
-18 5.215496301651001
-18 5.220514535903931
-18 5.2247560024261475
-18 5.230092287063599
-18 5.234237194061279
-18 5.23950719833374
-18 5.243565082550049
-18 5.248654127120972
-18 5.258197546005249
-18 5.262542009353638
-18 5.267796754837036
-18 5.272058486938477
-18 5.2773520946502686
-18 5.281650066375732
-18 5.285958290100098
-18 5.2909629344940186
-18 5.295513153076172
-18 5.300431489944458
-18 5.305778741836548
-18 5.3106467723846436
-18 5.314951181411743
-18 5.320115089416504
-18 5.324307680130005
-18 5.329558849334717
-18 5.333571195602417
-18 5.338647127151489
-18 5.342728614807129
-18 5.347842216491699
-18 5.352114915847778
-18 5.358273267745972
-18 5.362347364425659
-18 5.367650985717773
-18 5.3717942237854
-18 5.3761067390441895
-18 5.381052494049072
-18 5.38559627532959
-18 5.390456914901733
-18 5.39470911026001
-18 5.399899959564209
-18 5.404074668884277
-18 5.410261154174805
-18 5.414413928985596
-18 5.419699668884277
-18 5.4238409996032715
-18 5.428784608840942
-18 5.432869911193848
-18 5.437986373901367
-18 5.442105770111084
-18 5.447401523590088
-18 5.457949876785278
-18 5.462079048156738
-18 5.467394590377808
-18 5.47170352935791
-18 5.476003885269165
-18 5.481077432632446
-18 5.4856276512146
-18 5.490508079528809
-18 5.494765996932983
-18 5.499976634979248
-18 5.504159450531006
-18 5.510141372680664
-18 5.514296054840088
-18 5.519586801528931
-18 5.523681163787842
-18 5.528943300247192
-18 5.532928228378296
-18 5.538090944290161
-18 5.542198657989502
-18 5.547515869140625
-18 5.551649808883667
-18 5.555976629257202
-18 5.561891555786133
-18 5.566599130630493
-18 5.571071147918701
-18 5.5756306648254395
-18 5.580517530441284
-18 5.584769248962402
-18 5.590080976486206
-18 5.594246864318848
-18 5.59954309463501
-18 5.60356330871582
-18 5.6097633838653564
-18 5.613978624343872
-18 5.619011163711548
-18 5.623018264770508
-18 5.628148317337036
-18 5.6322712898254395
-18 5.63758397102356
-18 5.641718149185181
-18 5.6460394859313965
-18 5.651069164276123
-18 5.660904169082642
-18 5.665456533432007
-18 5.670463562011719
-18 5.674707889556885
-18 5.680066823959351
-18 5.684298276901245
-18 5.690161466598511
-18 5.694321155548096
-18 5.699594020843506
-18 5.703702449798584
-18 5.70895791053772
-18 5.714207887649536
-18 5.7194366455078125
-18 5.723438024520874
-18 5.728274345397949
-18 5.732360363006592
-18 5.737933874130249
-18 5.74256157875061
-18 5.747803688049316
-18 5.751925468444824
-18 5.756622552871704
-18 5.762166261672974
-18 5.767511367797852
-18 5.771805286407471
-18 5.776113748550415
-18 5.780968189239502
-18 5.785482406616211
-18 5.790361404418945
-18 5.794603109359741
-18 5.799794912338257
-18 5.803966999053955
-18 5.80904221534729
-18 5.814217805862427
-18 5.819499254226685
-18 5.823532581329346
-18 5.828781604766846
-18 5.83288311958313
-18 5.837979316711426
-18 5.842108726501465
-18 5.84739351272583
-18 5.8515565395355225
-18 5.855874538421631
-18 5.860722780227661
-18 5.866051197052002
-18 5.87107515335083
-18 5.8756794929504395
-18 5.880566835403442
-18 5.884853839874268
-18 5.890160799026489
-18 5.894331693649292
-18 5.899626731872559
-18 5.903770923614502
-18 5.90873646736145
-18 5.912855863571167
-18 5.918950319290161
-18 5.922944068908691
-18 5.928065299987793
-18 5.932153940200806
-18 5.9374213218688965
-18 5.941562652587891
-18 5.945850849151611
-18 5.9508843421936035
-18 5.955479860305786
-18 5.960343360900879
-18 5.965703725814819
-18 5.97062349319458
-18 5.974897861480713
-18 5.98004412651062
-18 5.98423171043396
-18 5.9894633293151855
-18 5.993468284606934
-18 5.998324871063232
