0 0.0034492015838623047
0 0.013643980026245117
-1 0.023806333541870117
-2 0.03251838684082031
-4 0.043886661529541016
-5 0.05286693572998047
-6 0.06358671188354492
-7 0.06958794593811035
-8 0.07393097877502441
-9 0.07899093627929688
-10 0.08361411094665527
-11 0.0885002613067627
-12 0.09278273582458496
-13 0.09796547889709473
-14 0.10213184356689453
-15 0.10741233825683594
-16 0.11160588264465332
-17 0.11774539947509766
-19 0.12195158004760742
-20 0.12699556350708008
-21 0.1312706470489502
-22 0.13616609573364258
-22 0.14062786102294922
-23 0.14577150344848633
-24 0.14989352226257324
-25 0.15524959564208984
-26 0.15942668914794922
-26 0.16379427909851074
-27 0.16982102394104004
-28 0.17450952529907227
-28 0.17928385734558105
-28 0.18361973762512207
-28 0.18847203254699707
-29 0.1927659511566162
-29 0.19812393188476562
-29 0.20244693756103516
-29 0.2077174186706543
-29 0.2119147777557373
-29 0.2169356346130371
-29 0.22214651107788086
-29 0.227400541305542
-29 0.2314291000366211
-29 0.23652100563049316
-29 0.2406294345855713
-29 0.24580931663513184
-29 0.24997663497924805
-29 0.25527095794677734
-29 0.25960731506347656
-29 0.26395368576049805
-29 0.2698824405670166
-29 0.2752866744995117
-29 0.2838308811187744
-29 0.28885555267333984
-29 0.2934532165527344
-29 0.2985682487487793
-29 0.3028571605682373
-29 0.3081796169281006
-29 0.3124239444732666
-29 0.3178260326385498
-29 0.32335638999938965
-29 0.328324556350708
-29 0.3325800895690918
-29 0.3377857208251953
-29 0.3419632911682129
-29 0.3472418785095215
-29 0.35125255584716797
-29 0.3561434745788574
-29 0.3603391647338867
-29 0.3655731678009033
-29 0.37069249153137207
-29 0.37581682205200195
-29 0.38008570671081543
-29 0.38543033599853516
-29 0.38960814476013184
-29 0.3939223289489746
-29 0.39879584312438965
-29 0.4033668041229248
-29 0.4082794189453125
-29 0.4125797748565674
-29 0.4177725315093994
-29 0.4227910041809082
-29 0.428131103515625
-29 0.4324650764465332
-29 0.437847375869751
-29 0.44204211235046387
-29 0.4473130702972412
-29 0.4513261318206787
-29 0.4564223289489746
-29 0.4604363441467285
-29 0.46573710441589355
-29 0.46991729736328125
-29 0.47594213485717773
-29 0.4800832271575928
-29 0.4853677749633789
-29 0.4895040988922119
-29 0.4938654899597168
-29 0.498943567276001
-29 0.5034680366516113
-29 0.510162353515625
-29 0.5165259838104248
-29 0.5206472873687744
-29 0.5268864631652832
-29 0.5309171676635742
-29 0.5360214710235596
-29 0.5401427745819092
-29 0.5454611778259277
-29 0.5496358871459961
-29 0.5539894104003906
-29 0.5592706203460693
-29 0.5636334419250488
-29 0.568509578704834
-29 0.5738248825073242
-29 0.5787434577941895
-29 0.5833137035369873
-29 0.5881936550140381
-29 0.5924568176269531
-29 0.5976781845092773
-29 0.6018576622009277
-29 0.606917142868042
-29 0.6109344959259033
-29 0.6159963607788086
-29 0.6203367710113525
-29 0.6264691352844238
-29 0.6304798126220703
-29 0.6357321739196777
-29 0.6398508548736572
-29 0.6449089050292969
-29 0.6493065357208252
-29 0.6536223888397217
-29 0.6585090160369873
-29 0.6628131866455078
-29 0.6680185794830322
-29 0.6722042560577393
-29 0.6783239841461182
-29 0.6874933242797852
-29 0.6916449069976807
-29 0.6968584060668945
-29 0.7008547782897949
-29 0.7059376239776611
-29 0.7101988792419434
-29 0.7155416011810303
-29 0.719667911529541
-29 0.7239737510681152
-29 0.7298519611358643
-29 0.7348842620849609
-29 0.739438533782959
-29 0.7437820434570312
-29 0.7487144470214844
-29 0.753279447555542
-29 0.7589085102081299
-29 0.7634754180908203
-29 0.7683687210083008
-29 0.7726342678070068
-29 0.7785186767578125
-29 0.7828218936920166
-29 0.7879819869995117
-29 0.7921509742736816
-29 0.7975924015045166
-29 0.8017511367797852
-29 0.8067822456359863
-29 0.8107922077178955
-29 0.8158986568450928
-29 0.820178747177124
-29 0.8255159854888916
-29 0.830456018447876
-29 0.835676908493042
-29 0.8398013114929199
-29 0.8445141315460205
-29 0.8489806652069092
-29 0.8536112308502197
-29 0.8586215972900391
-29 0.8629012107849121
-29 0.8680627346038818
-29 0.8722476959228516
-29 0.8776125907897949
-29 0.8827013969421387
-29 0.8878495693206787
-29 0.8920302391052246
-29 0.8972785472869873
-29 0.9013075828552246
-29 0.906177282333374
-29 0.9104163646697998
-29 0.9156398773193359
-29 0.91990065574646
-29 0.9252405166625977
-29 0.9301986694335938
-29 0.9355745315551758
-29 0.9396965503692627
-29 0.9440338611602783
-29 0.9493038654327393
-29 0.953636646270752
-29 0.9584989547729492
-29 0.9628140926361084
-29 0.9679853916168213
-29 0.9721567630767822
-29 0.9775855541229248
-29 0.9825465679168701
-29 0.9877974987030029
-29 0.991976261138916
-29 0.9972481727600098
-29 1.0012803077697754
-29 1.0061335563659668
-29 1.0103650093078613
-29 1.015596866607666
-29 1.0197107791900635
-29 1.024397850036621
-29 1.0288870334625244
-29 1.0351972579956055
-29 1.039506196975708
-29 1.0438737869262695
-29 1.048729419708252
-29 1.0532801151275635
-29 1.0581533908843994
-29 1.0623142719268799
-29 1.0676040649414062
-29 1.0717854499816895
-29 1.0769906044006348
-29 1.0866444110870361
-29 1.0907585620880127
-29 1.0958688259124756
-29 1.1002192497253418
-29 1.1055500507354736
-29 1.1098182201385498
-29 1.1144940853118896
-29 1.1189470291137695
-29 1.1235296726226807
-29 1.128462553024292
-29 1.1337010860443115
-29 1.138594627380371
-29 1.1428492069244385
-29 1.1479840278625488
-29 1.1521649360656738
-29 1.1576058864593506
-29 1.1617648601531982
-29 1.1668014526367188
-29 1.1708109378814697
-29 1.1758897304534912
-29 1.1800200939178467
-29 1.1860692501068115
-29 1.19014310836792
-29 1.195439338684082
-29 1.1995344161987305
-29 1.203843593597412
-29 1.208857774734497
-29 1.2134349346160889
-29 1.218477725982666
-29 1.2227413654327393
-29 1.2278788089752197
-29 1.2320482730865479
-29 1.2381353378295898
-29 1.2424402236938477
-29 1.247652292251587
-29 1.2517952919006348
-29 1.2568089962005615
-29 1.260810375213623
-29 1.2659084796905518
-29 1.2699899673461914
-29 1.27524995803833
-29 1.2795438766479492
-29 1.283850908279419
-29 1.289731740951538
-29 1.2944848537445068
-29 1.2989516258239746
-29 1.3035526275634766
-29 1.3084290027618408
-29 1.3127124309539795
-29 1.317887783050537
-29 1.322066068649292
-29 1.327300786972046
-29 1.331315040588379
-29 1.3375773429870605
-29 1.3417747020721436
-29 1.3468661308288574
-29 1.3508667945861816
-29 1.355980396270752
-29 1.3601043224334717
-29 1.3654131889343262
-29 1.369544506072998
-29 1.3738956451416016
-29 1.3787872791290283
-29 1.3833320140838623
-29 1.388841152191162
-29 1.393455982208252
-29 1.398484468460083
-29 1.4027891159057617
-29 1.4079554080963135
-29 1.412116289138794
-29 1.417400598526001
-29 1.4214260578155518
-29 1.426492691040039
-29 1.4304840564727783
-29 1.435715913772583
-29 1.440920352935791
-29 1.4459772109985352
-29 1.450127363204956
-29 1.455458402633667
-29 1.4597432613372803
-29 1.4644463062286377
-29 1.469351053237915
-29 1.4736995697021484
-29 1.4785680770874023
-29 1.4879350662231445
-29 1.493279218673706
-29 1.4983093738555908
-29 1.5025849342346191
-29 1.5079450607299805
-29 1.5121088027954102
-29 1.5175387859344482
-29 1.5217180252075195
-29 1.5267555713653564
-29 1.5308287143707275
-29 1.535935640335083
-29 1.540975570678711
-29 1.5460760593414307
-29 1.5501596927642822
-29 1.555445909500122
-29 1.5595860481262207
-29 1.5639169216156006
-29 1.5688261985778809
-29 1.5733816623687744
-29 1.578404426574707
-29 1.5826561450958252
-29 1.5878496170043945
-29 1.5932278633117676
-29 1.598264217376709
-29 1.602553129196167
-29 1.6077468395233154
-29 1.6119444370269775
-29 1.6169617176055908
-29 1.6212167739868164
-29 1.6261045932769775
-29 1.6301960945129395
-29 1.635509967803955
-29 1.6398143768310547
-29 1.6458697319030762
-29 1.649970531463623
-29 1.6552534103393555
-29 1.6593828201293945
-29 1.6636872291564941
-29 1.6685786247253418
-29 1.6728618144989014
-29 1.6780281066894531
-29 1.6821985244750977
-29 1.6874370574951172
-29 1.6923108100891113
-29 1.6978108882904053
-29 1.7019946575164795
-29 1.707280158996582
-29 1.7112751007080078
-29 1.7161264419555664
-29 1.720219373703003
-29 1.7255196571350098
-29 1.7298142910003662
-29 1.7345221042633057
-29 1.739222764968872
-29 1.7453994750976562
-29 1.749549388885498
-29 1.7538623809814453
-29 1.7660410404205322
-29 1.770169973373413
-29 1.7754857540130615
-29 1.7796227931976318
-29 1.7839488983154297
-29 1.7889223098754883
-29 1.7952287197113037
-29 1.7993783950805664
-29 1.8036937713623047
-29 1.808603286743164
-29 1.8129069805145264
-29 1.818220615386963
-29 1.8224890232086182
-29 1.82767653465271
-29 1.8318378925323486
-29 1.8368682861328125
-29 1.840893268585205
-29 1.8472900390625
-29 1.851299524307251
-29 1.856139898300171
-29 1.8604800701141357
-29 1.865691900253296
-29 1.8698410987854004
-29 1.8748993873596191
-29 1.8794255256652832
-29 1.887991189956665
-29 1.8922145366668701
-29 1.898343563079834
-29 1.902597188949585
-29 1.9079296588897705
-29 1.9120993614196777
-29 1.9175517559051514
-29 1.9217400550842285
-29 1.9267663955688477
-29 1.9307911396026611
-29 1.935894250869751
-29 1.9401800632476807
-29 1.945483684539795
-29 1.9505972862243652
-29 1.9557209014892578
-29 1.9598510265350342
-29 1.9645326137542725
-29 1.969275712966919
-29 1.973590612411499
-29 1.9784832000732422
-29 1.9827895164489746
-29 1.9881412982940674
-29 1.9923202991485596
-29 1.9984769821166992
-29 2.0027945041656494
-29 2.007967948913574
-29 2.0121421813964844
-29 2.017396926879883
-29 2.021397352218628
-29 2.0264720916748047
-29 2.0304698944091797
-29 2.0357327461242676
-29 2.039846658706665
-29 2.0445163249969482
-29 2.0501251220703125
-29 2.05542254447937
-29 2.0597217082977295
-29 2.0640342235565186
-29 2.0688493251800537
-29 2.07342267036438
-29 2.0782854557037354
-29 2.0825600624084473
-29 2.087747812271118
-29 2.0919172763824463
-29 2.096937894821167
-29 2.102158784866333
-29 2.1074090003967285
-29 2.1114346981048584
-29 2.116825580596924
-29 2.1208395957946777
-29 2.1259219646453857
-29 2.130014181137085
-29 2.135286331176758
-29 2.139404535293579
-29 2.1437554359436035
-29 2.1486191749572754
-29 2.153959035873413
-29 2.1588284969329834
-29 2.163365602493286
-29 2.1682534217834473
-29 2.1725265979766846
-29 2.1779026985168457
-29 2.1820898056030273
-29 2.1873748302459717
-29 2.1915535926818848
-29 2.196593999862671
-29 2.201882839202881
-29 2.2069168090820312
-29 2.210937023162842
-29 2.2160050868988037
-29 2.2201054096221924
-29 2.2254772186279297
-29 2.2296383380889893
-29 2.2339611053466797
-29 2.238983154296875
-29 2.243565797805786
-29 2.248579978942871
-29 2.25395131111145
-29 2.258819818496704
-29 2.263392925262451
-29 2.2682647705078125
-29 2.2725493907928467
-29 2.277771234512329
-29 2.2822184562683105
-29 2.2915427684783936
-29 2.29685378074646
-29 2.3008410930633545
-29 2.3073649406433105
-29 2.311444044113159
-29 2.316640853881836
-29 2.3207309246063232
-29 2.3258116245269775
-29 2.3299596309661865
-29 2.3352549076080322
-29 2.3393819332122803
-29 2.343691825866699
-29 2.3485665321350098
-29 2.3539156913757324
-29 2.35896897315979
-29 2.363555431365967
-29 2.368452787399292
-29 2.372727155685425
-29 2.3780789375305176
-29 2.3822271823883057
-29 2.3875346183776855
-29 2.3917298316955566
-29 2.396773099899292
-29 2.400787115097046
-29 2.407224416732788
-29 2.411271810531616
-29 2.4161288738250732
-29 2.420583963394165
-29 2.4257075786590576
-29 2.4298386573791504
-29 2.4345083236694336
-29 2.438976526260376
-29 2.443575859069824
-29 2.448479175567627
-29 2.452746868133545
-29 2.4586544036865234
-29 2.4632232189178467
-29 2.468118190765381
-29 2.4722681045532227
-29 2.47768235206604
-29 2.481879472732544
-29 2.4869165420532227
-29 2.4909231662750244
-29 2.496026039123535
-29 2.500136375427246
-29 2.506091356277466
-29 2.5104665756225586
-29 2.5156941413879395
-29 2.519822120666504
-29 2.5245258808135986
-29 2.5292420387268066
-29 2.5335888862609863
-29 2.5385947227478027
-29 2.542897939682007
-29 2.548062324523926
-29 2.5522677898406982
-29 2.5582878589630127
-29 2.5625555515289307
-29 2.5677378177642822
-29 2.5719473361968994
-29 2.577204465866089
-29 2.5812175273895264
-29 2.586106300354004
-29 2.5901925563812256
-29 2.595522880554199
-29 2.599879026412964
-29 2.604951858520508
-29 2.610001802444458
-29 2.615267515182495
-29 2.619389772415161
-29 2.6237077713012695
-29 2.6285781860351562
-29 2.632878065109253
-29 2.6382036209106445
-29 2.642441511154175
-29 2.6476409435272217
-29 2.6518008708953857
-29 2.6578075885772705
-29 2.6621055603027344
-29 2.6674017906188965
-29 2.6714279651641846
-29 2.6764934062957764
-29 2.6806042194366455
-29 2.6857309341430664
-29 2.6938226222991943
-29 2.698814868927002
-29 2.703355550765991
-29 2.7094268798828125
-29 2.7137680053710938
-29 2.7188966274261475
-29 2.7234532833099365
-29 2.728332281112671
-29 2.7326228618621826
-29 2.7378432750701904
-29 2.742051839828491
-29 2.7473158836364746
-29 2.7513227462768555
-29 2.757366418838501
-29 2.7623114585876465
-29 2.7677910327911377
-29 2.771970510482788
-29 2.777397394180298
-29 2.781418561935425
-29 2.7864866256713867
-29 2.7904715538024902
-29 2.795701265335083
-29 2.799832582473755
-29 2.804892063140869
-29 2.8099024295806885
-29 2.8152546882629395
-29 2.8193776607513428
-29 2.8237287998199463
-29 2.8286359310150146
-29 2.833192825317383
-29 2.8382468223571777
-29 2.842531204223633
-29 2.8477251529693604
-29 2.8519506454467773
-29 2.856990337371826
-29 2.8621463775634766
-29 2.8674349784851074
-29 2.8714537620544434
-29 2.87650990486145
-29 2.8806190490722656
-29 2.8857710361480713
-29 2.8899104595184326
-29 2.895211696624756
-29 2.899534225463867
-29 2.903853416442871
-29 2.9087274074554443
-29 2.9144532680511475
-29 2.9189376831054688
-29 2.9234583377838135
-29 2.9283242225646973
-29 2.9325695037841797
-29 2.937795400619507
-29 2.9419384002685547
-29 2.9472367763519287
-29 2.9512534141540527
-29 2.956120491027832
-29 2.9604687690734863
-29 2.9667744636535645
-29 2.970789670944214
-29 2.9758918285369873
-29 2.9799818992614746
-29 2.9852561950683594
-29 2.989417791366577
-29 2.9937262535095215
-29 2.9985926151275635
-29 3.0028369426727295
-29 3.008018970489502
-29 3.013333797454834
-29 3.018475294113159
-29 3.02272367477417
-29 3.028038740158081
-29 3.0321977138519287
-29 3.037473201751709
-29 3.0416111946105957
-29 3.046576499938965
-29 3.050635576248169
-29 3.0557639598846436
-29 3.059891700744629
-29 3.0659422874450684
-29 3.0700454711914062
-29 3.075399160385132
-29 3.079678535461426
-29 3.0840134620666504
-29 3.0928194522857666
-29 3.0981626510620117
-29 3.1023008823394775
-29 3.107741594314575
-29 3.11191725730896
-29 3.1181228160858154
-29 3.122270345687866
-29 3.1275153160095215
-29 3.1316781044006348
-29 3.1368608474731445
-29 3.1408817768096924
-29 3.145979166030884
-29 3.150085687637329
-29 3.1554152965545654
-29 3.1596925258636475
-29 3.1639740467071533
-29 3.169722557067871
-29 3.1744160652160645
-29 3.1789391040802
-29 3.1835503578186035
-29 3.188434362411499
-29 3.1926941871643066
-29 3.1979963779449463
-29 3.2021536827087402
-29 3.2074244022369385
-29 3.211440086364746
-29 3.2176523208618164
-29 3.221827745437622
-29 3.226883888244629
-29 3.230881452560425
-29 3.2359745502471924
-29 3.240098714828491
-29 3.245460271835327
-29 3.2495970726013184
-29 3.253986358642578
-29 3.2589774131774902
-29 3.263589859008789
-29 3.269465208053589
-29 3.2737770080566406
-29 3.2786624431610107
-29 3.2832248210906982
-29 3.288266897201538
-29 3.2925500869750977
-29 3.297715187072754
-29 3.301889181137085
-29 3.3068904876708984
-29 3.310903549194336
-29 3.3159821033477783
-29 3.3216922283172607
-29 3.3267533779144287
-29 3.3307669162750244
-29 3.3358802795410156
-29 3.339975357055664
-29 3.345271348953247
-29 3.3494069576263428
-29 3.353728771209717
-29 3.3585686683654785
-29 3.362842559814453
-29 3.367983102798462
-29 3.3733699321746826
-29 3.3784239292144775
-29 3.3827052116394043
-29 3.3878822326660156
-29 3.3920719623565674
-29 3.397334575653076
-29 3.401381492614746
-29 3.4064812660217285
-29 3.4104726314544678
-29 3.415681838989258
-29 3.4209752082824707
-29 3.42608380317688
-29 3.430199384689331
-29 3.43554425239563
-29 3.4398350715637207
-29 3.444514751434326
-29 3.448975086212158
-29 3.4535601139068604
-29 3.4584524631500244
-29 3.462702512741089
-29 3.467911720275879
-29 3.473264455795288
-29 3.4781394004821777
-29 3.48229718208313
-29 3.487637996673584
-29 3.4961183071136475
-29 3.5007097721099854
-29 3.505793333053589
-29 3.5101139545440674
-29 3.5212674140930176
-29 3.5261592864990234
-29 3.530334234237671
-29 3.5355682373046875
-29 3.5396947860717773
-29 3.5440328121185303
-29 3.549321413040161
-29 3.5536274909973145
-29 3.5586321353912354
-29 3.563187837600708
-29 3.568112850189209
-29 3.573439836502075
-29 3.5783193111419678
-29 3.5825884342193604
-29 3.5878021717071533
-29 3.591987133026123
-29 3.5972256660461426
-29 3.6012840270996094
-29 3.6061387062072754
-29 3.610205888748169
-29 3.6155407428741455
-29 3.6198363304138184
-29 3.6259045600891113
-29 3.629998207092285
-29 3.635256290435791
-29 3.6393849849700928
-29 3.6437366008758545
-29 3.648632764816284
-29 3.6531898975372314
-29 3.6580729484558105
-29 3.662226676940918
-29 3.6674821376800537
-29 3.6716256141662598
-29 3.677908420562744
-29 3.6820755004882812
-29 3.6873409748077393
-29 3.69138240814209
-29 3.69648814201355
-29 3.700465440750122
-29 3.705704927444458
-29 3.709821939468384
-29 3.7145097255706787
-29 3.718965530395508
-29 3.7249722480773926
-29 3.7293155193328857
-29 3.7336695194244385
-29 3.738722801208496
-29 3.7433130741119385
-29 3.7481815814971924
-29 3.7522966861724854
-29 3.758235216140747
-29 3.7625157833099365
-29 3.767725706100464
-29 3.771915912628174
-29 3.7779500484466553
-29 3.7821145057678223
-29 3.787433624267578
-29 3.791426420211792
-29 3.7966370582580566
-29 3.8007593154907227
-29 3.8058745861053467
-29 3.810155153274536
-29 3.8154587745666504
-29 3.819579839706421
-29 3.823867082595825
-29 3.8296377658843994
-29 3.8339614868164062
-29 3.838826894760132
-29 3.8434877395629883
-29 3.8483517169952393
-29 3.8526318073272705
-29 3.8579602241516113
-29 3.8621251583099365
-29 3.8674724102020264
-29 3.871635913848877
-29 3.8776962757110596
-29 3.881887674331665
-29 3.886918544769287
-29 3.895515203475952
-29 3.8998045921325684
-29 3.9044735431671143
-29 3.9093387126922607
-29 3.913663864135742
-29 3.918779134750366
-29 3.923337936401367
-29 3.9289402961730957
-29 3.933523178100586
-29 3.9385733604431152
-29 3.9428350925445557
-29 3.948002815246582
-29 3.9522035121917725
-29 3.9574313163757324
-29 3.961444616317749
-29 3.9665164947509766
-29 3.970612049102783
-29 3.975754737854004
-29 3.9812986850738525
-29 3.98614764213562
-29 3.990354299545288
-29 3.9955577850341797
-29 3.9997031688690186
-29 4.004418134689331
-29 4.008917808532715
-29 4.013466835021973
-29 4.018334150314331
-29 4.022617340087891
-29 4.027804613113403
-29 4.033194541931152
-29 4.0382304191589355
-29 4.042442798614502
-29 4.047690391540527
-29 4.051876783370972
-29 4.056886911392212
-29 4.060911178588867
-29 4.06597900390625
-29 4.070215702056885
-29 4.07551121711731
-29 4.080615043640137
-29 4.085798740386963
-29 4.089889049530029
-29 4.095249891281128
-29 4.099537372589111
-29 4.103859901428223
-29 4.108726978302002
-29 4.113270044326782
-29 4.1181511878967285
-29 4.1223015785217285
-29 4.127627372741699
-29 4.1326584815979
-29 4.13783860206604
-29 4.1420629024505615
-29 4.150630712509155
-29 4.155785799026489
-29 4.160031795501709
-29 4.165283441543579
-29 4.169457674026489
-29 4.17376708984375
-29 4.178679466247559
-29 4.1839680671691895
-29 4.1892688274383545
-29 4.193608999252319
-29 4.198648452758789
-29 4.203184366226196
-29 4.208086729049683
-29 4.21223258972168
-29 4.217651844024658
-29 4.221822023391724
-29 4.226873397827148
-29 4.230871677398682
-29 4.237240791320801
-29 4.241259813308716
-29 4.246119022369385
-29 4.2501890659332275
-29 4.255554914474487
-29 4.259653329849243
-29 4.263972282409668
-29 4.268820524215698
-29 4.273359298706055
-29 4.2784264087677
-29 4.283773422241211
-29 4.288652181625366
-29 4.297823667526245
-29 4.301982402801514
-29 4.307458400726318
-29 4.311618328094482
-29 4.316835403442383
-29 4.320831298828125
-29 4.32590126991272
-29 4.330181121826172
-29 4.336778879165649
-29 4.340796709060669
-29 4.34589147567749
-29 4.349977016448975
-29 4.355262994766235
-29 4.359466791152954
-29 4.36379337310791
-29 4.368642091751099
-29 4.373184680938721
-29 4.378062725067139
-29 4.382216215133667
-29 4.3882129192352295
-29 4.392448902130127
-29 4.397820472717285
-29 4.401974678039551
-29 4.406996250152588
-29 4.4112184047698975
-29 4.41612982749939
-29 4.420194387435913
-29 4.425504922866821
-29 4.429660081863403
-29 4.433957576751709
-29 4.439728736877441
-29 4.444451332092285
-29 4.4489312171936035
-29 4.453468561172485
-29 4.458504915237427
-29 4.462789058685303
-29 4.467890977859497
-29 4.472080230712891
-29 4.477314233779907
-29 4.481329679489136
-29 4.4874818325042725
-29 4.491649627685547
-29 4.496641397476196
-29 4.500731706619263
-29 4.505824327468872
-29 4.50992488861084
-29 4.51520037651062
-29 4.519535303115845
-29 4.523877382278442
-29 4.528716087341309
-29 4.533260345458984
-29 4.538831949234009
-29 4.543430805206299
-29 4.548313856124878
-29 4.5525963306427
-29 4.557803392410278
-29 4.561962366104126
-29 4.566983461380005
-29 4.570992708206177
-29 4.576096773147583
-29 4.580554246902466
-29 4.585717439651489
-29 4.590912342071533
-29 4.595982789993286
-29 4.60010290145874
-29 4.60541558265686
-29 4.609576940536499
-29 4.6139020919799805
-29 4.6187779903411865
-29 4.623313665390015
-29 4.628201007843018
-29 4.632444620132446
-29 4.638583421707153
-29 4.643218755722046
-29 4.648106098175049
-29 4.652271747589111
-29 4.657505989074707
-29 4.661661624908447
-29 4.6666200160980225
-29 4.6707236766815186
-29 4.675797939300537
-29 4.679929494857788
-29 4.6849894523620605
-29 4.690110683441162
-29 4.699278831481934
-29 4.703592538833618
-29 4.708594560623169
-29 4.712837219238281
-29 4.718247175216675
-29 4.722501754760742
-29 4.7276833057403564
-29 4.731848239898682
-29 4.736887454986572
-29 4.741958141326904
-29 4.747242450714111
-29 4.751266002655029
-29 4.757447004318237
-29 4.7616095542907715
-29 4.766585826873779
-29 4.77070164680481
-29 4.775784254074097
-29 4.779897928237915
-29 4.785252571105957
-29 4.790902853012085
-29 4.796046495437622
-29 4.8001368045806885
-29 4.805466413497925
-29 4.809594392776489
-29 4.813902378082275
-29 4.818950891494751
-29 4.823550462722778
-29 4.828465700149536
-29 4.832734823226929
-29 4.837895154953003
-29 4.842900276184082
-29 4.848240613937378
-29 4.852529287338257
-29 4.857704162597656
-29 4.8618714809417725
-29 4.8669209480285645
-29 4.870922565460205
-29 4.875978946685791
-29 4.880338907241821
-29 4.885554790496826
-29 4.889697313308716
-29 4.895776748657227
-29 4.89989161491394
-29 4.90527606010437
-29 4.909454345703125
-29 4.913769483566284
-29 4.918659210205078
-29 4.9231956005096436
-29 4.928075790405273
-29 4.932251691818237
-29 4.937703371047974
-29 4.941884517669678
-29 4.947919845581055
-29 4.95207667350769
-29 4.957268714904785
-29 4.961303472518921
-29 4.966149568557739
-29 4.970319986343384
-29 4.975494384765625
-29 4.9798102378845215
-29 4.9844911098480225
-29 4.98896336555481
-29 4.995341777801514
-29 4.9996325969696045
-29 5.003944158554077
-29 5.00888204574585
-29 5.01345419883728
-29 5.018338441848755
-29 5.02260160446167
-29 5.027807712554932
-29 5.031964063644409
-29 5.037234306335449
-29 5.041266918182373
-29 5.047457695007324
-29 5.0515992641448975
-29 5.056778430938721
-29 5.060794830322266
-29 5.065903186798096
-29 5.069977045059204
-29 5.0752480030059814
-29 5.07937479019165
-29 5.083697080612183
-29 5.088623046875
-29 5.098098516464233
-29 5.102251291275024
-29 5.107755661010742
-29 5.111954212188721
-29 5.117477893829346
-29 5.121634244918823
-29 5.12663459777832
-29 5.130728006362915
-29 5.1358208656311035
-29 5.139936208724976
-29 5.145227909088135
-29 5.150842905044556
-29 5.155972957611084
-29 5.160099744796753
-29 5.165404796600342
-29 5.169541358947754
-29 5.173852920532227
-29 5.178917169570923
-29 5.183523416519165
-29 5.18837833404541
-29 5.19262433052063
-29 5.1985697746276855
-29 5.202857732772827
-29 5.208058834075928
-29 5.212222099304199
-29 5.217494249343872
-29 5.2216315269470215
-29 5.226737022399902
-29 5.23074746131897
-29 5.23582911491394
-29 5.240148544311523
-29 5.245429039001465
-29 5.250587463378906
-29 5.25572657585144
-29 5.259841203689575
-29 5.264902591705322
-29 5.269266605377197
-29 5.273608684539795
-29 5.2784743309021
-29 5.282731056213379
-29 5.287883281707764
-29 5.292098760604858
-29 5.297516345977783
-29 5.317689418792725
-29 5.321923732757568
-29 5.327237367630005
-29 5.331261157989502
-29 5.336119174957275
-29 5.340327024459839
-29 5.345544338226318
-29 5.350643157958984
-29 5.355764150619507
-29 5.3600404262542725
-29 5.3652613162994385
-29 5.369587659835815
-29 5.3739013671875
-29 5.378771781921387
-29 5.383312225341797
-29 5.3882176876068115
-29 5.392459869384766
-29 5.3977272510528564
-29 5.402835845947266
-29 5.407980918884277
-29 5.412149667739868
-29 5.41756534576416
-29 5.421739816665649
-29 5.426789999008179
-29 5.430781841278076
-29 5.43592643737793
-29 5.44003963470459
-29 5.445322036743164
-29 5.4494616985321045
-29 5.45562219619751
-29 5.459719181060791
-29 5.464399814605713
-29 5.468850612640381
-29 5.473388671875
-29 5.478404760360718
-29 5.482659578323364
-29 5.487873792648315
-29 5.492063522338867
-29 5.50076699256897
-29 5.507314443588257
-29 5.511328458786011
-29 5.516188383102417
-29 5.520632982254028
-29 5.525780916213989
-29 5.530061483383179
-29 5.5353968143463135
-29 5.539684534072876
-29 5.5443994998931885
-29 5.5522072315216064
-29 5.55818510055542
-29 5.562421560287476
-29 5.567624092102051
-29 5.571789026260376
-29 5.5767834186553955
-29 5.580793619155884
-29 5.585925817489624
-29 5.5900139808654785
-29 5.595288515090942
-29 5.599581718444824
-29 5.605655670166016
-29 5.609781265258789
-29 5.61450982093811
-29 5.618970155715942
-29 5.623533487319946
-29 5.6285765171051025
-29 5.632842779159546
-29 5.637977838516235
-29 5.64215612411499
-29 5.647427797317505
-29 5.651427984237671
-29 5.657767295837402
-29 5.661939382553101
-29 5.6669957637786865
-29 5.671307325363159
-29 5.676156520843506
-29 5.6803436279296875
-29 5.685553312301636
-29 5.689669847488403
-29 5.693977117538452
-29 5.698854684829712
-29 5.703426122665405
-29 5.709291934967041
-29 5.7136030197143555
-29 5.71860933303833
-29 5.722871541976929
-29 5.728025436401367
-29 5.7322001457214355
-29 5.737435340881348
-29 5.741549730300903
-29 5.746568918228149
-29 5.750702381134033
-29 5.7620768547058105
-29 5.779641389846802
-29 5.789797306060791
-29 5.79993200302124
-29 5.817291975021362
-29 5.832437515258789
-29 5.846920490264893
-29 5.861388444900513
-29 5.873372554779053
-29 5.885945558547974
-29 5.8929123878479
-29 5.913952589035034
-29 5.9436328411102295
-29 5.957787990570068
-29 5.973689317703247
-29 5.987814664840698
