0 0.006842374801635742
0 0.017041444778442383
-1 0.025755882263183594
-2 0.034348487854003906
-4 0.04555177688598633
-6 0.05553412437438965
-8 0.06577801704406738
-9 0.07139825820922852
-10 0.07625269889831543
-12 0.08086562156677246
-14 0.08946943283081055
-15 0.09493851661682129
-17 0.09903621673583984
-18 0.10445666313171387
-19 0.10844612121582031
-21 0.1135561466217041
-22 0.1189887523651123
-24 0.12414431571960449
-25 0.1282966136932373
-26 0.13338303565979004
-28 0.13749051094055176
-29 0.14279627799987793
-30 0.1469559669494629
-32 0.15130615234375
-32 0.1561727523803711
-34 0.16045379638671875
-35 0.16582512855529785
-36 0.1711583137512207
-37 0.17609095573425293
-38 0.18036913871765137
-38 0.18573355674743652
-39 0.1898784637451172
-39 0.19515681266784668
-40 0.19933748245239258
-40 0.2044048309326172
-40 0.20846128463745117
-40 0.21358704566955566
-40 0.21779942512512207
-40 0.2244255542755127
-40 0.22844243049621582
-40 0.2335658073425293
-40 0.23767518997192383
-40 0.24299359321594238
-40 0.24715137481689453
-40 0.2514832019805908
-40 0.2563662528991699
-40 0.2609550952911377
-40 0.265913724899292
-40 0.2712259292602539
-40 0.27614665031433105
-40 0.2804286479949951
-40 0.2857811450958252
-40 0.2900216579437256
-40 0.2952563762664795
-40 0.2994570732116699
-40 0.30451202392578125
-40 0.3085477352142334
-40 0.3136749267578125
-40 0.3180427551269531
-40 0.32436060905456543
-40 0.3283977508544922
-40 0.3334927558898926
-40 0.3376610279083252
-40 0.3430154323577881
-40 0.34729838371276855
-40 0.35201025009155273
-40 0.35649752616882324
-40 0.36104297637939453
-40 0.36591625213623047
-40 0.37021923065185547
-40 0.3760688304901123
-40 0.3803250789642334
-40 0.38549089431762695
-40 0.3896903991699219
-40 0.3949697017669678
-40 0.39900660514831543
-40 0.404341459274292
-40 0.40836548805236816
-40 0.41351819038391113
-40 0.41765618324279785
-40 0.4229748249053955
-40 0.42792272567749023
-40 0.4331471920013428
-40 0.4372599124908447
-40 0.4415731430053711
-40 0.4468379020690918
-40 0.45121216773986816
-40 0.4561021327972412
-40 0.4603908061981201
-40 0.4657454490661621
-40 0.4699077606201172
-40 0.47591638565063477
-40 0.48022961616516113
-40 0.4895975589752197
-40 0.49499964714050293
-40 0.49903059005737305
-40 0.5043418407440186
-40 0.508347749710083
-40 0.5135114192962646
-40 0.5177643299102783
-40 0.5230638980865479
-40 0.5283153057098389
-40 0.5334300994873047
-40 0.5375447273254395
-40 0.5428280830383301
-40 0.5469608306884766
-40 0.5513143539428711
-40 0.5562138557434082
-40 0.5608072280883789
-40 0.565680980682373
-40 0.5698456764221191
-40 0.5752437114715576
-40 0.5803077220916748
-40 0.5856242179870605
-40 0.5898342132568359
-40 0.595116376876831
-40 0.5992906093597412
-40 0.6043014526367188
-40 0.6083438396453857
-40 0.6134707927703857
-40 0.6175835132598877
-40 0.6228518486022949
-40 0.6277849674224854
-40 0.6331300735473633
-40 0.6372537612915039
-40 0.6415729522705078
-40 0.646881103515625
-40 0.6512460708618164
-40 0.6561307907104492
-40 0.6604039669036865
-40 0.6655559539794922
-40 0.6697483062744141
-40 0.6750404834747314
-40 0.6800086498260498
-40 0.6852138042449951
-40 0.6893606185913086
-40 0.6943957805633545
-40 0.6984221935272217
-40 0.7035210132598877
-40 0.7077958583831787
-40 0.713097095489502
-40 0.7172348499298096
-40 0.7215449810028076
-40 0.7264349460601807
-40 0.7328190803527832
-40 0.7369644641876221
-40 0.7412915229797363
-40 0.7461652755737305
-40 0.750432014465332
-40 0.7556514739990234
-40 0.7598402500152588
-40 0.7652478218078613
-40 0.7694423198699951
-40 0.7745044231414795
-40 0.7796201705932617
-40 0.7855679988861084
-40 0.7897429466247559
-40 0.7949709892272949
-40 0.7990200519561768
-40 0.8041048049926758
-40 0.8082427978515625
-40 0.8133723735809326
-40 0.8174805641174316
-40 0.822563648223877
-40 0.8270719051361084
-40 0.8332462310791016
-40 0.8375415802001953
-40 0.8428339958190918
-40 0.8469717502593994
-40 0.8512930870056152
-40 0.8561625480651855
-40 0.8604123592376709
-40 0.8655915260314941
-40 0.8697423934936523
-40 0.8750569820404053
-40 0.8792154788970947
-40 0.8891265392303467
-40 0.8943536281585693
-40 0.8983790874481201
-40 0.9034922122955322
-40 0.9077551364898682
-40 0.9130668640136719
-40 0.917402982711792
-40 0.9220983982086182
-40 0.9265449047088623
-40 0.9328155517578125
-40 0.9369890689849854
-40 0.941317081451416
-40 0.9463942050933838
-40 0.9509384632110596
-40 0.9558806419372559
-40 0.9601483345031738
-40 0.96551513671875
-40 0.9696943759918213
-40 0.9749801158905029
-40 0.9790041446685791
-40 0.9852006435394287
-40 0.9893596172332764
-40 0.9943816661834717
-40 0.99843430519104
-40 1.0035288333892822
-40 1.0077831745147705
-40 1.0131378173828125
-40 1.0172584056854248
-40 1.02156662940979
-40 1.0264523029327393
-40 1.0310649871826172
-40 1.036808729171753
-40 1.0411453247070312
-40 1.0460500717163086
-40 1.0503082275390625
-40 1.0554795265197754
-40 1.0596516132354736
-40 1.065077304840088
-40 1.0692143440246582
-40 1.0741560459136963
-40 1.0782592296600342
-40 1.0844545364379883
-40 1.088517665863037
-40 1.0935871601104736
-40 1.0979101657867432
-40 1.10313081741333
-40 1.1072618961334229
-40 1.11199951171875
-40 1.1165003776550293
-40 1.1210424900054932
-40 1.1260638236999512
-40 1.1303458213806152
-40 1.1362733840942383
-40 1.1408848762512207
-40 1.145772933959961
-40 1.1500167846679688
-40 1.1552362442016602
-40 1.1594021320343018
-40 1.1644742488861084
-40 1.1684935092926025
-40 1.173567533493042
-40 1.1776680946350098
-40 1.182981014251709
-40 1.1883018016815186
-40 1.1934397220611572
-40 1.1975429058074951
-40 1.2028298377990723
-40 1.207010269165039
-40 1.2113301753997803
-40 1.2161834239959717
-40 1.2204902172088623
-40 1.2257919311523438
-40 1.2300150394439697
-40 1.2352311611175537
-40 1.2403323650360107
-40 1.2456586360931396
-40 1.2498488426208496
-40 1.255086898803711
-40 1.2592575550079346
-40 1.264197826385498
-40 1.2683031558990479
-40 1.27341628074646
-40 1.2779338359832764
-40 1.2833998203277588
-40 1.2930150032043457
-40 1.2973120212554932
-40 1.3020234107971191
-40 1.307018756866455
-40 1.3113207817077637
-40 1.3163437843322754
-40 1.32088303565979
-40 1.325744867324829
-40 1.3298931121826172
-40 1.3351876735687256
-40 1.3402702808380127
-40 1.345444917678833
-40 1.3496167659759521
-40 1.3550727367401123
-40 1.3592240810394287
-40 1.36444091796875
-40 1.3684332370758057
-40 1.3735077381134033
-40 1.3776593208312988
-40 1.383007526397705
-40 1.3871428966522217
-40 1.393216848373413
-40 1.3973491191864014
-40 1.4020648002624512
-40 1.406540870666504
-40 1.411149501800537
-40 1.4160199165344238
-40 1.4202768802642822
-40 1.4255750179290771
-40 1.4297783374786377
-40 1.4350409507751465
-40 1.4398837089538574
-40 1.4452180862426758
-40 1.449399471282959
-40 1.4544565677642822
-40 1.4584498405456543
-40 1.463559627532959
-40 1.4676706790924072
-40 1.472973346710205
-40 1.4771151542663574
-40 1.4814350605010986
-40 1.4865500926971436
-40 1.4929108619689941
-40 1.497030258178711
-40 1.501333475112915
-40 1.5061860084533691
-40 1.5104641914367676
-40 1.5155868530273438
-40 1.5197513103485107
-40 1.5249972343444824
-40 1.5291905403137207
-40 1.5341508388519287
-40 1.53824782371521
-40 1.544806957244873
-40 1.5488412380218506
-40 1.5537078380584717
-40 1.5577812194824219
-40 1.5630810260772705
-40 1.5672190189361572
-40 1.5715382099151611
-40 1.57643723487854
-40 1.5810136795043945
-40 1.5858747959136963
-40 1.590151071548462
-40 1.5960490703582764
-40 1.6003031730651855
-40 1.6056525707244873
-40 1.609799861907959
-40 1.6152031421661377
-40 1.6193432807922363
-40 1.6243579387664795
-40 1.6283636093139648
-40 1.6334834098815918
-40 1.6375973224639893
-40 1.6435792446136475
-40 1.6477117538452148
-40 1.653026819229126
-40 1.6571776866912842
-40 1.6614723205566406
-40 1.666508674621582
-40 1.6710379123687744
-40 1.6759068965911865
-40 1.680171251296997
-40 1.6854050159454346
-40 1.6954081058502197
-40 1.6996071338653564
-40 1.7050285339355469
-40 1.7091693878173828
-40 1.7143914699554443
-40 1.7184016704559326
-40 1.7234926223754883
-40 1.7277438640594482
-40 1.7330617904663086
-40 1.737189769744873
-40 1.7415478229522705
-40 1.747584581375122
-40 1.7528412342071533
-40 1.7702958583831787
-40 1.7754967212677002
-40 1.7796862125396729
-40 1.7857239246368408
-40 1.789902925491333
-40 1.7959554195404053
-40 1.8002643585205078
-40 1.8054273128509521
-40 1.8095972537994385
-40 1.8148462772369385
-40 1.818901777267456
-40 1.823761224746704
-40 1.827949047088623
-40 1.8331475257873535
-40 1.8372721672058105
-40 1.8415963649749756
-40 1.8477373123168945
-40 1.8531081676483154
-40 1.857243299484253
-40 1.8615458011627197
-40 1.8664016723632812
-40 1.870964765548706
-40 1.8759891986846924
-40 1.8802471160888672
-40 1.8854234218597412
-40 1.8895931243896484
-40 1.8948676586151123
-40 1.8998925685882568
-40 1.9053215980529785
-40 1.9095149040222168
-40 1.914541482925415
-40 1.9185550212860107
-40 1.9236366748809814
-40 1.9277660846710205
-40 1.9330756664276123
-40 1.9372127056121826
-40 1.9415347576141357
-40 1.946415662765503
-40 1.9520225524902344
-40 1.9565231800079346
-40 1.9610881805419922
-40 1.966104507446289
-40 1.9703752994537354
-40 1.975543737411499
-40 1.979701042175293
-40 1.9849750995635986
-40 1.9890081882476807
-40 1.994119644165039
-40 1.9993999004364014
-40 2.0048389434814453
-40 2.0088508129119873
-40 2.0137317180633545
-40 2.017937183380127
-40 2.023170232772827
-40 2.0274226665496826
-40 2.0321061611175537
-40 2.03684401512146
-40 2.041185140609741
-40 2.046022891998291
-40 2.0513479709625244
-40 2.0562219619750977
-40 2.0607993602752686
-40 2.0656867027282715
-40 2.0698418617248535
-40 2.075104236602783
-40 2.07928204536438
-40 2.0844602584838867
-40 2.093090295791626
-40 2.0973761081695557
-40 2.103531837463379
-40 2.1077685356140137
-40 2.1130831241607666
-40 2.1173646450042725
-40 2.1221048831939697
-40 2.126824140548706
-40 2.1311817169189453
-40 2.1362035274505615
-40 2.1404879093170166
-40 2.1457679271698
-40 2.1510865688323975
-40 2.155996561050415
-40 2.1602721214294434
-40 2.165426254272461
-40 2.1696388721466064
-40 2.174931049346924
-40 2.1789445877075195
-40 2.1840603351593018
-40 2.1880619525909424
-40 2.1932601928710938
-40 2.1974294185638428
-40 2.203495502471924
-40 2.2077736854553223
-40 2.2130861282348633
-40 2.217221975326538
-40 2.2215421199798584
-40 2.226405620574951
-40 2.2310028076171875
-40 2.235905647277832
-40 2.2401506900787354
-40 2.2453434467315674
-40 2.2495076656341553
-40 2.255669355392456
-40 2.2598280906677246
-40 2.2652931213378906
-40 2.269510269165039
-40 2.2745628356933594
-40 2.278575897216797
-40 2.2837307453155518
-40 2.28791880607605
-40 2.293149948120117
-40 2.2972538471221924
-40 2.3015663623809814
-40 2.3074355125427246
-40 2.3125557899475098
-40 2.316896677017212
-40 2.321214437484741
-40 2.3262126445770264
-40 2.330798387527466
-40 2.335848808288574
-40 2.340158700942993
-40 2.3453943729400635
-40 2.3495547771453857
-40 2.355609893798828
-40 2.3598005771636963
-40 2.3650736808776855
-40 2.3692893981933594
-40 2.37430477142334
-40 2.378342390060425
-40 2.3834731578826904
-40 2.3877384662628174
-40 2.393064260482788
-40 2.397369384765625
-40 2.4020609855651855
-40 2.407543659210205
-40 2.412818193435669
-40 2.4169678688049316
-40 2.4213075637817383
-40 2.426220655441284
-40 2.430800676345825
-40 2.4356584548950195
-40 2.4398162364959717
-40 2.4452264308929443
-40 2.449408531188965
-40 2.4544782638549805
-40 2.4596917629241943
-40 2.464970350265503
-40 2.469010591506958
-40 2.4740850925445557
-40 2.4781885147094727
-40 2.483382225036621
-40 2.4874839782714844
-40 2.4963700771331787
-40 2.5009331703186035
-40 2.5071158409118652
-40 2.5114476680755615
-40 2.5164482593536377
-40 2.5210037231445312
-40 2.5260493755340576
-40 2.530333995819092
-40 2.535482406616211
-40 2.539635419845581
-40 2.5448811054229736
-40 2.548898696899414
-40 2.5537381172180176
-40 2.5592539310455322
-40 2.564469575881958
-40 2.5684616565704346
-40 2.573546886444092
-40 2.5776731967926025
-40 2.5829968452453613
-40 2.5871617794036865
-40 2.5914876461029053
-40 2.5963690280914307
-40 2.6009087562561035
-40 2.605846405029297
-40 2.611210823059082
-40 2.6161112785339355
-40 2.6203787326812744
-40 2.625701427459717
-40 2.629850149154663
-40 2.635096311569214
-40 2.6392688751220703
-40 2.644338369369507
-40 2.648341178894043
-40 2.653465986251831
-40 2.657736301422119
-40 2.6637206077575684
-40 2.66778826713562
-40 2.6731185913085938
-40 2.6772801876068115
-40 2.681605339050293
-40 2.6868553161621094
-40 2.691197633743286
-40 2.6960654258728027
-40 2.700376510620117
-40 2.7055230140686035
-40 2.7104604244232178
-40 2.715615749359131
-40 2.7197816371917725
-40 2.725090980529785
-40 2.729250431060791
-40 2.7341883182525635
-40 2.7383177280426025
-40 2.743403434753418
-40 2.747675895690918
-40 2.753004312515259
-40 2.7571487426757812
-40 2.7632555961608887
-40 2.7673885822296143
-40 2.772087812423706
-40 2.7765438556671143
-40 2.7811496257781982
-40 2.787076473236084
-40 2.7914323806762695
-40 2.7962851524353027
-40 2.800849676132202
-40 2.8058900833129883
-40 2.8112270832061768
-40 2.816150665283203
-40 2.8204190731048584
-40 2.825561761856079
-40 2.829732894897461
-40 2.8350064754486084
-40 2.839031457901001
-40 2.8440966606140137
-40 2.8482134342193604
-40 2.8533682823181152
-40 2.8574812412261963
-40 2.8636293411254883
-40 2.8679873943328857
-40 2.8732149600982666
-40 2.877342700958252
-40 2.8820371627807617
-40 2.886525869369507
-40 2.895669937133789
-40 2.8998045921325684
-40 2.9052371978759766
-40 2.909388542175293
-40 2.9155380725860596
-40 2.919703245162964
-40 2.9251208305358887
-40 2.9293100833892822
-40 2.9343299865722656
-40 2.9383513927459717
-40 2.9434759616851807
-40 2.947561740875244
-40 2.952831983566284
-40 2.9569690227508545
-40 2.9613001346588135
-40 2.967193603515625
-40 2.971554756164551
-40 2.976395606994629
-40 2.9809398651123047
-40 2.9860308170318604
-40 2.990281820297241
-40 2.9954335689544678
-40 2.99963641166687
-40 3.0048627853393555
-40 3.008877992630005
-40 3.0148367881774902
-40 3.018925666809082
-40 3.0239923000335693
-40 3.0280191898345947
-40 3.033243179321289
-40 3.0373549461364746
-40 3.0420429706573486
-40 3.0469748973846436
-40 3.0513031482696533
-40 3.0561811923980713
-40 3.060431957244873
-40 3.0662615299224854
-40 3.070836305618286
-40 3.07572340965271
-40 3.080026626586914
-40 3.0852479934692383
-40 3.08939790725708
-40 3.094416618347168
-40 3.0984249114990234
-40 3.1035258769989014
-40 3.107778549194336
-40 3.1131224632263184
-40 3.118332624435425
-40 3.1234548091888428
-40 3.12752628326416
-40 3.1328177452087402
-40 3.136998414993286
-40 3.1413254737854004
-40 3.1461875438690186
-40 3.150482177734375
-40 3.15563702583313
-40 3.159780263900757
-40 3.1652605533599854
-40 3.170344829559326
-40 3.1793460845947266
-40 3.1843724250793457
-40 3.1883914470672607
-40 3.1934847831726074
-40 3.1975820064544678
-40 3.202875852584839
-40 3.207087516784668
-40 3.2114169597625732
-40 3.216292142868042
-40 3.2215523719787598
-40 3.2265734672546387
-40 3.231146812438965
-40 3.2360177040100098
-40 3.24029541015625
-40 3.2454676628112793
-40 3.249650001525879
-40 3.2549149990081787
-40 3.259009599685669
-40 3.264096736907959
-40 3.2693872451782227
-40 3.2744879722595215
-40 3.278498888015747
-40 3.283597946166992
-40 3.287954568862915
-40 3.296886920928955
-40 3.3012425899505615
-40 3.306381940841675
-40 3.310903310775757
-40 3.3159031867980957
-40 3.321209192276001
-40 3.3260815143585205
-40 3.330355644226074
-40 3.335550546646118
-40 3.3396880626678467
-40 3.3451461791992188
-40 3.34930419921875
-40 3.3543598651885986
-40 3.358354330062866
-40 3.3634698390960693
-40 3.367558240890503
-40 3.3736703395843506
-40 3.37774920463562
-40 3.3830626010894775
-40 3.3872106075286865
-40 3.3915278911590576
-40 3.3963894844055176
-40 3.400906562805176
-40 3.4059250354766846
-40 3.4102118015289307
-40 3.4154090881347656
-40 3.419569730758667
-40 3.425577163696289
-40 3.4297280311584473
-40 3.4351603984832764
-40 3.4393227100372314
-40 3.4443626403808594
-40 3.4483747482299805
-40 3.453477382659912
-40 3.457620620727539
-40 3.4629037380218506
-40 3.467200994491577
-40 3.4733054637908936
-40 3.4774937629699707
-40 3.4827823638916016
-40 3.48694109916687
-40 3.491311550140381
-40 3.49617075920105
-40 3.5004138946533203
-40 3.505557060241699
-40 3.5096957683563232
-40 3.5149502754211426
-40 3.526080369949341
-40 3.5303890705108643
-40 3.5355772972106934
-40 3.5397183895111084
-40 3.54498553276062
-40 3.5490357875823975
-40 3.5541326999664307
-40 3.5582175254821777
-40 3.563354253768921
-40 3.567617893218994
-40 3.573585033416748
-40 3.5777194499969482
-40 3.583024740219116
-40 3.587308883666992
-40 3.592003345489502
-40 3.596477508544922
-40 3.6010372638702393
-40 3.6059441566467285
-40 3.610208749771118
-40 3.6154043674468994
-40 3.619561195373535
-40 3.625560998916626
-40 3.6297271251678467
-40 3.634969472885132
-40 3.6389997005462646
-40 3.6443068981170654
-40 3.6483750343322754
-40 3.6534736156463623
-40 3.657557964324951
-40 3.662877082824707
-40 3.6670029163360596
-40 3.6713266372680664
-40 3.677173137664795
-40 3.6814844608306885
-40 3.6863765716552734
-40 3.695283889770508
-40 3.699553966522217
-40 3.7050695419311523
-40 3.7092554569244385
-40 3.7144694328308105
-40 3.718480110168457
-40 3.7235617637634277
-40 3.7289412021636963
-40 3.73399019241333
-40 3.737992525100708
-40 3.7432427406311035
-40 3.7473556995391846
-40 3.752093553543091
-40 3.7565367221832275
-40 3.761101484298706
-40 3.766122817993164
-40 3.7704265117645264
-40 3.77639102935791
-40 3.7809810638427734
-40 3.787452220916748
-40 3.7925338745117188
-40 3.796909809112549
-40 3.8012640476226807
-40 3.8061411380767822
-40 3.8104329109191895
-40 3.8155906200408936
-40 3.8197686672210693
-40 3.82521915435791
-40 3.8303067684173584
-40 3.8354732990264893
-40 3.83965802192688
-40 3.844921112060547
-40 3.848947048187256
-40 3.853996515274048
-40 3.8580074310302734
-40 3.8632583618164062
-40 3.8673765659332275
-40 3.872081995010376
-40 3.877462387084961
-40 3.8828258514404297
-40 3.8871548175811768
-40 3.8914690017700195
-40 3.8963372707366943
-40 3.9009013175964355
-40 3.905780792236328
-40 3.9100148677825928
-40 3.9152379035949707
-40 3.9193952083587646
-40 3.924445390701294
-40 3.9296374320983887
-40 3.934920310974121
-40 3.9389331340789795
-40 3.9441254138946533
-40 3.948261260986328
-40 3.9533979892730713
-40 3.95772123336792
-40 3.962996482849121
-40 3.967121124267578
-40 3.9714465141296387
-40 3.9763100147247314
-40 3.9820048809051514
-40 3.9865214824676514
-40 3.991101026535034
-40 3.9959867000579834
-40 4.000249624252319
-40 4.005566835403442
-40 4.009734392166138
-40 4.015022039413452
-40 4.019038438796997
-40 4.024108171463013
-40 4.028217077255249
-40 4.034425497055054
-40 4.038449764251709
-40 4.043560028076172
-40 4.0476531982421875
-40 4.052945852279663
-40 4.057084798812866
-40 4.061416149139404
-40 4.066413402557373
-40 4.0710039138793945
-40 4.0758888721466064
-40 4.0812530517578125
-40 4.086326360702515
-40 4.090858697891235
-40 4.099534034729004
-40 4.104933738708496
-40 4.10895562171936
-40 4.114221096038818
-40 4.118326902389526
-40 4.12348484992981
-40 4.127784013748169
-40 4.134068727493286
-40 4.138166904449463
-40 4.143286943435669
-40 4.147444009780884
-40 4.152493476867676
-40 4.156849145889282
-40 4.161187410354614
-40 4.1660637855529785
-40 4.170334815979004
-40 4.175504684448242
-40 4.179670095443726
-40 4.1858837604522705
-40 4.190144777297974
-40 4.1953558921813965
-40 4.1995251178741455
-40 4.204841136932373
-40 4.208845138549805
-40 4.213707208633423
-40 4.218172550201416
-40 4.223292350769043
-40 4.227421998977661
-40 4.232468605041504
-40 4.237467527389526
-40 4.242849349975586
-40 4.24713659286499
-40 4.251466751098633
-40 4.2563416957855225
-40 4.26091456413269
-40 4.265789031982422
-40 4.2700395584106445
-40 4.275230169296265
-40 4.279393911361694
-40 4.285484313964844
-40 4.289661169052124
-40 4.294898509979248
-40 4.298916578292847
-40 4.303738594055176
-40 4.308172225952148
-40 4.3133158683776855
-40 4.317437171936035
-40 4.32248854637146
-40 4.326836824417114
-40 4.331181287765503
-40 4.337069034576416
-40 4.341426134109497
-40 4.346447467803955
-40 4.351072549819946
-40 4.355919599533081
-40 4.360242128372192
-40 4.36555552482605
-40 4.369763612747192
-40 4.375017166137695
-40 4.379014253616333
-40 4.384082794189453
-40 4.389396667480469
-40 4.3944785594940186
-40 4.398508548736572
-40 4.403571128845215
-40 4.40770149230957
-40 4.4130072593688965
-40 4.417167663574219
-40 4.421504020690918
-40 4.426542043685913
-40 4.43112850189209
-40 4.437085151672363
-40 4.441441774368286
-40 4.446271657943726
-40 4.450863838195801
-40 4.455716133117676
-40 4.46001124382019
-40 4.465238094329834
-40 4.469426155090332
-40 4.4748358726501465
-40 4.4788970947265625
-40 4.483773231506348
-40 4.48946213722229
-40 4.4980597496032715
-40 4.503324031829834
-40 4.507571220397949
-40 4.512845754623413
-40 4.517164707183838
-40 4.521467924118042
-40 4.526439905166626
-40 4.531013488769531
-40 4.535908937454224
-40 4.541266679763794
-40 4.546315908432007
-40 4.55086350440979
-40 4.555739402770996
-40 4.559899568557739
-40 4.565188646316528
-40 4.56934666633606
-40 4.574416875839233
-40 4.578437805175781
-40 4.583543539047241
-40 4.5876688957214355
-40 4.593713760375977
-40 4.597783327102661
-40 4.603076457977295
-40 4.607402086257935
-40 4.6120829582214355
-40 4.616844654083252
-40 4.621178388595581
-40 4.626062631607056
-40 4.630309820175171
-40 4.635455369949341
-40 4.640419960021973
-40 4.645582914352417
-40 4.649762868881226
-40 4.655050039291382
-40 4.6591269969940186
-40 4.66435694694519
-40 4.668380260467529
-40 4.673489809036255
-40 4.6775572299957275
-40 4.6828436851501465
-40 4.6869707107543945
-40 4.6930832862854
-40 4.697200536727905
-40 4.701547384262085
-40 4.706416606903076
-40 4.710946083068848
-40 4.715813636779785
-40 4.7200398445129395
-40 4.725415229797363
-40 4.729562759399414
-40 4.734979629516602
-40 4.738991022109985
-40 4.745229482650757
-40 4.7493860721588135
-40 4.754479885101318
-40 4.758490324020386
-40 4.7635698318481445
-40 4.767685174942017
-40 4.77298378944397
-40 4.777148008346558
-40 4.781460523605347
-40 4.7873640060424805
-40 4.79343056678772
-40 4.797510147094727
-40 4.80256986618042
-40 4.806905508041382
-40 4.811232566833496
-40 4.81609034538269
-40 4.820387363433838
-40 4.825556516647339
-40 4.829709529876709
-40 4.835022687911987
-40 4.839043140411377
-40 4.845319032669067
-40 4.8495094776153564
-40 4.8548195362091064
-40 4.8588385581970215
-40 4.863723039627075
-40 4.868168830871582
-40 4.873292446136475
-40 4.8774237632751465
-40 4.882105112075806
-40 4.886545181274414
-40 4.891163110733032
-40 4.900825262069702
-40 4.905910015106201
-40 4.910181760787964
-40 4.915541172027588
-40 4.9196977615356445
-40 4.92510986328125
-40 4.929297685623169
-40 4.934334754943848
-40 4.938349008560181
-40 4.943534851074219
-40 4.948542356491089
-40 4.95363187789917
-40 4.957731246948242
-40 4.9630513191223145
-40 4.967365503311157
-40 4.972113609313965
-40 4.976567983627319
-40 4.981161117553711
-40 4.986049652099609
-40 4.99030065536499
-40 4.99629807472229
-40 5.000899314880371
-40 5.00577974319458
-40 5.010020971298218
-40 5.015295743942261
-40 5.019471883773804
-40 5.024872064590454
-40 5.028902530670166
-40 5.033765077590942
-40 5.037937879562378
-40 5.043152093887329
-40 5.0483269691467285
-40 5.053463697433472
-40 5.057531833648682
-40 5.062841176986694
-40 5.066958665847778
-40 5.071291208267212
-40 5.07616114616394
-40 5.0804221630096436
-40 5.085740327835083
-40 5.08989143371582
-40 5.095207214355469
-40 5.100286960601807
-40 5.105461120605469
-40 5.109626770019531
-40 5.11486029624939
-40 5.118862867355347
-40 5.12372612953186
-40 5.128059387207031
-40 5.133276700973511
-40 5.137402534484863
-40 5.142096042633057
-40 5.147643566131592
-40 5.152983665466309
-40 5.157139301300049
-40 5.161452770233154
-40 5.166311502456665
-40 5.1708760261535645
-40 5.176171779632568
-40 5.180462837219238
-40 5.185594081878662
-40 5.189765930175781
-40 5.195066928863525
-40 5.20012354850769
-40 5.205505847930908
-40 5.209657907485962
-40 5.215113401412964
-40 5.219285249710083
-40 5.224344730377197
-40 5.228403568267822
-40 5.2334794998168945
-40 5.237560987472534
-40 5.242839336395264
-40 5.246973991394043
-40 5.253069639205933
-40 5.257747411727905
-40 5.263061046600342
-40 5.267362117767334
-40 5.2720372676849365
-40 5.276555299758911
-40 5.281131267547607
-40 5.285998106002808
-40 5.290240049362183
-40 5.300041675567627
-40 5.3108673095703125
-40 5.315924167633057
-40 5.320168733596802
-40 5.325585603713989
-40 5.329780340194702
-40 5.335056781768799
-40 5.339210510253906
-40 5.34417724609375
-40 5.348270416259766
-40 5.354483127593994
-40 5.35852575302124
-40 5.363621234893799
-40 5.3677332401275635
-40 5.373032331466675
-40 5.377188444137573
-40 5.381500959396362
-40 5.386569499969482
-40 5.391188621520996
-40 5.396067380905151
-40 5.400332927703857
-40 5.40622878074646
-40 5.4107985496521
-40 5.415660619735718
-40 5.419820308685303
-40 5.42509388923645
-40 5.429267168045044
-40 5.434328556060791
-40 5.438359975814819
-40 5.443482160568237
-40 5.44773530960083
-40 5.453693866729736
-40 5.457903623580933
-40 5.463137626647949
-40 5.467298269271851
-40 5.472024917602539
-40 5.4765236377716064
-40 5.481076717376709
-40 5.485944747924805
-40 5.490201950073242
-40 5.495418310165405
-40 5.49958610534668
-40 5.505710601806641
-40 5.509873390197754
-40 5.515337944030762
-40 5.519513368606567
-40 5.524844646453857
-40 5.528869390487671
-40 5.533755779266357
-40 5.538269519805908
-40 5.543382167816162
-40 5.54748010635376
-40 5.552839279174805
-40 5.5576324462890625
-40 5.562924385070801
-40 5.567200422286987
-40 5.571514844894409
-40 5.5763795375823975
-40 5.580946922302246
-40 5.585895776748657
-40 5.590167045593262
-40 5.595380783081055
-40 5.599549770355225
-40 5.605456829071045
-40 5.609708547592163
-40 5.615003347396851
-40 5.619016885757446
-40 5.624317407608032
-40 5.628353595733643
-40 5.633509397506714
-40 5.637616872787476
-40 5.642902851104736
-40 5.647186756134033
-40 5.651519536972046
-40 5.65747857093811
-40 5.662832736968994
-40 5.666955232620239
-40 5.671288728713989
-40 5.67615270614624
-40 5.68042516708374
-40 5.685745716094971
-40 5.689903259277344
-40 5.695214033126831
-40 5.703706979751587
-40 5.709365367889404
-40 5.714576721191406
-40 5.718818187713623
-40 5.723675012588501
-40 5.728041887283325
-40 5.733251571655273
-40 5.737390995025635
-40 5.742094278335571
-40 5.746960878372192
-40 5.751270771026611
-40 5.756178140640259
-40 5.761433362960815
-40 5.766256332397461
-40 5.770840644836426
-40 5.7758708000183105
-40 5.780143976211548
-40 5.785966873168945
-40 5.79021692276001
-40 5.79543137550354
-40 5.799605369567871
-40 5.80504584312439
-40 5.81007719039917
-40 5.8152642250061035
-40 5.819433927536011
-40 5.8245038986206055
-40 5.828529119491577
-40 5.833587646484375
-40 5.837705135345459
-40 5.84299635887146
-40 5.847156047821045
-40 5.851502180099487
-40 5.856389284133911
-40 5.862088680267334
-40 5.866968393325806
-40 5.8712944984436035
-40 5.876187086105347
-40 5.880462646484375
-40 5.885633707046509
-40 5.889801979064941
-40 5.8950769901275635
-40 5.899270057678223
-40 5.904448986053467
-40 5.908484220504761
-40 5.914888620376587
-40 5.918941020965576
-40 5.924137592315674
-40 5.928236961364746
-40 5.9333555698394775
-40 5.937494993209839
-40 5.942781448364258
-40 5.946921110153198
-40 5.951251745223999
-40 5.956108570098877
-40 5.961438179016113
-40 5.966325998306274
-40 5.97088360786438
-40 5.975787878036499
-40 5.980040550231934
-40 5.985401391983032
-40 5.989599943161011
-40 5.994839191436768
-40 5.998881816864014
