0 0.0009577274322509766
0 0.012285709381103516
-2 0.022436141967773438
-3 0.03272056579589844
-4 0.04397010803222656
-7 0.05232572555541992
-8 0.0635380744934082
-10 0.06844234466552734
-11 0.07291460037231445
-12 0.07812023162841797
-13 0.08243227005004883
-14 0.08777403831481934
-16 0.09190011024475098
-17 0.09621644020080566
-18 0.1011056900024414
-20 0.10571551322937012
-21 0.11061644554138184
-22 0.11598920822143555
-23 0.12088680267333984
-25 0.12516427040100098
-26 0.13051795959472656
-26 0.1347641944885254
-27 0.13998103141784668
-28 0.14416909217834473
-29 0.14920711517333984
-30 0.15414214134216309
-30 0.15963959693908691
-31 0.16370201110839844
-32 0.17002534866333008
-32 0.1742229461669922
-32 0.1796092987060547
-33 0.18368268013000488
-33 0.18894505500793457
-33 0.19304585456848145
-33 0.19812917709350586
-33 0.2022402286529541
-33 0.2075357437133789
-33 0.2118849754333496
-33 0.21795439720153809
-33 0.22207117080688477
-33 0.22719478607177734
-33 0.23163127899169922
-33 0.235992431640625
-33 0.24090957641601562
-33 0.2452085018157959
-33 0.25054240226745605
-33 0.25478076934814453
-33 0.2600550651550293
-33 0.2642502784729004
-33 0.2702207565307617
-33 0.27438807487487793
-33 0.2802309989929199
-33 0.2899179458618164
-33 0.2940831184387207
-33 0.29927659034729004
-33 0.30352306365966797
-33 0.3084111213684082
-33 0.3129727840423584
-33 0.3191969394683838
-33 0.32326579093933105
-33 0.32839488983154297
-33 0.33248090744018555
-33 0.33778929710388184
-33 0.3421051502227783
-33 0.3468186855316162
-33 0.35157203674316406
-33 0.35591769218444824
-33 0.3607940673828125
-33 0.3650929927825928
-33 0.3711538314819336
-33 0.37576889991760254
-33 0.3806633949279785
-33 0.3849301338195801
-33 0.39015698432922363
-33 0.3943502902984619
-33 0.39963769912719727
-33 0.40366244316101074
-33 0.4087257385253906
-33 0.4127373695373535
-33 0.4179551601409912
-33 0.42307424545288086
-33 0.428250789642334
-33 0.43250250816345215
-33 0.4378077983856201
-33 0.4419400691986084
-33 0.4462618827819824
-33 0.45113492012023926
-33 0.4557356834411621
-33 0.46062564849853516
-33 0.4649178981781006
-33 0.4710061550140381
-33 0.47562360763549805
-33 0.48052310943603516
-33 0.4848215579986572
-33 0.49021172523498535
-33 0.49441957473754883
-33 0.4996945858001709
-33 0.5037293434143066
-33 0.5088136196136475
-33 0.5129365921020508
-33 0.5180947780609131
-33 0.5232911109924316
-33 0.5283660888671875
-33 0.5324640274047852
-33 0.5377945899963379
-33 0.5419187545776367
-33 0.546241044998169
-33 0.5512962341308594
-33 0.5558764934539795
-33 0.5607736110687256
-33 0.5650303363800049
-33 0.5702331066131592
-33 0.575589656829834
-33 0.5804858207702637
-33 0.5847508907318115
-33 0.5899736881256104
-33 0.5941803455352783
-33 0.5995912551879883
-33 0.603618860244751
-33 0.6084656715393066
-33 0.6129307746887207
-33 0.618079423904419
-33 0.623161792755127
-33 0.6282675266265869
-33 0.632366418838501
-33 0.6376855373382568
-33 0.6418414115905762
-33 0.6461756229400635
-33 0.6510810852050781
-33 0.6556286811828613
-33 0.6605238914489746
-33 0.6647517681121826
-33 0.6701154708862305
-33 0.6752099990844727
-33 0.68038010597229
-33 0.689124584197998
-33 0.6931517124176025
-33 0.6982367038726807
-33 0.7026333808898926
-33 0.7078430652618408
-33 0.7121212482452393
-33 0.7167997360229492
-33 0.7212750911712646
-33 0.7275896072387695
-33 0.7319049835205078
-33 0.7362220287322998
-33 0.7410926818847656
-33 0.7456276416778564
-33 0.7505009174346924
-33 0.7547633647918701
-33 0.7599883079528809
-33 0.7641761302947998
-33 0.7691960334777832
-33 0.773230791091919
-33 0.7796123027801514
-33 0.783611536026001
-33 0.78847336769104
-33 0.7929291725158691
-33 0.7980751991271973
-33 0.8021864891052246
-33 0.8080723285675049
-33 0.8123068809509277
-33 0.8176016807556152
-33 0.8217267990112305
-33 0.8278522491455078
-33 0.8319997787475586
-33 0.8363051414489746
-33 0.8411986827850342
-33 0.8457596302032471
-33 0.8507897853851318
-33 0.8550577163696289
-33 0.8603925704956055
-33 0.8645412921905518
-33 0.8697981834411621
-33 0.8740072250366211
-33 0.8800456523895264
-33 0.8842349052429199
-33 0.8892815113067627
-33 0.8932931423187256
-33 0.8984236717224121
-33 0.9025123119354248
-33 0.9078390598297119
-33 0.9121196269989014
-33 0.9168012142181396
-33 0.9212989807128906
-33 0.925910472869873
-33 0.9318017959594727
-33 0.9361398220062256
-33 0.9410083293914795
-33 0.9455466270446777
-33 0.9504363536834717
-33 0.9547238349914551
-33 0.9599206447601318
-33 0.9640717506408691
-33 0.9692637920379639
-33 0.973280668258667
-33 0.9795925617218018
-33 0.9836082458496094
-33 0.9884698390960693
-33 0.9929361343383789
-33 0.9980776309967041
-33 1.0021917819976807
-33 1.0075924396514893
-33 1.0117361545562744
-33 1.0160558223724365
-33 1.0209150314331055
-33 1.025190830230713
-33 1.0312581062316895
-33 1.035846471786499
-33 1.040759563446045
-33 1.0449986457824707
-33 1.0501554012298584
-33 1.0543274879455566
-33 1.0596024990081787
-33 1.0636134147644043
-33 1.0684521198272705
-33 1.0725185871124268
-33 1.077820062637329
-33 1.0827865600585938
-33 1.0915892124176025
-33 1.0959227085113525
-33 1.100907325744629
-33 1.1051654815673828
-33 1.1104793548583984
-33 1.1147487163543701
-33 1.1202077865600586
-33 1.124375343322754
-33 1.1296358108520508
-33 1.134587287902832
-33 1.1398844718933105
-33 1.1440894603729248
-33 1.1492640972137451
-33 1.1532490253448486
-33 1.1583499908447266
-33 1.1624844074249268
-33 1.1678104400634766
-33 1.1719403266906738
-33 1.176231861114502
-33 1.1821568012237549
-33 1.1872084140777588
-33 1.1915724277496338
-33 1.195929765701294
-33 1.2007944583892822
-33 1.2050471305847168
-33 1.2103650569915771
-33 1.2145395278930664
-33 1.219787836074829
-33 1.2239389419555664
-33 1.228895902633667
-33 1.234229326248169
-33 1.2392544746398926
-33 1.2432551383972168
-33 1.248354434967041
-33 1.2527203559875488
-33 1.257936716079712
-33 1.2620439529418945
-33 1.266709327697754
-33 1.271589756011963
-33 1.2759122848510742
-33 1.280813455581665
-33 1.286179542541504
-33 1.2910587787628174
-33 1.2956151962280273
-33 1.3005094528198242
-33 1.304753303527832
-33 1.3100066184997559
-33 1.3141825199127197
-33 1.3192083835601807
-33 1.3231863975524902
-33 1.3282642364501953
-33 1.3336584568023682
-33 1.3388311862945557
-33 1.3428926467895508
-33 1.3480212688446045
-33 1.3521497249603271
-33 1.3568100929260254
-33 1.3615317344665527
-33 1.3659050464630127
-33 1.3707916736602783
-33 1.3750731945037842
-33 1.3804244995117188
-33 1.3856945037841797
-33 1.3907725811004639
-33 1.3950104713439941
-33 1.4001715183258057
-33 1.4043400287628174
-33 1.4095571041107178
-33 1.4135589599609375
-33 1.418466329574585
-33 1.422621726989746
-33 1.427840232849121
-33 1.4319736957550049
-33 1.438114881515503
-33 1.4422175884246826
-33 1.447545051574707
-33 1.451840877532959
-33 1.45615553855896
-33 1.4610021114349365
-33 1.4655253887176514
-33 1.4703993797302246
-33 1.474595069885254
-33 1.479874849319458
-33 1.484022617340088
-33 1.4936630725860596
-33 1.4988820552825928
-33 1.5029850006103516
-33 1.508084774017334
-33 1.5124421119689941
-33 1.5177443027496338
-33 1.5220375061035156
-33 1.5268161296844482
-33 1.5312707424163818
-33 1.5375277996063232
-33 1.541680097579956
-33 1.5459942817687988
-33 1.5508944988250732
-33 1.555203914642334
-33 1.560363531112671
-33 1.5645148754119873
-33 1.5699458122253418
-33 1.574120044708252
-33 1.5791642665863037
-33 1.5832104682922363
-33 1.5892863273620605
-33 1.5935039520263672
-33 1.5983788967132568
-33 1.6024861335754395
-33 1.6078321933746338
-33 1.6119623184204102
-33 1.6162729263305664
-33 1.6211297512054443
-33 1.625657081604004
-33 1.6306533813476562
-33 1.6349296569824219
-33 1.6409711837768555
-33 1.6455345153808594
-33 1.6504032611846924
-33 1.6545641422271729
-33 1.6598267555236816
-33 1.6640019416809082
-33 1.669041633605957
-33 1.6730430126190186
-33 1.6781246662139893
-33 1.6822483539581299
-33 1.6875483989715576
-33 1.6925280094146729
-33 1.6978566646575928
-33 1.7019946575164795
-33 1.7063167095184326
-33 1.7111506462097168
-33 1.715721845626831
-33 1.7206144332885742
-33 1.724876880645752
-33 1.730086326599121
-33 1.7342448234558105
-33 1.740159273147583
-33 1.7443671226501465
-33 1.7550106048583984
-33 1.7602109909057617
-33 1.7644002437591553
-33 1.7698101997375488
-33 1.7740364074707031
-33 1.7791070938110352
-33 1.7831306457519531
-33 1.7882161140441895
-33 1.7935936450958252
-33 1.7984733581542969
-33 1.8027124404907227
-33 1.8089053630828857
-33 1.813044786453247
-33 1.8181719779968262
-33 1.8222863674163818
-33 1.8275554180145264
-33 1.8316912651062012
-33 1.8360490798950195
-33 1.840942621231079
-33 1.8462719917297363
-33 1.8511242866516113
-33 1.855682373046875
-33 1.8605804443359375
-33 1.8648583889007568
-33 1.8701975345611572
-33 1.8743772506713867
-33 1.8796608448028564
-33 1.8838467597961426
-33 1.8935518264770508
-33 1.8984415531158447
-33 1.9029884338378906
-33 1.9080986976623535
-33 1.9123919010162354
-33 1.9176740646362305
-33 1.921966552734375
-33 1.9262712001800537
-33 1.9312992095947266
-33 1.9358773231506348
-33 1.9407734870910645
-33 1.9460957050323486
-33 1.9509661197662354
-33 1.9555418491363525
-33 1.9603989124298096
-33 1.9646077156066895
-33 1.9699201583862305
-33 1.9740748405456543
-33 1.979095220565796
-33 1.98313570022583
-33 1.9882228374481201
-33 1.9924840927124023
-33 1.9988274574279785
-33 2.002918004989624
-33 2.0080273151397705
-33 2.012138605117798
-33 2.0168113708496094
-33 2.021578073501587
-33 2.0259058475494385
-33 2.030931234359741
-33 2.035494089126587
-33 2.0403990745544434
-33 2.045736074447632
-33 2.0507965087890625
-33 2.0550601482391357
-33 2.0602314472198486
-33 2.0643789768218994
-33 2.069643259048462
-33 2.0736889839172363
-33 2.0788283348083496
-33 2.0829429626464844
-33 2.0880820751190186
-33 2.092181444168091
-33 2.098249912261963
-33 2.102348804473877
-33 2.1077160835266113
-33 2.112029790878296
-33 2.116718292236328
-33 2.1212661266326904
-33 2.1258413791656494
-33 2.130744695663452
-33 2.135009288787842
-33 2.1401615142822266
-33 2.14432954788208
-33 2.1503677368164062
-33 2.1545190811157227
-33 2.1599550247192383
-33 2.1641292572021484
-33 2.1695406436920166
-33 2.173574924468994
-33 2.1784379482269287
-33 2.1826560497283936
-33 2.1879193782806396
-33 2.1920485496520996
-33 2.196747064590454
-33 2.2061736583709717
-33 2.2110531330108643
-33 2.215618133544922
-33 2.2204904556274414
-33 2.2247328758239746
-33 2.23014760017395
-33 2.234325647354126
-33 2.239835262298584
-33 2.2440218925476074
-33 2.25002384185791
-33 2.254230260848999
-33 2.2592480182647705
-33 2.263251781463623
-33 2.2683560848236084
-33 2.2724814414978027
-33 2.277811288833618
-33 2.281946897506714
-33 2.2862460613250732
-33 2.2957732677459717
-33 2.3016998767852783
-33 2.3060169219970703
-33 2.3110766410827637
-33 2.315610408782959
-33 2.3206210136413574
-33 2.324873208999634
-33 2.3300578594207764
-33 2.3342363834381104
-33 2.339567184448242
-33 2.3435609340667725
-33 2.348449945449829
-33 2.3541598320007324
-33 2.359191656112671
-33 2.3632121086120605
-33 2.368274688720703
-33 2.372408866882324
-33 2.3777589797973633
-33 2.3818929195404053
-33 2.3862154483795166
-33 2.391078233718872
-33 2.3956308364868164
-33 2.4005160331726074
-33 2.405921220779419
-33 2.4109554290771484
-33 2.4155290126800537
-33 2.4206080436706543
-33 2.4249088764190674
-33 2.430142641067505
-33 2.4343228340148926
-33 2.4395627975463867
-33 2.4435739517211914
-33 2.4484288692474365
-33 2.4536731243133545
-33 2.458810806274414
-33 2.4629130363464355
-33 2.468080997467041
-33 2.472318172454834
-33 2.477606773376465
-33 2.4817421436309814
-33 2.4861037731170654
-33 2.490962028503418
-33 2.495518922805786
-33 2.5004024505615234
-33 2.505751609802246
-33 2.5106210708618164
-33 2.514906883239746
-33 2.52011775970459
-33 2.5242834091186523
-33 2.529717206954956
-33 2.5337231159210205
-33 2.5388011932373047
-33 2.5429391860961914
-33 2.548081398010254
-33 2.5523319244384766
-33 2.5583763122558594
-33 2.562478542327881
-33 2.5677952766418457
-33 2.571925163269043
-33 2.5762362480163574
-33 2.581120491027832
-33 2.5856704711914062
-33 2.5906968116760254
-33 2.5949959754943848
-33 2.6001853942871094
-33 2.6055078506469727
-33 2.610377073287964
-33 2.6145482063293457
-33 2.619802951812744
-33 2.623980760574341
-33 2.6289258003234863
-33 2.6330268383026123
-33 2.638108015060425
-33 2.642180919647217
-33 2.6472413539886475
-33 2.651804208755493
-33 2.657956123352051
-33 2.6620938777923584
-33 2.666779041290283
-33 2.6712453365325928
-33 2.67577862739563
-33 2.6808345317840576
-33 2.6851229667663574
-33 2.694091796875
-33 2.6992552280426025
-33 2.7032833099365234
-33 2.709962844848633
-33 2.714144706726074
-33 2.719543695449829
-33 2.7235660552978516
-33 2.7284297943115234
-33 2.732656955718994
-33 2.737877607345581
-33 2.741976737976074
-33 2.7462735176086426
-33 2.751131296157837
-33 2.755730152130127
-33 2.7616279125213623
-33 2.7659614086151123
-33 2.770982265472412
-33 2.775540828704834
-33 2.780399799346924
-33 2.784987449645996
-33 2.790372371673584
-33 2.794534683227539
-33 2.7997989654541016
-33 2.8039541244506836
-33 2.8106179237365723
-33 2.814906120300293
-33 2.820101499557495
-33 2.824251174926758
-33 2.8296403884887695
-33 2.833662509918213
-33 2.838733196258545
-33 2.8427276611328125
-33 2.84795880317688
-33 2.8520894050598145
-33 2.8567705154418945
-33 2.8623082637786865
-33 2.8676364421844482
-33 2.871795654296875
-33 2.876150131225586
-33 2.881012201309204
-33 2.885579824447632
-33 2.8905997276306152
-33 2.894902229309082
-33 2.900127410888672
-33 2.9043099880218506
-33 2.910301685333252
-33 2.914483070373535
-33 2.919759511947632
-33 2.9239165782928467
-33 2.9288506507873535
-33 2.9329426288604736
-33 2.9380815029144287
-33 2.942322254180908
-33 2.9475643634796143
-33 2.9518864154815674
-33 2.9561996459960938
-33 2.962144613265991
-33 2.966818332672119
-33 2.971275568008423
-33 2.97586989402771
-33 2.9807686805725098
-33 2.985034227371216
-33 2.9901909828186035
-33 2.99436616897583
-33 2.9995779991149902
-33 3.0035946369171143
-33 3.008483409881592
-33 3.014197587966919
-33 3.0192248821258545
-33 3.0232505798339844
-33 3.0283477306365967
-33 3.0324459075927734
-33 3.037785530090332
-33 3.0419251918792725
-33 3.0462353229522705
-33 3.0510919094085693
-33 3.0556564331054688
-33 3.060549020767212
-33 3.0659115314483643
-33 3.0709383487701416
-33 3.0754854679107666
-33 3.0803678035736084
-33 3.084533214569092
-33 3.089841365814209
-33 3.0982260704040527
-33 3.1024768352508545
-33 3.1078109741210938
-33 3.113118886947632
-33 3.118208169937134
-33 3.122471570968628
-33 3.1277389526367188
-33 3.1320383548736572
-33 3.1367390155792236
-33 3.1412484645843506
-33 3.14577054977417
-33 3.1506404876708984
-33 3.1549038887023926
-33 3.160104513168335
-33 3.1650681495666504
-33 3.1702747344970703
-33 3.174414873123169
-33 3.1796770095825195
-33 3.183725595474243
-33 3.1890265941619873
-33 3.1930453777313232
-33 3.1981678009033203
-33 3.2024552822113037
-33 3.2077839374542236
-33 3.2119269371032715
-33 3.21797776222229
-33 3.2220988273620605
-33 3.2268083095550537
-33 3.2315688133239746
-33 3.235917568206787
-33 3.2407851219177246
-33 3.2450661659240723
-33 3.2504501342773438
-33 3.2546029090881348
-33 3.259874105453491
-33 3.2640416622161865
-33 3.2701361179351807
-33 3.274322509765625
-33 3.279590606689453
-33 3.2836050987243652
-33 3.2884485721588135
-33 3.292640447616577
-33 3.2978641986846924
-33 3.3019845485687256
-33 3.306320905685425
-33 3.311573028564453
-33 3.3176791667938232
-33 3.3218445777893066
-33 3.326172113418579
-33 3.331188201904297
-33 3.3357651233673096
-33 3.340667247772217
-33 3.344913959503174
-33 3.3500990867614746
-33 3.354285955429077
-33 3.3595385551452637
-33 3.363577365875244
-33 3.3698840141296387
-33 3.3740479946136475
-33 3.3790998458862305
-33 3.3831257820129395
-33 3.38826322555542
-33 3.3923587799072266
-33 3.3976495265960693
-33 3.4018001556396484
-33 3.4061129093170166
-33 3.4109745025634766
-33 3.4155240058898926
-33 3.4211156368255615
-33 3.4256656169891357
-33 3.4307000637054443
-33 3.434959650039673
-33 3.4403624534606934
-33 3.44455623626709
-33 3.4498097896575928
-33 3.4539694786071777
-33 3.459181070327759
-33 3.463244676589966
-33 3.4696555137634277
-33 3.473721504211426
-33 3.4788002967834473
-33 3.482786178588867
-33 3.4879937171936035
-33 3.4960057735443115
-33 3.5010769367218018
-33 3.511617660522461
-33 3.5159811973571777
-33 3.5220165252685547
-33 3.5267438888549805
-33 3.53122615814209
-33 3.5357916355133057
-33 3.540674924850464
-33 3.5449318885803223
-33 3.5502548217773438
-33 3.5544562339782715
-33 3.5597121715545654
-33 3.563734769821167
-33 3.568824529647827
-33 3.5741777420043945
-33 3.579202651977539
-33 3.583247423171997
-33 3.588348150253296
-33 3.592735528945923
-33 3.5979599952697754
-33 3.602088689804077
-33 3.6067633628845215
-33 3.611668348312378
-33 3.6159732341766357
-33 3.6219120025634766
-33 3.6262388229370117
-33 3.63112473487854
-33 3.6357388496398926
-33 3.640626907348633
-33 3.644899845123291
-33 3.6500935554504395
-33 3.654257297515869
-33 3.6592838764190674
-33 3.663543701171875
-33 3.668426990509033
-33 3.6740903854370117
-33 3.6791434288024902
-33 3.68314266204834
-33 3.6882245540618896
-33 3.6923532485961914
-33 3.697687864303589
-33 3.701841354370117
-33 3.706151008605957
-33 3.711005687713623
-33 3.715550661087036
-33 3.7205886840820312
-33 3.7259681224823
-33 3.7309937477111816
-33 3.735621929168701
-33 3.740502119064331
-33 3.7447385787963867
-33 3.7499773502349854
-33 3.7541234493255615
-33 3.7591357231140137
-33 3.7631378173828125
-33 3.7682294845581055
-33 3.7723259925842285
-33 3.7783591747283936
-33 3.782470941543579
-33 3.7877750396728516
-33 3.7921202182769775
-33 3.7968249320983887
-33 3.801529884338379
-33 3.8059020042419434
-33 3.811647415161133
-33 3.8159916400909424
-33 3.820866107940674
-33 3.8261148929595947
-33 3.8310141563415527
-33 3.835575580596924
-33 3.840446949005127
-33 3.8445863723754883
-33 3.85001277923584
-33 3.8541884422302246
-33 3.859269857406616
-33 3.863271474838257
-33 3.868375062942505
-33 3.872464656829834
-33 3.878822088241577
-33 3.8828985691070557
-33 3.8880505561828613
-33 3.892167091369629
-33 3.9010510444641113
-33 3.905618667602539
-33 3.9107680320739746
-33 3.915034770965576
-33 3.920339345932007
-33 3.924509286880493
-33 3.930582046508789
-33 3.9348318576812744
-33 3.9400649070739746
-33 3.944223642349243
-33 3.9492502212524414
-33 3.9532687664031982
-33 3.9583723545074463
-33 3.9624712467193604
-33 3.967799425125122
-33 3.972116708755493
-33 3.9781548976898193
-33 3.982438325881958
-33 3.987734317779541
-33 3.9918642044067383
-33 3.996197462081909
-33 4.001067876815796
-33 4.005598068237305
-33 4.010454416275024
-33 4.014609098434448
-33 4.019893407821655
-33 4.024104356765747
-33 4.030190706253052
-33 4.034362077713013
-33 4.039602756500244
-33 4.043612003326416
-33 4.048492193222046
-33 4.052679061889648
-33 4.057892799377441
-33 4.062004566192627
-33 4.0663371086120605
-33 4.0711669921875
-33 4.075745344161987
-33 4.081674337387085
-33 4.08599328994751
-33 4.091003656387329
-33 4.0955634117126465
-33 4.100439071655273
-33 4.1046082973480225
-33 4.110084533691406
-33 4.114248275756836
-33 4.1195409297943115
-33 4.1235575675964355
-33 4.12841796875
-33 4.133667707443237
-33 4.138720273971558
-33 4.142734050750732
-33 4.147968769073486
-33 4.152283191680908
-33 4.157560110092163
-33 4.161746501922607
-33 4.166072607040405
-33 4.170961141586304
-33 4.175517797470093
-33 4.181039333343506
-33 4.185589551925659
-33 4.190470457077026
-33 4.194601774215698
-33 4.1998655796051025
-33 4.204033613204956
-33 4.209203481674194
-33 4.213219165802002
-33 4.218323707580566
-33 4.222466230392456
-33 4.227785587310791
-33 4.233030796051025
-33 4.238117933273315
-33 4.242434501647949
-33 4.247782230377197
-33 4.251912355422974
-33 4.256217956542969
-33 4.261091232299805
-33 4.2656354904174805
-33 4.270687580108643
-33 4.274916887283325
-33 4.2801291942596436
-33 4.285202741622925
-33 4.290356874465942
-33 4.2991790771484375
-33 4.303176641464233
-33 4.3082287311553955
-33 4.312455177307129
-33 4.317734718322754
-33 4.322033166885376
-33 4.326756954193115
-33 4.332284927368164
-33 4.337615966796875
-33 4.3417768478393555
-33 4.346167087554932
-33 4.351024389266968
-33 4.355625152587891
-33 4.360483884811401
-33 4.364619016647339
-33 4.370065450668335
-33 4.374231576919556
-33 4.37957239151001
-33 4.384536266326904
-33 4.389947414398193
-33 4.39412522315979
-33 4.399153232574463
-33 4.403146028518677
-33 4.408246040344238
-33 4.412365674972534
-33 4.417647361755371
-33 4.421833515167236
-33 4.426163673400879
-33 4.431036472320557
-33 4.436785459518433
-33 4.441270351409912
-33 4.445849657058716
-33 4.4509172439575195
-33 4.455212593078613
-33 4.460366725921631
-33 4.4645326137542725
-33 4.469800233840942
-33 4.473927736282349
-33 4.478914976119995
-33 4.483031272888184
-33 4.489275217056274
-33 4.493295192718506
-33 4.49838924407959
-33 4.502761125564575
-33 4.507968902587891
-33 4.512254953384399
-33 4.517555475234985
-33 4.521685600280762
-33 4.526006460189819
-33 4.5308837890625
-33 4.5362021923065186
-33 4.541062116622925
-33 4.545622825622559
-33 4.550490617752075
-33 4.554734468460083
-33 4.559935808181763
-33 4.564081192016602
-33 4.56927752494812
-33 4.57351279258728
-33 4.5783796310424805
-33 4.5824620723724365
-33 4.588486671447754
-33 4.592677593231201
-33 4.597887992858887
-33 4.60202956199646
-33 4.606698751449585
-33 4.611181259155273
-33 4.6158037185668945
-33 4.6206512451171875
-33 4.624913930892944
-33 4.630317211151123
-33 4.634499549865723
-33 4.640516519546509
-33 4.644726753234863
-33 4.649928092956543
-33 4.654082775115967
-33 4.6590940952301025
-33 4.663102626800537
-33 4.668190002441406
-33 4.672272205352783
-33 4.677559852600098
-33 4.681676626205444
-33 4.686027526855469
-33 4.691952466964722
-33 4.700770378112793
-33 4.705018043518066
-33 4.7103431224823
-33 4.714492082595825
-33 4.719876766204834
-33 4.724029779434204
-33 4.729027032852173
-33 4.733030319213867
-33 4.7392213344573975
-33 4.743262529373169
-33 4.748331546783447
-33 4.752680063247681
-33 4.757924795150757
-33 4.762188911437988
-33 4.767509698867798
-33 4.771620512008667
-33 4.775933504104614
-33 4.780780792236328
-33 4.785046100616455
-33 4.79095458984375
-33 4.795521259307861
-33 4.800391674041748
-33 4.804574728012085
-33 4.810635566711426
-33 4.814905643463135
-33 4.8201258182525635
-33 4.824293851852417
-33 4.829535245895386
-33 4.83355450630188
-33 4.838432788848877
-33 4.843941926956177
-33 4.848937511444092
-33 4.85303258895874
-33 4.858114004135132
-33 4.862222194671631
-33 4.867528676986694
-33 4.871853351593018
-33 4.876199722290039
-33 4.881051778793335
-33 4.885621786117554
-33 4.891674757003784
-33 4.896020889282227
-33 4.900919437408447
-33 4.905188798904419
-33 4.910341501235962
-33 4.914507865905762
-33 4.919782400131226
-33 4.923942804336548
-33 4.929178237915039
-33 4.933160305023193
-33 4.938263416290283
-33 4.943626403808594
-33 4.948490381240845
-33 4.9526753425598145
-33 4.957928657531738
-33 4.962042808532715
-33 4.966740846633911
-33 4.971198320388794
-33 4.97576379776001
-33 4.980632543563843
-33 4.98492956161499
-33 4.9902708530426025
-33 4.995698928833008
-33 5.000604629516602
-33 5.004857540130615
-33 5.010080814361572
-33 5.014279842376709
-33 5.01971960067749
-33 5.02372932434082
-33 5.028806686401367
-33 5.032894611358643
-33 5.038069009780884
-33 5.042155027389526
-33 5.048184633255005
-33 5.052448749542236
-33 5.0577778816223145
-33 5.061931133270264
-33 5.066242933273315
-33 5.071126699447632
-33 5.075690746307373
-33 5.080575466156006
-33 5.08483624458313
-33 5.090017318725586
-33 5.099698066711426
-33 5.103731155395508
-33 5.109140872955322
-33 5.113159418106079
-33 5.118258953094482
-33 5.122629880905151
-33 5.127868890762329
-33 5.1321258544921875
-33 5.136822700500488
-33 5.141292095184326
-33 5.147662162780762
-33 5.15195107460022
-33 5.156257629394531
-33 5.161121368408203
-33 5.165668487548828
-33 5.170719861984253
-33 5.1749701499938965
-33 5.180150032043457
-33 5.184337615966797
-33 5.189568042755127
-33 5.193574666976929
-33 5.200233459472656
-33 5.204458951950073
-33 5.209692001342773
-33 5.213862419128418
-33 5.2188334465026855
-33 5.222906112670898
-33 5.228049278259277
-33 5.232406854629517
-33 5.237737417221069
-33 5.2418553829193115
-33 5.247931003570557
-33 5.252048015594482
-33 5.256757974624634
-33 5.261240482330322
-33 5.265777587890625
-33 5.2706520557403564
-33 5.274925231933594
-33 5.280283689498901
-33 5.284424304962158
-33 5.30370831489563
-33 5.308828592300415
-33 5.3129119873046875
-33 5.31803297996521
-33 5.32215690612793
-33 5.327253341674805
-33 5.331571817398071
-33 5.335922718048096
-33 5.340775012969971
-33 5.345043420791626
-33 5.351108074188232
-33 5.355646848678589
-33 5.360517740249634
-33 5.36479115486145
-33 5.369959354400635
-33 5.37414026260376
-33 5.37916898727417
-33 5.3832056522369385
-33 5.388288259506226
-33 5.392421722412109
-33 5.397718906402588
-33 5.402687311172485
-33 5.407921075820923
-33 5.4121785163879395
-33 5.417260408401489
-33 5.421587228775024
-33 5.425961971282959
-33 5.430854558944702
-33 5.4351396560668945
-33 5.440287828445435
-33 5.444429874420166
-33 5.449692726135254
-33 5.4547343254089355
-33 5.4599902629852295
-33 5.464175224304199
-33 5.46958327293396
-33 5.473651885986328
-33 5.4784862995147705
-33 5.482640743255615
-33 5.487849950790405
-33 5.491982936859131
-33 5.496293067932129
-33 5.505910396575928
-33 5.510905027389526
-33 5.5151526927948
-33 5.5204455852508545
-33 5.524736166000366
-33 5.530233860015869
-33 5.534395933151245
-33 5.539858341217041
-33 5.5440287590026855
-33 5.549044370651245
-33 5.55427885055542
-33 5.559503793716431
-33 5.5632898807525635
-33 5.568379640579224
-33 5.572460174560547
-33 5.577773809432983
-33 5.581923246383667
-33 5.586251258850098
-33 5.5912699699401855
-33 5.595849275588989
-33 5.600762128829956
-33 5.6061108112335205
-33 5.610992431640625
-33 5.615565299987793
-33 5.620441436767578
-33 5.62459921836853
-33 5.629877328872681
-33 5.634036064147949
-33 5.639079809188843
-33 5.643097162246704
-33 5.64820408821106
-33 5.652479887008667
-33 5.658479928970337
-33 5.66265344619751
-33 5.66790509223938
-33 5.672158718109131
-33 5.677198648452759
-33 5.681543827056885
-33 5.68589448928833
-33 5.690762519836426
-33 5.695034027099609
-33 5.7002058029174805
-33 5.705150127410889
-33 5.710484504699707
-33 5.714617013931274
-33 5.719942331314087
-33 5.724099397659302
-33 5.729158401489258
-33 5.733163118362427
-33 5.738231897354126
-33 5.742335557937622
-33 5.747610807418823
-33 5.751739501953125
-33 5.75788140296936
-33 5.762039661407471
-33 5.766749858856201
-33 5.771637201309204
-33 5.776001691818237
-33 5.7808921337127686
-33 5.785155534744263
-33 5.790285348892212
-33 5.794448614120483
-33 5.799874305725098
-33 5.8040595054626465
-33 5.8107805252075195
-33 5.815075635910034
-33 5.820232629776001
-33 5.824375867843628
-33 5.82981276512146
-33 5.833969354629517
-33 5.838910102844238
-33 5.84303092956543
-33 5.848116159439087
-33 5.852222919464111
-33 5.858307600021362
-33 5.862406015396118
-33 5.867714881896973
-33 5.871859550476074
-33 5.876158714294434
-33 5.880997657775879
-33 5.885567665100098
-33 5.890609979629517
-33 5.8948655128479
-33 5.903625726699829
-33 5.909844398498535
-33 5.91403341293335
-33 5.9192399978637695
-33 5.923259019851685
-33 5.928350925445557
-33 5.932788133621216
-33 5.938021898269653
-33 5.94215202331543
-33 5.946825265884399
-33 5.95168399810791
-33 5.955992221832275
-33 5.961910009384155
-33 5.966273546218872
-33 5.971132278442383
-33 5.9756855964660645
-33 5.980613708496094
-33 5.984876871109009
-33 5.990063428878784
-33 5.994266748428345
-33 5.999509334564209
