0 0.0011951923370361328
0 0.01429295539855957
-1 0.02428579330444336
-3 0.03283357620239258
-5 0.04277539253234863
-7 0.05153942108154297
-10 0.06282401084899902
-11 0.06944060325622559
-13 0.07403707504272461
-15 0.07892131805419922
-18 0.0832066535949707
-20 0.09259033203125
-21 0.09813737869262695
-23 0.10231423377990723
-25 0.10781240463256836
-27 0.11182951927185059
-29 0.11814308166503906
-31 0.12236475944519043
-32 0.12740135192871094
-33 0.13142156600952148
-35 0.13654470443725586
-37 0.14066672325134277
-38 0.14598798751831055
-39 0.15018630027770996
-41 0.15451574325561523
-42 0.15954923629760742
-43 0.16416692733764648
-44 0.1701033115386963
-45 0.17441987991333008
-46 0.17934131622314453
-47 0.18388795852661133
-47 0.18876266479492188
-48 0.19301176071166992
-48 0.19823360443115234
-49 0.20241093635559082
-49 0.20746421813964844
-49 0.21152448654174805
-49 0.21660733222961426
-49 0.2219860553741455
-49 0.22708702087402344
-49 0.23118185997009277
-49 0.2363429069519043
-49 0.24058198928833008
-49 0.2458634376525879
-49 0.25000953674316406
-49 0.2543470859527588
-49 0.2592737674713135
-49 0.26392531394958496
-49 0.26987171173095703
-49 0.274228572845459
-49 0.2792694568634033
-49 0.2838442325592041
-49 0.28874945640563965
-49 0.2929987907409668
-49 0.2982158660888672
-49 0.3023803234100342
-49 0.30745625495910645
-49 0.3114926815032959
-49 0.31658482551574707
-49 0.322113037109375
-49 0.3271346092224121
-49 0.3312528133392334
-49 0.3363654613494873
-49 0.34066057205200195
-49 0.34601259231567383
-49 0.3501734733581543
-49 0.35448598861694336
-49 0.3593733310699463
-49 0.3639254570007324
-49 0.3689613342285156
-49 0.374403715133667
-49 0.37923622131347656
-49 0.38378000259399414
-49 0.38872456550598145
-49 0.3928842544555664
-49 0.3983609676361084
-49 0.40253424644470215
-49 0.4078047275543213
-49 0.41180992126464844
-49 0.4166884422302246
-49 0.42201972007751465
-49 0.4271271228790283
-49 0.4312012195587158
-49 0.4363274574279785
-49 0.44043660163879395
-49 0.44553041458129883
-49 0.44988536834716797
-49 0.4542663097381592
-49 0.45932674407958984
-49 0.4639270305633545
-49 0.4688582420349121
-49 0.47421979904174805
-49 0.4791140556335449
-49 0.48343873023986816
-49 0.4930086135864258
-49 0.49845433235168457
-49 0.5026366710662842
-49 0.5080814361572266
-49 0.5122642517089844
-49 0.5177979469299316
-49 0.5227327346801758
-49 0.5280749797821045
-49 0.5322263240814209
-49 0.5372905731201172
-49 0.5413143634796143
-49 0.5464107990264893
-49 0.5505185127258301
-49 0.555840253829956
-49 0.5599780082702637
-49 0.5643324851989746
-49 0.5692038536071777
-49 0.5745506286621094
-49 0.5795526504516602
-49 0.584136962890625
-49 0.5890512466430664
-49 0.5933094024658203
-49 0.5984890460968018
-49 0.6026406288146973
-49 0.6079027652740479
-49 0.611922025680542
-49 0.6170406341552734
-49 0.6210331916809082
-49 0.627535343170166
-49 0.6315417289733887
-49 0.6366372108459473
-49 0.6410048007965088
-49 0.6462733745574951
-49 0.650421142578125
-49 0.6555027961730957
-49 0.6598856449127197
-49 0.6641871929168701
-49 0.6690547466278076
-49 0.6733627319335938
-49 0.6792724132537842
-49 0.6838314533233643
-49 0.6887009143829346
-49 0.6928486824035645
-49 0.698310375213623
-49 0.7025127410888672
-49 0.7077615261077881
-49 0.711775541305542
-49 0.7166633605957031
-49 0.7207677364349365
-49 0.7267336845397949
-49 0.7309737205505371
-49 0.7362089157104492
-49 0.740386962890625
-49 0.7450625896453857
-49 0.7495381832122803
-49 0.7541394233703613
-49 0.7592029571533203
-49 0.7637646198272705
-49 0.7686386108398438
-49 0.7727856636047363
-49 0.7788200378417969
-49 0.7830986976623535
-49 0.7883007526397705
-49 0.792482852935791
-49 0.7974975109100342
-49 0.8015203475952148
-49 0.8066220283508301
-49 0.8107168674468994
-49 0.816068172454834
-49 0.8203563690185547
-49 0.8250706195831299
-49 0.8305118083953857
-49 0.836435079574585
-49 0.8406095504760742
-49 0.8458619117736816
-49 0.8500213623046875
-49 0.8543636798858643
-49 0.8592133522033691
-49 0.8637819290161133
-49 0.8686950206756592
-49 0.872981071472168
-49 0.8789823055267334
-49 0.8832855224609375
-49 0.8924486637115479
-49 0.8978583812713623
-49 0.9018619060516357
-49 0.906710147857666
-49 0.911144495010376
-49 0.9162328243255615
-49 0.9204919338226318
-49 0.9258043766021729
-49 0.9307820796966553
-49 0.9361164569854736
-49 0.940413236618042
-49 0.9454772472381592
-49 0.9498312473297119
-49 0.9541802406311035
-49 0.9590532779693604
-49 0.963341236114502
-49 0.9684937000274658
-49 0.9726650714874268
-49 0.9779443740844727
-49 0.9830062389373779
-49 0.9882247447967529
-49 0.9924070835113525
-49 0.9978146553039551
-49 1.0018815994262695
-49 1.0067412853240967
-49 1.0109562873840332
-49 1.016197681427002
-49 1.020451545715332
-49 1.0258097648620605
-49 1.0306086540222168
-49 1.0359456539154053
-49 1.0401020050048828
-49 1.0444178581237793
-49 1.0492424964904785
-49 1.0537986755371094
-49 1.058833360671997
-49 1.0630900859832764
-49 1.068263053894043
-49 1.07242751121521
-49 1.0774619579315186
-49 1.082646369934082
-49 1.0879228115081787
-49 1.09197998046875
-49 1.09706711769104
-49 1.1011536121368408
-49 1.1062564849853516
-49 1.1103885173797607
-49 1.115452766418457
-49 1.119974136352539
-49 1.1243035793304443
-49 1.1291618347167969
-49 1.1344642639160156
-49 1.1393284797668457
-49 1.1438777446746826
-49 1.1489043235778809
-49 1.1531643867492676
-49 1.1583373546600342
-49 1.1625409126281738
-49 1.1677958965301514
-49 1.1717960834503174
-49 1.1766703128814697
-49 1.181028127670288
-49 1.1873226165771484
-49 1.1913259029388428
-49 1.1964390277862549
-49 1.2005162239074707
-49 1.2071373462677002
-49 1.2165207862854004
-49 1.2206437587738037
-49 1.2259790897369385
-49 1.2350735664367676
-49 1.239940881729126
-49 1.2442846298217773
-49 1.2491645812988281
-49 1.2534551620483398
-49 1.2586488723754883
-49 1.2628240585327148
-49 1.2707633972167969
-49 1.2761054039001465
-49 1.280442237854004
-49 1.2864818572998047
-49 1.2944958209991455
-49 1.299938440322876
-49 1.304274082183838
-49 1.3093059062957764
-49 1.3143372535705566
-49 1.3193881511688232
-49 1.323965072631836
-49 1.3290166854858398
-49 1.3333079814910889
-49 1.3393652439117432
-49 1.3438761234283447
-49 1.3487522602081299
-49 1.3530220985412598
-49 1.3583779335021973
-49 1.3625295162200928
-49 1.3677728176116943
-49 1.3718159198760986
-49 1.3766858577728271
-49 1.3808770179748535
-49 1.386732578277588
-49 1.390981674194336
-49 1.396204948425293
-49 1.4003007411956787
-49 1.4049930572509766
-49 1.4099233150482178
-49 1.4142606258392334
-49 1.4192979335784912
-49 1.423842191696167
-49 1.4287009239196777
-49 1.4330081939697266
-49 1.4390180110931396
-49 1.4432828426361084
-49 1.448441505432129
-49 1.4526093006134033
-49 1.4578673839569092
-49 1.461899995803833
-49 1.466740608215332
-49 1.4709200859069824
-49 1.476156234741211
-49 1.4804131984710693
-49 1.4854753017425537
-49 1.4906525611877441
-49 1.4959781169891357
-49 1.500112533569336
-49 1.5044219493865967
-49 1.5093228816986084
-49 1.513866901397705
-49 1.5187568664550781
-49 1.5229847431182861
-49 1.5282025337219238
-49 1.5323731899261475
-49 1.5377886295318604
-49 1.5428354740142822
-49 1.5481369495391846
-49 1.5522871017456055
-49 1.5573115348815918
-49 1.561328411102295
-49 1.5664770603179932
-49 1.5705633163452148
-49 1.5758581161499023
-49 1.5799839496612549
-49 1.5843243598937988
-49 1.5903077125549316
-49 1.5950143337249756
-49 1.599937915802002
-49 1.60426926612854
-49 1.609147310256958
-49 1.6133971214294434
-49 1.618542194366455
-49 1.622683048248291
-49 1.6279582977294922
-49 1.6319825649261475
-49 1.637061357498169
-49 1.6423540115356445
-49 1.6473720073699951
-49 1.6513957977294922
-49 1.656486988067627
-49 1.6607518196105957
-49 1.6660654544830322
-49 1.6703665256500244
-49 1.6750423908233643
-49 1.6795012950897217
-49 1.6840519905090332
-49 1.6889166831970215
-49 1.6985838413238525
-49 1.702747106552124
-49 1.7081830501556396
-49 1.71232271194458
-49 1.7178256511688232
-49 1.721827507019043
-49 1.7267255783081055
-49 1.7308826446533203
-49 1.7361431121826172
-49 1.7402398586273193
-49 1.7462661266326904
-49 1.750382661819458
-49 1.7550723552703857
-49 1.7598254680633545
-49 1.7641801834106445
-49 1.775052785873413
-49 1.7799668312072754
-49 1.7842915058135986
-49 1.7894787788391113
-49 1.7962875366210938
-49 1.8005800247192383
-49 1.8058533668518066
-49 1.810037612915039
-49 1.8143362998962402
-49 1.8192503452301025
-49 1.823810338973999
-49 1.8286845684051514
-49 1.8328344821929932
-49 1.8388996124267578
-49 1.844165563583374
-49 1.8490684032440186
-49 1.8533351421356201
-49 1.8585469722747803
-49 1.862715482711792
-49 1.867933750152588
-49 1.8720042705535889
-49 1.8770802021026611
-49 1.881110668182373
-49 1.886244535446167
-49 1.890385389328003
-49 1.896465539932251
-49 1.900888204574585
-49 1.9061293601989746
-49 1.9102561473846436
-49 1.9145946502685547
-49 1.9194083213806152
-49 1.9239516258239746
-49 1.9290282726287842
-49 1.933286190032959
-49 1.938432216644287
-49 1.942608118057251
-49 1.9486963748931885
-49 1.9528529644012451
-49 1.9583420753479004
-49 1.962500810623169
-49 1.9675402641296387
-49 1.9717719554901123
-49 1.9766414165496826
-49 1.9807360172271729
-49 1.9860765933990479
-49 1.990196704864502
-49 1.9944953918457031
-49 2.000417470932007
-49 2.005488395690918
-49 2.0098605155944824
-49 2.014186382293701
-49 2.0191941261291504
-49 2.023752450942993
-49 2.028653860092163
-49 2.0328216552734375
-49 2.038106679916382
-49 2.0422775745391846
-49 2.048306941986084
-49 2.052499771118164
-49 2.0579402446746826
-49 2.0619750022888184
-49 2.0670886039733887
-49 2.0711896419525146
-49 2.0763237476348877
-49 2.080580472946167
-49 2.085909128189087
-49 2.090047836303711
-49 2.0995287895202637
-49 2.1041157245635986
-49 2.1091349124908447
-49 2.113417387008667
-49 2.1187312602996826
-49 2.12288236618042
-49 2.1282107830047607
-49 2.1323835849761963
-49 2.1377830505371094
-49 2.141817331314087
-49 2.1466939449310303
-49 2.152214288711548
-49 2.157151460647583
-49 2.1612462997436523
-49 2.166363000869751
-49 2.1704509258270264
-49 2.175536870956421
-49 2.179866075515747
-49 2.184169054031372
-49 2.189175844192505
-49 2.1934545040130615
-49 2.19877028465271
-49 2.2041845321655273
-49 2.2090237140655518
-49 2.2132842540740967
-49 2.2184455394744873
-49 2.222626209259033
-49 2.227902412414551
-49 2.2319116592407227
-49 2.23698091506958
-49 2.2410175800323486
-49 2.246229887008667
-49 2.251303195953369
-49 2.256455183029175
-49 2.2607614994049072
-49 2.266096353530884
-49 2.270219326019287
-49 2.2745163440704346
-49 2.2793846130371094
-49 2.284013271331787
-49 2.2889034748077393
-49 2.293184280395508
-49 2.2983627319335938
-49 2.30344557762146
-49 2.3086371421813965
-49 2.3128247261047363
-49 2.318276882171631
-49 2.322481393814087
-49 2.3274991512298584
-49 2.3315088748931885
-49 2.336622714996338
-49 2.340728759765625
-49 2.3460185527801514
-49 2.3501627445220947
-49 2.3562722206115723
-49 2.360382556915283
-49 2.3650336265563965
-49 2.369532346725464
-49 2.3741021156311035
-49 2.3791322708129883
-49 2.383420944213867
-49 2.394589900970459
-49 2.403414249420166
-49 2.4085869789123535
-49 2.4127917289733887
-49 2.4180569648742676
-49 2.422215223312378
-49 2.4271512031555176
-49 2.431239604949951
-49 2.436345100402832
-49 2.4406049251556396
-49 2.4458980560302734
-49 2.4501912593841553
-49 2.456254005432129
-49 2.460376739501953
-49 2.465062141418457
-49 2.469968795776367
-49 2.47428297996521
-49 2.4791605472564697
-49 2.483430862426758
-49 2.4885671138763428
-49 2.4927525520324707
-49 2.501427173614502
-49 2.5078513622283936
-49 2.5118825435638428
-49 2.5167219638824463
-49 2.5211949348449707
-49 2.5263307094573975
-49 2.5305771827697754
-49 2.5358502864837646
-49 2.5399956703186035
-49 2.5443286895751953
-49 2.5492184162139893
-49 2.5537683963775635
-49 2.5597875118255615
-49 2.564147472381592
-49 2.569026470184326
-49 2.573282480239868
-49 2.578665256500244
-49 2.582838535308838
-49 2.588071346282959
-49 2.5921924114227295
-49 2.597172260284424
-49 2.6012887954711914
-49 2.6073458194732666
-49 2.611363649368286
-49 2.6164615154266357
-49 2.6208794116973877
-49 2.626085042953491
-49 2.630258798599243
-49 2.6345903873443604
-49 2.6394577026367188
-49 2.6440107822418213
-49 2.6488819122314453
-49 2.6531591415405273
-49 2.6591720581054688
-49 2.663468360900879
-49 2.668607473373413
-49 2.67277455329895
-49 2.67819881439209
-49 2.682377576828003
-49 2.687446117401123
-49 2.6914737224578857
-49 2.696537494659424
-49 2.700634479522705
-49 2.70592999458313
-49 2.7111480236053467
-49 2.7162795066833496
-49 2.7204091548919678
-49 2.725449800491333
-49 2.7295517921447754
-49 2.7341206073760986
-49 2.7391340732574463
-49 2.7434308528900146
-49 2.748570680618286
-49 2.75272798538208
-49 2.757983684539795
-49 2.763003349304199
-49 2.7682487964630127
-49 2.7724406719207764
-49 2.7774617671966553
-49 2.7814712524414062
-49 2.786562442779541
-49 2.79069185256958
-49 2.796048164367676
-49 2.8003318309783936
-49 2.805030345916748
-49 2.8105719089508057
-49 2.8158347606658936
-49 2.819953441619873
-49 2.8242859840393066
-49 2.8291356563568115
-49 2.8334028720855713
-49 2.8393232822418213
-49 2.843883752822876
-49 2.8487470149993896
-49 2.852994441986084
-49 2.8583667278289795
-49 2.863741159439087
-49 2.868612766265869
-49 2.8727660179138184
-49 2.8780486583709717
-49 2.882211685180664
-49 2.887133836746216
-49 2.89121413230896
-49 2.9000513553619385
-49 2.904423713684082
-49 2.9094409942626953
-49 2.9158055782318115
-49 2.92018723487854
-49 2.924489974975586
-49 2.929481029510498
-49 2.934035062789917
-49 2.9388937950134277
-49 2.943141222000122
-49 2.9483425617218018
-49 2.9524917602539062
-49 2.9578187465667725
-49 2.9627163410186768
-49 2.9681589603424072
-49 2.9723172187805176
-49 2.977531909942627
-49 2.981773614883423
-49 2.9866786003112793
-49 2.9907467365264893
-49 2.996065139770508
-49 3.000190258026123
-49 3.004507064819336
-49 3.009371042251587
-49 3.015491247177124
-49 3.01983380317688
-49 3.024156332015991
-49 3.029024839401245
-49 3.0332908630371094
-49 3.0385828018188477
-49 3.0427377223968506
-49 3.047982692718506
-49 3.0519914627075195
-49 3.057051658630371
-49 3.061027765274048
-49 3.0673179626464844
-49 3.071357011795044
-49 3.0764427185058594
-49 3.0805771350860596
-49 3.085848331451416
-49 3.089956760406494
-49 3.094278335571289
-49 3.0993499755859375
-49 3.103893280029297
-49 3.1087734699249268
-49 3.1139373779296875
-49 3.118868827819824
-49 3.123138427734375
-49 3.128392457962036
-49 3.132537603378296
-49 3.137791872024536
-49 3.1418240070343018
-49 3.1466939449310303
-49 3.1507697105407715
-49 3.1560962200164795
-49 3.16035532951355
-49 3.166395902633667
-49 3.170501232147217
-49 3.1758031845092773
-49 3.179945707321167
-49 3.184267282485962
-49 3.1891777515411377
-49 3.193763256072998
-49 3.198625326156616
-49 3.202780246734619
-49 3.2080681324005127
-49 3.2122304439544678
-49 3.218430280685425
-49 3.2226059436798096
-49 3.227996587753296
-49 3.232015609741211
-49 3.2370879650115967
-49 3.241187334060669
-49 3.2463252544403076
-49 3.2504160404205322
-49 3.255077838897705
-49 3.2598609924316406
-49 3.2642040252685547
-49 3.270137310028076
-49 3.2744555473327637
-49 3.2794992923736572
-49 3.2840397357940674
-49 3.2888925075531006
-49 3.2931947708129883
-49 3.3021655082702637
-49 3.307358503341675
-49 3.311354637145996
-49 3.3164849281311035
-49 3.3218865394592285
-49 3.326749563217163
-49 3.3311767578125
-49 3.3363049030303955
-49 3.3405723571777344
-49 3.3458495140075684
-49 3.350017786026001
-49 3.354346990585327
-49 3.3593766689300537
-49 3.36392879486084
-49 3.3694865703582764
-49 3.37412166595459
-49 3.378993272781372
-49 3.38325572013855
-49 3.388406276702881
-49 3.392595052719116
-49 3.398033380508423
-49 3.402170181274414
-49 3.4070918560028076
-49 3.411196231842041
-49 3.416327476501465
-49 3.4215009212493896
-49 3.426589250564575
-49 3.4306955337524414
-49 3.4360129833221436
-49 3.440152168273926
-49 3.4444494247436523
-49 3.4493215084075928
-49 3.453897714614868
-49 3.4589083194732666
-49 3.4631762504577637
-49 3.4683570861816406
-49 3.4734249114990234
-49 3.478572368621826
-49 3.4827733039855957
-49 3.4882893562316895
-49 3.4924871921539307
-49 3.497804880142212
-49 3.5018303394317627
-49 3.5066895484924316
-49 3.5109052658081055
-49 3.516111135482788
-49 3.5212838649749756
-49 3.5263853073120117
-49 3.5305027961730957
-49 3.54076886177063
-49 3.546135902404785
-49 3.550248146057129
-49 3.554570198059082
-49 3.559415340423584
-49 3.564044713973999
-49 3.5689377784729004
-49 3.5743467807769775
-49 3.579385757446289
-49 3.583968162536621
-49 3.588846206665039
-49 3.59313702583313
-49 3.598299980163574
-49 3.6024813652038574
-49 3.6077945232391357
-49 3.6118195056915283
-49 3.6166892051696777
-49 3.6211934089660645
-49 3.6273579597473145
-49 3.631380081176758
-49 3.6364634037017822
-49 3.6407182216644287
-49 3.6460418701171875
-49 3.6501638889312744
-49 3.6544864177703857
-49 3.659346103668213
-49 3.6639223098754883
-49 3.6688413619995117
-49 3.674159288406372
-49 3.679029703140259
-49 3.68328595161438
-49 3.6884307861328125
-49 3.692610263824463
-49 3.7014217376708984
-49 3.7065346240997314
-49 3.7107715606689453
-49 3.716125965118408
-49 3.720409393310547
-49 3.726484775543213
-49 3.730729818344116
-49 3.735992908477783
-49 3.7401161193847656
-49 3.7444210052490234
-49 3.7495169639587402
-49 3.7541074752807617
-49 3.759160041809082
-49 3.7634079456329346
-49 3.768603563308716
-49 3.772770881652832
-49 3.7787201404571533
-49 3.782982110977173
-49 3.788219690322876
-49 3.7923922538757324
-49 3.7974350452423096
-49 3.8014371395111084
-49 3.806520700454712
-49 3.8106491565704346
-49 3.8159830570220947
-49 3.8202836513519287
-49 3.826387643814087
-49 3.830554246902466
-49 3.836444139480591
-49 3.8406121730804443
-49 3.8459110260009766
-49 3.8500521183013916
-49 3.8544037342071533
-49 3.859232187271118
-49 3.8637828826904297
-49 3.8686742782592773
-49 3.8728299140930176
-49 3.8789987564086914
-49 3.8832848072052
-49 3.8884387016296387
-49 3.8926713466644287
-49 3.897947072982788
-49 3.9019880294799805
-49 3.9070818424224854
-49 3.9111781120300293
-49 3.9163198471069336
-49 3.92042875289917
-49 3.925553321838379
-49 3.9307045936584473
-49 3.9360368251800537
-49 3.940342426300049
-49 3.945033550262451
-49 3.949537515640259
-49 3.954118490219116
-49 3.9590036869049072
-49 3.9632794857025146
-49 3.9684700965881348
-49 3.972644805908203
-49 3.9786429405212402
-49 3.982828140258789
-49 3.9881114959716797
-49 3.9922711849212646
-49 3.9974732398986816
-49 4.001452684402466
-49 4.006531476974487
-49 4.010897159576416
-49 4.0161292552948
-49 4.020289182662964
-49 4.025007247924805
-49 4.030531883239746
-49 4.035812616348267
-49 4.039914131164551
-49 4.044238328933716
-49 4.049126625061035
-49 4.053399562835693
-49 4.0587379932403564
-49 4.062868595123291
-49 4.068143606185913
-49 4.072305679321289
-49 4.077328681945801
-49 4.08257269859314
-49 4.087851047515869
-49 4.091852188110352
-49 4.096696376800537
-49 4.104515552520752
-49 4.109506368637085
-49 4.114123344421387
-49 4.11922025680542
-49 4.123775959014893
-49 4.128779888153076
-49 4.134152412414551
-49 4.13921046257019
-49 4.143760681152344
-49 4.148638010025024
-49 4.152816295623779
-49 4.158070802688599
-49 4.162206649780273
-49 4.167282819747925
-49 4.171287298202515
-49 4.176356077194214
-49 4.18187141418457
-49 4.18672513961792
-49 4.190885305404663
-49 4.196128606796265
-49 4.20024037361145
-49 4.204571723937988
-49 4.209401369094849
-49 4.213970422744751
-49 4.218852519989014
-49 4.223123788833618
-49 4.228344678878784
-49 4.23331618309021
-49 4.238627195358276
-49 4.242777347564697
-49 4.24804949760437
-49 4.252220392227173
-49 4.2571985721588135
-49 4.261345624923706
-49 4.2664635181427
-49 4.270736932754517
-49 4.276069402694702
-49 4.280211687088013
-49 4.286245346069336
-49 4.290379047393799
-49 4.296157360076904
-49 4.300412893295288
-49 4.305478572845459
-49 4.3098790645599365
-49 4.3142008781433105
-49 4.319063663482666
-49 4.32335638999939
-49 4.328509569168091
-49 4.333851099014282
-49 4.338746070861816
-49 4.342872858047485
-49 4.3481786251068115
-49 4.352304935455322
-49 4.3574724197387695
-49 4.361514568328857
-49 4.366612911224365
-49 4.37070894241333
-49 4.376042604446411
-49 4.38017463684082
-49 4.38632345199585
-49 4.390432357788086
-49 4.395487070083618
-49 4.40000581741333
-49 4.404322147369385
-49 4.409205198287964
-49 4.413796901702881
-49 4.418823719024658
-49 4.423085689544678
-49 4.428286075592041
-49 4.4324963092803955
-49 4.4385552406311035
-49 4.442739963531494
-49 4.448024034500122
-49 4.452112197875977
-49 4.457100868225098
-49 4.461196660995483
-49 4.466318130493164
-49 4.4704270362854
-49 4.475451707839966
-49 4.479959726333618
-49 4.484278202056885
-49 4.490052223205566
-49 4.494404315948486
-49 4.503206968307495
-49 4.50853419303894
-49 4.512724161148071
-49 4.518122673034668
-49 4.522302627563477
-49 4.527789831161499
-49 4.531829595565796
-49 4.53816032409668
-49 4.542334794998169
-49 4.547359466552734
-49 4.551395416259766
-49 4.55646014213562
-49 4.5605292320251465
-49 4.565804719924927
-49 4.569924592971802
-49 4.574264049530029
-49 4.579163551330566
-49 4.583423852920532
-49 4.589258193969727
-49 4.593822479248047
-49 4.59886622428894
-49 4.603121042251587
-49 4.608338117599487
-49 4.612494230270386
-49 4.617808818817139
-49 4.62183403968811
-49 4.626689434051514
-49 4.630756616592407
-49 4.636099815368652
-49 4.6410253047943115
-49 4.646241903305054
-49 4.650360584259033
-49 4.6550452709198
-49 4.65993857383728
-49 4.664294481277466
-49 4.669198751449585
-49 4.673459529876709
-49 4.67859411239624
-49 4.682707071304321
-49 4.687963485717773
-49 4.693018198013306
-49 4.698219299316406
-49 4.702385187149048
-49 4.707420825958252
-49 4.711433172225952
-49 4.716535329818726
-49 4.72078275680542
-49 4.726104021072388
-49 4.730221748352051
-49 4.734537124633789
-49 4.740444660186768
-49 4.745812892913818
-49 4.749929428100586
-49 4.754248857498169
-49 4.759140968322754
-49 4.763373374938965
-49 4.768509387969971
-49 4.772688865661621
-49 4.778110980987549
-49 4.782262802124023
-49 4.787454605102539
-49 4.792522192001343
-49 4.797758340835571
-49 4.801817178726196
-49 4.806663751602173
-49 4.81073260307312
-49 4.816032886505127
-49 4.820154905319214
-49 4.824450254440308
-49 4.829343795776367
-49 4.8338823318481445
-49 4.83982515335083
-49 4.845974683761597
-49 4.850109100341797
-49 4.854442358016968
-49 4.859295845031738
-49 4.863854169845581
-49 4.868745803833008
-49 4.872869968414307
-49 4.878174304962158
-49 4.882365942001343
-49 4.8874547481536865
-49 4.892535209655762
-49 4.897987365722656
-49 4.9063379764556885
-49 4.910623550415039
-49 4.915921211242676
-49 4.9202868938446045
-49 4.925022602081299
-49 4.929917573928833
-49 4.93425440788269
-49 4.93915581703186
-49 4.944481372833252
-49 4.949397802352905
-49 4.953951597213745
-49 4.958998203277588
-49 4.963275194168091
-49 4.96842360496521
-49 4.972580194473267
-49 4.977840185165405
-49 4.981873273849487
-49 4.986709356307983
-49 4.9907824993133545
-49 4.997137784957886
-49 5.001253128051758
-49 5.006357431411743
-49 5.010531187057495
-49 5.015828371047974
-49 5.020148754119873
-49 5.02448844909668
-49 5.029434680938721
-49 5.034039735794067
-49 5.03889274597168
-49 5.043161630630493
-49 5.04924201965332
-49 5.053807973861694
-49 5.058672189712524
-49 5.062816143035889
-49 5.068073749542236
-49 5.072235584259033
-49 5.077454328536987
-49 5.081454277038574
-49 5.086541414260864
-49 5.090661525726318
-49 5.096695899963379
-49 5.100889682769775
-49 5.106160879135132
-49 5.110307216644287
-49 5.114997625350952
-49 5.119474411010742
-49 5.124020099639893
-49 5.1289074420928955
-49 5.133189678192139
-49 5.1385273933410645
-49 5.142684698104858
-49 5.148577451705933
-49 5.152742147445679
-49 5.158031463623047
-49 5.162169456481934
-49 5.167106628417969
-49 5.171236515045166
-49 5.176347494125366
-49 5.180623292922974
-49 5.18593692779541
-49 5.190075874328613
-49 5.194409370422363
-49 5.200469255447388
-49 5.205788850784302
-49 5.209930658340454
-49 5.2142980098724365
-49 5.219208002090454
-49 5.223774194717407
-49 5.229067325592041
-49 5.233363151550293
-49 5.238507986068726
-49 5.24275016784668
-49 5.248727321624756
-49 5.252979040145874
-49 5.258372068405151
-49 5.262524843215942
-49 5.267854452133179
-49 5.271888017654419
-49 5.276715278625488
-49 5.280914783477783
-49 5.286135911941528
-49 5.290239572525024
-49 5.294548511505127
-49 5.30427885055542
-49 5.309457540512085
-49 5.3140177726745605
-49 5.319129467010498
-49 5.3234264850616455
-49 5.334092855453491
-49 5.339022636413574
-49 5.3432936668396
-49 5.3484532833099365
-49 5.353818893432617
-49 5.358741044998169
-49 5.362874269485474
-49 5.368174076080322
-49 5.372318744659424
-49 5.3777642250061035
-49 5.381784439086914
-49 5.386671304702759
-49 5.390750885009766
-49 5.3960535526275635
-49 5.401212692260742
-49 5.4063355922698975
-49 5.410638093948364
-49 5.415971755981445
-49 5.420119285583496
-49 5.42444372177124
-49 5.4292871952056885
-49 5.43388557434082
-49 5.438914060592651
-49 5.443172454833984
-49 5.448366403579712
-49 5.453415870666504
-49 5.458649158477783
-49 5.462873220443726
-49 5.468166351318359
-49 5.472313642501831
-49 5.477333307266235
-49 5.481328010559082
-49 5.486455202102661
-49 5.490541696548462
-49 5.495805978775024
-49 5.5000810623168945
-49 5.506238222122192
-49 5.510372161865234
-49 5.515451669692993
-49 5.5198047161102295
-49 5.524152755737305
-49 5.529043912887573
-49 5.5333333015441895
-49 5.538479566574097
-49 5.542677640914917
-49 5.547952890396118
-49 5.552873134613037
-49 5.558394432067871
-49 5.562563896179199
-49 5.568015098571777
-49 5.572168588638306
-49 5.577129364013672
-49 5.581243276596069
-49 5.586346626281738
-49 5.590450048446655
-49 5.595839023590088
-49 5.599959135055542
-49 5.60606837272644
-49 5.610212326049805
-49 5.614555358886719
-49 5.619827508926392
-49 5.624179363250732
-49 5.629042148590088
-49 5.633300542831421
-49 5.638458490371704
-49 5.642627239227295
-49 5.64789342880249
-49 5.651943922042847
-49 5.658133506774902
-49 5.662271499633789
-49 5.667320966720581
-49 5.671356678009033
-49 5.676451206207275
-49 5.680744647979736
-49 5.68605375289917
-49 5.690191030502319
-49 5.694489479064941
-49 5.699523448944092
-49 5.709308862686157
-49 5.7138895988464355
-49 5.718893766403198
-49 5.723175287246704
-49 5.728503227233887
-49 5.732685327529907
-49 5.738114356994629
-49 5.742284297943115
-49 5.747330188751221
-49 5.751339673995972
-49 5.757436752319336
-49 5.761501312255859
-49 5.766570329666138
-49 5.770708322525024
-49 5.7759928703308105
-49 5.780132293701172
-49 5.784425735473633
-49 5.789316654205322
-49 5.793871879577637
-49 5.798886775970459
-49 5.80315089225769
-49 5.809097528457642
-49 5.813365459442139
-49 5.81851601600647
-49 5.822646141052246
-49 5.828066825866699
-49 5.832252502441406
-49 5.838169574737549
-49 5.842349290847778
-49 5.847410678863525
-49 5.851401090621948
-49 5.856457710266113
-49 5.861797094345093
-49 5.866663217544556
-49 5.870776891708374
-49 5.876110553741455
-49 5.880221366882324
-49 5.884531497955322
-49 5.889376401901245
-49 5.89389443397522
-49 5.898769855499268
-49 5.902994632720947
-49 5.908880233764648
-49 5.913172960281372
-49 5.918507814407349
-49 5.922662019729614
-49 5.9279444217681885
-49 5.931975364685059
-49 5.937051057815552
-49 5.941171169281006
-49 5.946328163146973
-49 5.950441122055054
-49 5.955554246902466
-49 5.9609785079956055
-49 5.966215133666992
-49 5.970332860946655
-49 5.975011110305786
-49 5.979931831359863
-49 5.984280824661255
-49 5.989176988601685
-49 5.993415355682373
-49 5.998525857925415
