0 0.0032651424407958984
0 0.01216888427734375
-1 0.022066116333007812
-3 0.033390045166015625
-6 0.043065547943115234
-9 0.05222964286804199
-12 0.06293916702270508
-15 0.07133746147155762
-16 0.0763697624206543
-18 0.08044075965881348
-20 0.08555459976196289
-22 0.08966183662414551
-24 0.09499979019165039
-26 0.09912729263305664
-28 0.10347580909729004
-30 0.10833406448364258
-33 0.1129004955291748
-35 0.11780381202697754
-38 0.12311315536499023
-39 0.12819910049438477
-42 0.1327836513519287
-44 0.13775324821472168
-45 0.14203548431396484
-47 0.14726519584655762
-49 0.15144777297973633
-50 0.15669488906860352
-52 0.1607656478881836
-54 0.1658797264099121
-55 0.16989684104919434
-56 0.17619609832763672
-57 0.18021821975708008
-58 0.1853656768798828
-59 0.1896200180053711
-60 0.1949453353881836
-60 0.1990954875946045
-61 0.20340609550476074
-61 0.20830535888671875
-61 0.21288371086120605
-61 0.21778345108032227
-61 0.22314167022705078
-61 0.22803258895874023
-61 0.23231148719787598
-61 0.2374565601348877
-61 0.24164795875549316
-61 0.24709725379943848
-61 0.25127220153808594
-61 0.2601959705352783
-61 0.26542139053344727
-61 0.2695648670196533
-61 0.2755880355834961
-61 0.27977728843688965
-61 0.2850215435028076
-61 0.289212703704834
-61 0.29886937141418457
-61 0.303210973739624
-61 0.30842041969299316
-61 0.31301021575927734
-61 0.3180370330810547
-61 0.3223245143890381
-61 0.32829880714416504
-61 0.3328888416290283
-61 0.33776187896728516
-61 0.34203124046325684
-61 0.3472590446472168
-61 0.351452112197876
-61 0.3566927909851074
-61 0.3607196807861328
-61 0.3655734062194824
-61 0.3700449466705322
-61 0.37624597549438477
-61 0.3802921772003174
-61 0.3853590488433838
-61 0.3896358013153076
-61 0.39498329162597656
-61 0.39912915229797363
-61 0.4034614562988281
-61 0.4083418846130371
-61 0.4129140377044678
-61 0.41777467727661133
-61 0.42203235626220703
-61 0.4280993938446045
-61 0.43268299102783203
-61 0.4375624656677246
-61 0.44171905517578125
-61 0.4469795227050781
-61 0.45116186141967773
-61 0.4562201499938965
-61 0.4602508544921875
-61 0.4653453826904297
-61 0.4694643020629883
-61 0.47475409507751465
-61 0.47965383529663086
-61 0.4849851131439209
-61 0.48929357528686523
-61 0.4939765930175781
-61 0.498720645904541
-61 0.503063440322876
-61 0.5079154968261719
-61 0.5121662616729736
-61 0.5175056457519531
-61 0.5216732025146484
-61 0.5269343852996826
-61 0.5320119857788086
-61 0.5372326374053955
-61 0.5413992404937744
-61 0.546903133392334
-61 0.5509943962097168
-61 0.5560116767883301
-61 0.5601274967193604
-61 0.5652444362640381
-61 0.5694208145141602
-61 0.5747087001800537
-61 0.579648494720459
-61 0.5849900245666504
-61 0.5891146659851074
-61 0.5934245586395264
-61 0.5982897281646729
-61 0.6028759479522705
-61 0.6079137325286865
-61 0.6121845245361328
-61 0.6174254417419434
-61 0.6215887069702148
-61 0.6268770694732666
-61 0.6317436695098877
-61 0.6370246410369873
-61 0.6411921977996826
-61 0.646371603012085
-61 0.6503982543945312
-61 0.6555404663085938
-61 0.6596336364746094
-61 0.6649410724639893
-61 0.6692366600036621
-61 0.6739134788513184
-61 0.6783931255340576
-61 0.6847891807556152
-61 0.688936710357666
-61 0.6976842880249023
-61 0.7019505500793457
-61 0.7073009014129639
-61 0.7114613056182861
-61 0.7168734073638916
-61 0.7208964824676514
-61 0.7262008190155029
-61 0.7313096523284912
-61 0.7363853454589844
-61 0.7403972148895264
-61 0.7454812526702881
-61 0.7495884895324707
-61 0.7548964023590088
-61 0.7590725421905518
-61 0.7634105682373047
-61 0.7682714462280273
-61 0.7728211879730225
-61 0.7778677940368652
-61 0.7832169532775879
-61 0.7882800102233887
-61 0.7928740978240967
-61 0.7977573871612549
-61 0.8020248413085938
-61 0.8077487945556641
-61 0.8120217323303223
-61 0.81723952293396
-61 0.8214139938354492
-61 0.8264429569244385
-61 0.8304424285888672
-61 0.8368737697601318
-61 0.8408880233764648
-61 0.8462522029876709
-61 0.8502788543701172
-61 0.8553669452667236
-61 0.8595237731933594
-61 0.8654525279998779
-61 0.8695952892303467
-61 0.8749420642852783
-61 0.8791277408599854
-61 0.8852295875549316
-61 0.8893413543701172
-61 0.8943665027618408
-61 0.8987452983856201
-61 0.9030706882476807
-61 0.9081020355224609
-61 0.9126584529876709
-61 0.917529821395874
-61 0.921675443649292
-61 0.926964282989502
-61 0.9311416149139404
-61 0.9372134208679199
-61 0.9414067268371582
-61 0.9464437961578369
-61 0.9506711959838867
-61 0.9555854797363281
-61 0.9596683979034424
-61 0.9649698734283447
-61 0.9692625999450684
-61 0.9739551544189453
-61 0.9784355163574219
-61 0.9830553531646729
-61 0.9888291358947754
-61 0.9931631088256836
-61 0.9980318546295166
-61 1.0022804737091064
-61 1.0074334144592285
-61 1.011603593826294
-61 1.0168685913085938
-61 1.020864486694336
-61 1.0261709690093994
-61 1.0301837921142578
-61 1.0367162227630615
-61 1.040799856185913
-61 1.0458948612213135
-61 1.0499188899993896
-61 1.0551128387451172
-61 1.0592224597930908
-61 1.0639469623565674
-61 1.0683941841125488
-61 1.0729749202728271
-61 1.0778534412384033
-61 1.082090139389038
-61 1.0881175994873047
-61 1.0970661640167236
-61 1.1012685298919678
-61 1.1064410209655762
-61 1.1106600761413574
-61 1.1155478954315186
-61 1.119899034500122
-61 1.1251039505004883
-61 1.1294238567352295
-61 1.134690284729004
-61 1.139620304107666
-61 1.14493989944458
-61 1.1492388248443604
-61 1.1539247035980225
-61 1.1584200859069824
-61 1.162992000579834
-61 1.1680350303649902
-61 1.1723120212554932
-61 1.1774547100067139
-61 1.1816074848175049
-61 1.1868290901184082
-61 1.1919000148773193
-61 1.1970994472503662
-61 1.2012476921081543
-61 1.2064359188079834
-61 1.210430383682251
-61 1.2155005931854248
-61 1.2195889949798584
-61 1.2248773574829102
-61 1.2290551662445068
-61 1.2333383560180664
-61 1.2392299175262451
-61 1.2439587116241455
-61 1.2483961582183838
-61 1.252946376800537
-61 1.257833480834961
-61 1.262077808380127
-61 1.267374038696289
-61 1.2715418338775635
-61 1.2767701148986816
-61 1.2808001041412354
-61 1.285888671875
-61 1.2913494110107422
-61 1.2967655658721924
-61 1.3007805347442627
-61 1.3056252002716064
-61 1.3098070621490479
-61 1.3150196075439453
-61 1.319493055343628
-61 1.324772834777832
-61 1.3290562629699707
-61 1.3333632946014404
-61 1.338289737701416
-61 1.3439819812774658
-61 1.3484454154968262
-61 1.3530268669128418
-61 1.3579094409942627
-61 1.3621764183044434
-61 1.3673431873321533
-61 1.3715219497680664
-61 1.3767852783203125
-61 1.3808093070983887
-61 1.3860325813293457
-61 1.3901517391204834
-61 1.3962328433990479
-61 1.4002337455749512
-61 1.4053680896759033
-61 1.409472942352295
-61 1.4147188663482666
-61 1.4188661575317383
-61 1.4232196807861328
-61 1.4282660484313965
-61 1.4328105449676514
-61 1.4377424716949463
-61 1.4430806636810303
-61 1.4481124877929688
-61 1.452683448791504
-61 1.4575366973876953
-61 1.4616987705230713
-61 1.4669694900512695
-61 1.4711346626281738
-61 1.4762012958526611
-61 1.4802021980285645
-61 1.485321044921875
-61 1.4894328117370605
-61 1.4991838932037354
-61 1.5039277076721191
-61 1.508885145187378
-61 1.5131914615631104
-61 1.5182337760925293
-61 1.52276611328125
-61 1.5277998447418213
-61 1.5321011543273926
-61 1.5372750759124756
-61 1.5414164066314697
-61 1.5474388599395752
-61 1.5515868663787842
-61 1.557021141052246
-61 1.5611999034881592
-61 1.566378116607666
-61 1.5703823566436768
-61 1.5754964351654053
-61 1.5796089172363281
-61 1.5849413871765137
-61 1.5890686511993408
-61 1.5933964252471924
-61 1.5992190837860107
-61 1.6038966178894043
-61 1.6083710193634033
-61 1.6129093170166016
-61 1.6177618503570557
-61 1.6220033168792725
-61 1.6273632049560547
-61 1.6315248012542725
-61 1.636793613433838
-61 1.6408283710479736
-61 1.6470143795013428
-61 1.6511883735656738
-61 1.656202793121338
-61 1.6601924896240234
-61 1.6653211116790771
-61 1.6694271564483643
-61 1.674708366394043
-61 1.6788420677185059
-61 1.6831364631652832
-61 1.6882069110870361
-61 1.6927602291107178
-61 1.6983449459075928
-61 1.7028968334197998
-61 1.7077655792236328
-61 1.7120213508605957
-61 1.7172174453735352
-61 1.7213997840881348
-61 1.7264280319213867
-61 1.7306702136993408
-61 1.7355594635009766
-61 1.7396492958068848
-61 1.745023250579834
-61 1.750197410583496
-61 1.7751688957214355
-61 1.7853169441223145
-61 1.795332431793213
-61 1.8089563846588135
-61 1.8169598579406738
-61 1.821192979812622
-61 1.8264126777648926
-61 1.8306691646575928
-61 1.835555076599121
-61 1.83966064453125
-61 1.8449976444244385
-61 1.8502519130706787
-61 1.8553435802459717
-61 1.8594481945037842
-61 1.8654394149780273
-61 1.869842529296875
-61 1.8750665187835693
-61 1.8792085647583008
-61 1.8839302062988281
-61 1.8883991241455078
-61 1.892958641052246
-61 1.902771234512329
-61 1.907778263092041
-61 1.9120683670043945
-61 1.917428731918335
-61 1.921574592590332
-61 1.927114486694336
-61 1.931307315826416
-61 1.9363658428192139
-61 1.94038724899292
-61 1.9454362392425537
-61 1.9507708549499512
-61 1.9559004306793213
-61 1.9599039554595947
-61 1.9651474952697754
-61 1.9692728519439697
-61 1.9739749431610107
-61 1.9787046909332275
-61 1.9830574989318848
-61 1.9880650043487549
-61 1.9923536777496338
-61 1.9975106716156006
-61 2.002779245376587
-61 2.0076467990875244
-61 2.0118861198425293
-61 2.0171144008636475
-61 2.0212955474853516
-61 2.0263848304748535
-61 2.0304079055786133
-61 2.0354952812194824
-61 2.039625406265259
-61 2.0449278354644775
-61 2.0492565631866455
-61 2.0553741455078125
-61 2.05947208404541
-61 2.0647664070129395
-61 2.0688869953155518
-61 2.073228597640991
-61 2.07828688621521
-61 2.082878828048706
-61 2.0877575874328613
-61 2.092013359069824
-61 2.097212791442871
-61 2.1013879776000977
-61 2.1075985431671143
-61 2.1117353439331055
-61 2.1170291900634766
-61 2.121192216873169
-61 2.1262269020080566
-61 2.1302430629730225
-61 2.1353607177734375
-61 2.139448881149292
-61 2.14471173286438
-61 2.1488518714904785
-61 2.1548993587493896
-61 2.159095287322998
-61 2.1634228229522705
-61 2.1687092781066895
-61 2.173051357269287
-61 2.1779232025146484
-61 2.182199716567993
-61 2.1873722076416016
-61 2.191561460494995
-61 2.1968295574188232
-61 2.200852632522583
-61 2.207092046737671
-61 2.2112369537353516
-61 2.216280937194824
-61 2.2202844619750977
-61 2.2253847122192383
-61 2.2296242713928223
-61 2.2349276542663574
-61 2.2390646934509277
-61 2.243379592895508
-61 2.248271942138672
-61 2.2528138160705566
-61 2.2587337493896484
-61 2.2630817890167236
-61 2.2679569721221924
-61 2.2722654342651367
-61 2.2774107456207275
-61 2.281572103500366
-61 2.2870516777038574
-61 2.2912144660949707
-61 2.299788475036621
-61 2.3050379753112793
-61 2.310163974761963
-61 2.315265417098999
-61 2.320195436477661
-61 2.3253724575042725
-61 2.329612970352173
-61 2.3349287509918213
-61 2.339228391647339
-61 2.343937873840332
-61 2.3487954139709473
-61 2.3531508445739746
-61 2.358947277069092
-61 2.3632795810699463
-61 2.3681411743164062
-61 2.3727293014526367
-61 2.3776402473449707
-61 2.38177490234375
-61 2.3870768547058105
-61 2.391225814819336
-61 2.39625883102417
-61 2.4002785682678223
-61 2.4053919315338135
-61 2.411081075668335
-61 2.416046619415283
-61 2.4201626777648926
-61 2.4252591133117676
-61 2.429366111755371
-61 2.4346957206726074
-61 2.438843250274658
-61 2.4431724548339844
-61 2.448044538497925
-61 2.4523186683654785
-61 2.4574599266052246
-61 2.462808609008789
-61 2.4678657054901123
-61 2.4721386432647705
-61 2.477328300476074
-61 2.4814987182617188
-61 2.4867753982543945
-61 2.4908013343811035
-61 2.495861530303955
-61 2.4998817443847656
-61 2.505103349685669
-61 2.5101068019866943
-61 2.515270471572876
-61 2.5193867683410645
-61 2.5246598720550537
-61 2.5294718742370605
-61 2.534785747528076
-61 2.53905987739563
-61 2.543377161026001
-61 2.5483832359313965
-61 2.552943229675293
-61 2.5579628944396973
-61 2.5633673667907715
-61 2.568258047103882
-61 2.5728421211242676
-61 2.5777342319488525
-61 2.5820131301879883
-61 2.587341070175171
-61 2.59151029586792
-61 2.5969743728637695
-61 2.601163625717163
-61 2.6061789989471436
-61 2.611298084259033
-61 2.616347312927246
-61 2.620344400405884
-61 2.62545108795166
-61 2.6295735836029053
-61 2.6349244117736816
-61 2.6390538215637207
-61 2.6433629989624023
-61 2.648390769958496
-61 2.652960777282715
-61 2.6578359603881836
-61 2.6631503105163574
-61 2.668031692504883
-61 2.672294855117798
-61 2.677438259124756
-61 2.6815905570983887
-61 2.686837911605835
-61 2.6908533573150635
-61 2.695950984954834
-61 2.7047529220581055
-61 2.709221601486206
-61 2.7153422832489014
-61 2.7195990085601807
-61 2.724898338317871
-61 2.729273796081543
-61 2.734347343444824
-61 2.738431692123413
-61 2.7430155277252197
-61 2.747913122177124
-61 2.752163887023926
-61 2.7573273181915283
-61 2.761535167694092
-61 2.76770281791687
-61 2.771991729736328
-61 2.7771782875061035
-61 2.7813546657562256
-61 2.7863707542419434
-61 2.7904224395751953
-61 2.7955234050750732
-61 2.799604892730713
-61 2.8049349784851074
-61 2.809072494506836
-61 2.8151400089263916
-61 2.8192808628082275
-61 2.8239552974700928
-61 2.828836679458618
-61 2.833158016204834
-61 2.838022232055664
-61 2.8422889709472656
-61 2.8474533557891846
-61 2.8516364097595215
-61 2.857027530670166
-61 2.861173629760742
-61 2.867682695388794
-61 2.871941328048706
-61 2.8771255016326904
-61 2.881319761276245
-61 2.8867132663726807
-61 2.8907573223114014
-61 2.8956124782562256
-61 2.8998024463653564
-61 2.9050161838531494
-61 2.909130096435547
-61 2.9134278297424316
-61 2.9193735122680664
-61 2.9247348308563232
-61 2.928870677947998
-61 2.9332001209259033
-61 2.9380505084991455
-61 2.9423325061798096
-61 2.9476208686828613
-61 2.9517672061920166
-61 2.9570772647857666
-61 2.9612350463867188
-61 2.9671835899353027
-61 2.9713950157165527
-61 2.9764201641082764
-61 2.980440139770508
-61 2.9855713844299316
-61 2.989924669265747
-61 2.9951155185699463
-61 2.999234676361084
-61 3.00390625
-61 3.0087597370147705
-61 3.0130996704101562
-61 3.019066095352173
-61 3.023372173309326
-61 3.0282094478607178
-61 3.0327420234680176
-61 3.03761625289917
-61 3.0417284965515137
-61 3.0469601154327393
-61 3.0510849952697754
-61 3.0560247898101807
-61 3.060091495513916
-61 3.0652172565460205
-61 3.0707364082336426
-61 3.075578212738037
-61 3.079634666442871
-61 3.0848915576934814
-61 3.0889933109283447
-61 3.093334197998047
-61 3.102121353149414
-61 3.1074066162109375
-61 3.11155104637146
-61 3.1170802116394043
-61 3.1221680641174316
-61 3.1275479793548584
-61 3.1317036151885986
-61 3.136965036392212
-61 3.1411001682281494
-61 3.1460604667663574
-61 3.1501569747924805
-61 3.155245542526245
-61 3.159327507019043
-61 3.1643447875976562
-61 3.168438196182251
-61 3.174818515777588
-61 3.178913116455078
-61 3.183236837387085
-61 3.188241481781006
-61 3.19277286529541
-61 3.197608470916748
-61 3.201765537261963
-61 3.207007646560669
-61 3.211160182952881
-61 3.2161812782287598
-61 3.221205472946167
-61 3.2262160778045654
-61 3.230250358581543
-61 3.2353410720825195
-61 3.23943829536438
-61 3.244692087173462
-61 3.248983383178711
-61 3.2532756328582764
-61 3.2581160068511963
-61 3.2626781463623047
-61 3.2675232887268066
-61 3.272902488708496
-61 3.277771234512329
-61 3.2820231914520264
-61 3.2873687744140625
-61 3.291510820388794
-61 3.2967262268066406
-61 3.3007383346557617
-61 3.3055684566497803
-61 3.3108835220336914
-61 3.3159542083740234
-61 3.3199143409729004
-61 3.3262269496917725
-61 3.330244779586792
-61 3.3353307247161865
-61 3.3394341468811035
-61 3.344698190689087
-61 3.3488199710845947
-61 3.353125810623169
-61 3.3580098152160645
-61 3.362278938293457
-61 3.367611885070801
-61 3.371736764907837
-61 3.377916097640991
-61 3.3821685314178467
-61 3.387326717376709
-61 3.39151930809021
-61 3.396724224090576
-61 3.4007279872894287
-61 3.4055733680725098
-61 3.409639358520508
-61 3.4149389266967773
-61 3.4190566539764404
-61 3.4251577854156494
-61 3.4294021129608154
-61 3.434689998626709
-61 3.4387876987457275
-61 3.4430923461914062
-61 3.447957992553711
-61 3.4522178173065186
-61 3.457343578338623
-61 3.4615139961242676
-61 3.4667298793792725
-61 3.4707367420196533
-61 3.4767940044403076
-61 3.480820417404175
-61 3.4860410690307617
-61 3.490143299102783
-61 3.4952337741851807
-61 3.5031886100769043
-61 3.5082809925079346
-61 3.512840509414673
-61 3.517864227294922
-61 3.5221052169799805
-61 3.5281624794006348
-61 3.532707691192627
-61 3.5375630855560303
-61 3.5417001247406006
-61 3.5522890090942383
-61 3.557513475418091
-61 3.561664581298828
-61 3.566922903060913
-61 3.5710575580596924
-61 3.577078342437744
-61 3.581275701522827
-61 3.586337089538574
-61 3.590348958969116
-61 3.5954504013061523
-61 3.599573850631714
-61 3.604889154434204
-61 3.6091675758361816
-61 3.6139039993286133
-61 3.6184003353118896
-61 3.622990846633911
-61 3.6288673877716064
-61 3.633204221725464
-61 3.6382410526275635
-61 3.6428005695343018
-61 3.6476569175720215
-61 3.651885509490967
-61 3.657092571258545
-61 3.66123366355896
-61 3.666419267654419
-61 3.6706721782684326
-61 3.6755785942077637
-61 3.6811540126800537
-61 3.6862049102783203
-61 3.690199851989746
-61 3.695326805114746
-61 3.699422597885132
-61 3.704699993133545
-61 3.708832025527954
-61 3.7131450176239014
-61 3.7180309295654297
-61 3.72231125831604
-61 3.727651596069336
-61 3.733015775680542
-61 3.7378852367401123
-61 3.7421462535858154
-61 3.7473032474517822
-61 3.751507043838501
-61 3.7567458152770996
-61 3.7607672214508057
-61 3.765625238418579
-61 3.77005672454834
-61 3.775237798690796
-61 3.780380964279175
-61 3.785491943359375
-61 3.789844512939453
-61 3.7950820922851562
-61 3.799238681793213
-61 3.803926944732666
-61 3.808406352996826
-61 3.8129584789276123
-61 3.817798137664795
-61 3.822063684463501
-61 3.8272430896759033
-61 3.832350015640259
-61 3.8375134468078613
-61 3.841661214828491
-61 3.847123384475708
-61 3.8512890338897705
-61 3.8563482761383057
-61 3.8603739738464355
-61 3.866445302963257
-61 3.8707029819488525
-61 3.875579833984375
-61 3.8796610832214355
-61 3.885989189147949
-61 3.8901278972625732
-61 3.895254611968994
-61 3.9033970832824707
-61 3.9087798595428467
-61 3.9131252765655518
-61 3.918179512023926
-61 3.922722101211548
-61 3.927750587463379
-61 3.9330737590789795
-61 3.937953472137451
-61 3.9422502517700195
-61 3.9474263191223145
-61 3.951591730117798
-61 3.9568183422088623
-61 3.9608519077301025
-61 3.9660849571228027
-61 3.97019362449646
-61 3.9752912521362305
-61 3.979423999786377
-61 3.985426187515259
-61 3.9895596504211426
-61 3.994924545288086
-61 3.999065637588501
-61 4.003379583358765
-61 4.00823450088501
-61 4.012768268585205
-61 4.017650127410889
-61 4.021880149841309
-61 4.027265310287476
-61 4.031420469284058
-61 4.037416219711304
-61 4.041571140289307
-61 4.046814680099487
-61 4.05090856552124
-61 4.055968284606934
-61 4.060067415237427
-61 4.065200328826904
-61 4.069303274154663
-61 4.073965311050415
-61 4.078402519226074
-61 4.082993268966675
-61 4.08902645111084
-61 4.093338489532471
-61 4.098200798034668
-61 4.102747678756714
-61 4.107649087905884
-61 4.111878395080566
-61 4.11710000038147
-61 4.1212592124938965
-61 4.12628173828125
-61 4.130281209945679
-61 4.136703729629517
-61 4.1407310962677
-61 4.145573139190674
-61 4.149911403656006
-61 4.15511679649353
-61 4.159387111663818
-61 4.164697647094727
-61 4.168821573257446
-61 4.173171281814575
-61 4.178054571151733
-61 4.182326078414917
-61 4.1882524490356445
-61 4.192835092544556
-61 4.197718381881714
-61 4.201962232589722
-61 4.2072718143463135
-61 4.21142315864563
-61 4.216728210449219
-61 4.220726728439331
-61 4.225567817687988
-61 4.229639530181885
-61 4.234943866729736
-61 4.239912509918213
-61 4.24512505531311
-61 4.2492430210113525
-61 4.253923177719116
-61 4.258401870727539
-61 4.262998580932617
-61 4.268026828765869
-61 4.272314786911011
-61 4.277419090270996
-61 4.281587600708008
-61 4.287054777145386
-61 4.292105197906494
-61 4.297297477722168
-61 4.305499076843262
-61 4.30985426902771
-61 4.315076112747192
-61 4.319323301315308
-61 4.325044631958008
-61 4.329362154006958
-61 4.334686517715454
-61 4.339611053466797
-61 4.344926834106445
-61 4.349066257476807
-61 4.353398323059082
-61 4.358266830444336
-61 4.362818956375122
-61 4.367715835571289
-61 4.371978282928467
-61 4.37714958190918
-61 4.381337642669678
-61 4.386796474456787
-61 4.391659498214722
-61 4.396908283233643
-61 4.4010045528411865
-61 4.4060304164886475
-61 4.410141706466675
-61 4.41524600982666
-61 4.419495582580566
-61 4.424776315689087
-61 4.428906679153442
-61 4.433228969573975
-61 4.438102960586548
-61 4.443464279174805
-61 4.44871973991394
-61 4.4530534744262695
-61 4.457947015762329
-61 4.462231159210205
-61 4.467394828796387
-61 4.471555948257446
-61 4.476802110671997
-61 4.480882883071899
-61 4.485973358154297
-61 4.4911956787109375
-61 4.496259927749634
-61 4.500272274017334
-61 4.505353927612305
-61 4.509613037109375
-61 4.51489782333374
-61 4.519078493118286
-61 4.523386716842651
-61 4.528264284133911
-61 4.532816648483276
-61 4.537747383117676
-61 4.543090343475342
-61 4.548128604888916
-61 4.5526955127716064
-61 4.557560205459595
-61 4.561721086502075
-61 4.5671281814575195
-61 4.5713183879852295
-61 4.57636570930481
-61 4.580365419387817
-61 4.585456609725952
-61 4.5895676612854
-61 4.595935106277466
-61 4.599921226501465
-61 4.605156421661377
-61 4.609285593032837
-61 4.613978624343872
-61 4.618419170379639
-61 4.622987270355225
-61 4.628080606460571
-61 4.6326494216918945
-61 4.637532949447632
-61 4.641690015792847
-61 4.647722005844116
-61 4.6519834995269775
-61 4.657194375991821
-61 4.661368370056152
-61 4.666377067565918
-61 4.670413255691528
-61 4.675510883331299
-61 4.679885387420654
-61 4.685113191604614
-61 4.689417362213135
-61 4.695480823516846
-61 4.699596405029297
-61 4.708306312561035
-61 4.712932109832764
-61 4.717929363250732
-61 4.722194671630859
-61 4.727529048919678
-61 4.731693506240845
-61 4.73714017868042
-61 4.7413365840911865
-61 4.747356653213501
-61 4.7515294551849365
-61 4.756778955459595
-61 4.760789394378662
-61 4.765865087509155
-61 4.769879341125488
-61 4.775085210800171
-61 4.779234886169434
-61 4.783901691436768
-61 4.78835391998291
-61 4.792932033538818
-61 4.798863410949707
-61 4.8031721115112305
-61 4.8082334995269775
-61 4.812792778015137
-61 4.817636966705322
-61 4.821898698806763
-61 4.827114105224609
-61 4.831266641616821
-61 4.836277961730957
-61 4.840272903442383
-61 4.845369338989258
-61 4.8507184982299805
-61 4.855572700500488
-61 4.859653949737549
-61 4.865575313568115
-61 4.8700573444366455
-61 4.8752264976501465
-61 4.879320859909058
-61 4.8843700885772705
-61 4.888711214065552
-61 4.893042802810669
-61 4.8990137577056885
-61 4.903379201889038
-61 4.9082653522491455
-61 4.912829637527466
-61 4.9177045822143555
-61 4.921966552734375
-61 4.9273154735565186
-61 4.931529760360718
-61 4.936958312988281
-61 4.941144943237305
-61 4.94608998298645
-61 4.951421499252319
-61 4.956709861755371
-61 4.960736513137817
-61 4.965578079223633
-61 4.969779968261719
-61 4.974994897842407
-61 4.979118824005127
-61 4.983412742614746
-61 4.988677740097046
-61 4.993014335632324
-61 4.997896194458008
-61 5.003267526626587
-61 5.008106470108032
-61 5.012701988220215
-61 5.01754903793335
-61 5.021707057952881
-61 5.0269694328308105
-61 5.031148433685303
-61 5.036228179931641
-61 5.040248394012451
-61 5.045344829559326
-61 5.050877571105957
-61 5.0559375286102295
-61 5.059929132461548
-61 5.065130233764648
-61 5.069399356842041
-61 5.074694633483887
-61 5.078834295272827
-61 5.083157777786255
-61 5.088018894195557
-61 5.092288970947266
-61 5.097450494766235
-61 5.102757215499878
-61 5.111441612243652
-61 5.116873502731323
-61 5.120895862579346
-61 5.126174211502075
-61 5.1302080154418945
-61 5.135344505310059
-61 5.139592885971069
-61 5.144894599914551
-61 5.149056911468506
-61 5.1550984382629395
-61 5.15924334526062
-61 5.16394567489624
-61 5.16880989074707
-61 5.173137187957764
-61 5.178091049194336
-61 5.182661771774292
-61 5.187537670135498
-61 5.191697835922241
-61 5.197134256362915
-61 5.2021238803863525
-61 5.207381963729858
-61 5.211538076400757
-61 5.216764688491821
-61 5.220775365829468
-61 5.225607872009277
-61 5.230036735534668
-61 5.235177278518677
-61 5.239286184310913
-61 5.243936538696289
-61 5.2484190464019775
-61 5.2547829151153564
-61 5.2639453411102295
-61 5.268683671951294
-61 5.273022890090942
-61 5.277913570404053
-61 5.282188653945923
-61 5.2875816822052
-61 5.2917320728302
-61 5.297009706497192
-61 5.301172733306885
-61 5.307229280471802
-61 5.311411142349243
-61 5.316442489624023
-61 5.320664167404175
-61 5.325541973114014
-61 5.329899311065674
-61 5.340439558029175
-61 5.34556770324707
-61 5.349900960922241
-61 5.355985164642334
-61 5.360111713409424
-61 5.365284204483032
-61 5.369387626647949
-61 5.37469220161438
-61 5.378833293914795
-61 5.383179664611816
-61 5.388028621673584
-61 5.392287731170654
-61 5.397461175918579
-61 5.4016242027282715
-61 5.407761335372925
-61 5.412040710449219
-61 5.417234182357788
-61 5.421452522277832
-61 5.426684141159058
-61 5.430697441101074
-61 5.4355552196502686
-61 5.439650297164917
-61 5.444961786270142
-61 5.449138164520264
-61 5.45343542098999
-61 5.459378957748413
-61 5.464724063873291
-61 5.4690093994140625
-61 5.47334623336792
-61 5.47825288772583
-61 5.482795000076294
-61 5.487656593322754
-61 5.491894245147705
-61 5.49712610244751
-61 5.5012876987457275
-61 5.510757923126221
-61 5.516004800796509
-61 5.520106554031372
-61 5.525233507156372
-61 5.52962327003479
-61 5.534933805465698
-61 5.539220094680786
-61 5.543945074081421
-61 5.5484185218811035
-61 5.553008556365967
-61 5.5589988231658936
-61 5.5633368492126465
-61 5.568215608596802
-61 5.572760343551636
-61 5.577610969543457
-61 5.581750869750977
-61 5.587219953536987
-61 5.591389417648315
-61 5.596684694290161
-61 5.6006927490234375
-61 5.605562210083008
-61 5.611086845397949
-61 5.61604380607605
-61 5.620135545730591
-61 5.625269174575806
-61 5.62937068939209
-61 5.634442329406738
-61 5.638762712478638
-61 5.643131494522095
-61 5.648163795471191
-61 5.652692079544067
-61 5.657572507858276
-61 5.662923574447632
-61 5.667795181274414
-61 5.672062635421753
-61 5.677229166030884
-61 5.681398391723633
-61 5.686436176300049
-61 5.690674781799316
-61 5.695581436157227
-61 5.699655294418335
-61 5.704939842224121
-61 5.709216833114624
-61 5.715265274047852
-61 5.719533205032349
-61 5.7248475551605225
-61 5.728978157043457
-61 5.733297348022461
-61 5.738116502761841
-61 5.742664098739624
-61 5.747543573379517
-61 5.751720190048218
-61 5.756991147994995
-61 5.761934757232666
-61 5.767301082611084
-61 5.771486043930054
-61 5.7767534255981445
-61 5.7808074951171875
-61 5.785631895065308
-61 5.789819717407227
-61 5.795028924942017
-61 5.799153089523315
-61 5.803437232971191
-61 5.808294773101807
-61 5.815241813659668
-61 5.819342851638794
-61 5.824687719345093
-61 5.828977108001709
-61 5.833312511444092
-61 5.838163375854492
-61 5.842721700668335
-61 5.847763299942017
-61 5.852056503295898
-61 5.8572540283203125
-61 5.861474275588989
-61 5.868133068084717
-61 5.872676134109497
-61 5.8775622844696045
-61 5.881715774536133
-61 5.887121200561523
-61 5.891306400299072
-61 5.896326541900635
-61 5.900321960449219
-61 5.905405521392822
-61 5.914984703063965
-61 5.919259786605835
-61 5.9239418506622314
-61 5.9288225173950195
-61 5.933142900466919
-61 5.938138008117676
-61 5.9426963329315186
-61 5.947725296020508
-61 5.951983690261841
-61 5.9571990966796875
-61 5.961385011672974
-61 5.967397451400757
-61 5.971563100814819
-61 5.976990461349487
-61 5.981159448623657
-61 5.986201763153076
-61 5.990194082260132
-61 5.995319604873657
-61 5.9994425773620605
