0 0.05074930191040039
-2 0.06565427780151367
-3 0.07071948051452637
-4 0.07589459419250488
-5 0.08065199851989746
-7 0.08603382110595703
-9 0.09074211120605469
-13 0.09955835342407227
-16 0.10669517517089844
-21 0.11495685577392578
-24 0.1208181381225586
-29 0.12756609916687012
-33 0.13492751121520996
-37 0.14078974723815918
-43 0.14774131774902344
-47 0.15511035919189453
-53 0.163330078125
-58 0.16930484771728516
-64 0.1758561134338379
-69 0.1834273338317871
-75 0.18944430351257324
-79 0.19519662857055664
-83 0.2001338005065918
-89 0.20576024055480957
-95 0.21325111389160156
-99 0.21763157844543457
-102 0.22315526008605957
-107 0.22734713554382324
-111 0.2330160140991211
-116 0.23724865913391113
-119 0.24290871620178223
-125 0.24712252616882324
-128 0.2528235912322998
-133 0.257091760635376
-139 0.26361703872680664
-142 0.26801490783691406
-147 0.2735152244567871
-151 0.27791905403137207
-156 0.2834503650665283
-160 0.28784751892089844
-165 0.29331350326538086
-169 0.2989504337310791
-176 0.3056614398956299
-179 0.31014299392700195
-187 0.31814098358154297
-192 0.32379937171936035
-196 0.32849645614624023
-201 0.3338022232055664
-205 0.3384881019592285
-210 0.3437833786010742
-214 0.3484466075897217
-219 0.3536953926086426
-223 0.358076810836792
-229 0.36473941802978516
-232 0.3692352771759033
-238 0.3746957778930664
-241 0.37920069694519043
-247 0.38489270210266113
-252 0.3893444538116455
-256 0.39484667778015137
-261 0.39937520027160645
-269 0.40903210639953613
-276 0.4154500961303711
-280 0.41994309425354004
-285 0.4255702495574951
-289 0.430020809173584
-295 0.43563008308410645
-298 0.4400770664215088
-303 0.4457235336303711
-307 0.45059990882873535
-313 0.4557938575744629
-317 0.4605119228363037
-322 0.4668116569519043
-327 0.472027063369751
-331 0.4767317771911621
-337 0.48191285133361816
-340 0.4866328239440918
-346 0.4914429187774658
-349 0.49657630920410156
-353 0.5010440349578857
-361 0.5079312324523926
-366 0.5135986804962158
-371 0.5192606449127197
-375 0.5248918533325195
-381 0.5293314456939697
-385 0.5349380970001221
-390 0.5393905639648438
-394 0.5448782444000244
-399 0.5493414402008057
-403 0.5547943115234375
-407 0.5592529773712158
-414 0.5654478073120117
-419 0.5732803344726562
-425 0.5777084827423096
-431 0.5832657814025879
-434 0.5876410007476807
-438 0.5931272506713867
-443 0.597348690032959
-447 0.6030106544494629
-453 0.6078946590423584
-458 0.6134612560272217
-462 0.619077205657959
-467 0.6252436637878418
-473 0.6299800872802734
-478 0.6354544162750244
-482 0.6399190425872803
-487 0.6454181671142578
-491 0.6498517990112305
-497 0.6552925109863281
-500 0.6597611904144287
-506 0.6652448177337646
-509 0.6707770824432373
-515 0.6759614944458008
-519 0.680671215057373
-524 0.686011552810669
-528 0.6907351016998291
-533 0.6959657669067383
-537 0.7006983757019043
-543 0.7060580253601074
-548 0.7120115756988525
-552 0.7167024612426758
-557 0.723219633102417
-563 0.727545976638794
-567 0.7331664562225342
-572 0.7373671531677246
-576 0.743201494216919
-581 0.7475686073303223
-585 0.7531299591064453
-591 0.7573199272155762
-594 0.762981653213501
-600 0.7672157287597656
-605 0.7737517356872559
-609 0.7784302234649658
-614 0.7837231159210205
-618 0.7883720397949219
-623 0.793642520904541
-627 0.7980308532714844
-633 0.8036847114562988
-640 0.8134620189666748
-646 0.8178846836090088
-651 0.8247647285461426
-657 0.8292596340179443
-661 0.834998607635498
-666 0.8394474983215332
-669 0.8449232578277588
-675 0.8493912220001221
-679 0.8548793792724609
-684 0.8593120574951172
-688 0.8649847507476807
-693 0.8694274425506592
-699 0.8756289482116699
-703 0.8800828456878662
-708 0.8855388164520264
-712 0.8899722099304199
-717 0.8954718112945557
-721 0.8999333381652832
-727 0.9053993225097656
-730 0.9098470211029053
-736 0.9156851768493652
-739 0.9203968048095703
-745 0.9266667366027832
-751 0.9314978122711182
-754 0.9365732669830322
-758 0.9410436153411865
-763 0.9466714859008789
-769 0.9515097141265869
-773 0.9565837383270264
-778 0.9610621929168701
-782 0.9666917324066162
-787 0.9715020656585693
-793 0.9772908687591553
-797 0.9831240177154541
-802 0.9873549938201904
-806 0.9930953979492188
-811 0.9973044395446777
-815 1.002983808517456
