0 0.01691889762878418
-1 0.02780604362487793
-2 0.04120278358459473
-4 0.0500791072845459
-6 0.061849117279052734
-8 0.06842589378356934
-9 0.07328224182128906
-10 0.07873177528381348
-11 0.08336353302001953
-13 0.08879303932189941
-14 0.09344696998596191
-16 0.09885931015014648
-17 0.10328292846679688
-18 0.10873889923095703
-20 0.11314654350280762
-21 0.11996102333068848
-23 0.12438488006591797
-25 0.12982892990112305
-26 0.134199857711792
-28 0.13966989517211914
-29 0.14407014846801758
-32 0.1530475616455078
-34 0.15784263610839844
-35 0.16307663917541504
-38 0.16955876350402832
-39 0.17394137382507324
-40 0.17941498756408691
-42 0.18360209465026855
-44 0.1892223358154297
-46 0.19341707229614258
-47 0.19930458068847656
-49 0.20477652549743652
-51 0.21015477180480957
-52 0.21478009223937988
-54 0.2218949794769287
-56 0.2263472080230713
-58 0.23180699348449707
-60 0.23624467849731445
-62 0.24171900749206543
-63 0.24616360664367676
-65 0.25160694122314453
-66 0.25606870651245117
-68 0.26273345947265625
-71 0.27013206481933594
-73 0.2747817039489746
-75 0.2800145149230957
-76 0.2844114303588867
-78 0.2900385856628418
-80 0.29439854621887207
-82 0.2998344898223877
-83 0.30420899391174316
-85 0.30968570709228516
-86 0.3140599727630615
-88 0.3202500343322754
-90 0.3255305290222168
-93 0.3323242664337158
-94 0.3370673656463623
-96 0.34224963188171387
-98 0.3492858409881592
-100 0.35346269607543945
-102 0.35907673835754395
-103 0.3633601665496826
-105 0.3708183765411377
-108 0.3757665157318115
-109 0.38121485710144043
-111 0.38564395904541016
-113 0.39127349853515625
-115 0.39571285247802734
-116 0.40116119384765625
-118 0.40559959411621094
-121 0.41477441787719727
-123 0.4214160442352295
-125 0.4259071350097656
-127 0.4318995475769043
-128 0.4363272190093994
-131 0.4419393539428711
-132 0.44638872146606445
-134 0.45197534561157227
-136 0.45641303062438965
-138 0.46187448501586914
-139 0.46631693840026855
-141 0.47244715690612793
-142 0.47715163230895996
-144 0.48235440254211426
-146 0.48705530166625977
-148 0.49221134185791016
-149 0.4969451427459717
-152 0.5021388530731201
-153 0.5068526268005371
-155 0.5121853351593018
-156 0.5168900489807129
-158 0.5231215953826904
-160 0.5283684730529785
-162 0.5334558486938477
-164 0.5390806198120117
-165 0.5433089733123779
-167 0.5487432479858398
-169 0.5533502101898193
-171 0.5588178634643555
-172 0.5632200241088867
-174 0.5684144496917725
-176 0.5742602348327637
-178 0.5797605514526367
-180 0.5841410160064697
-182 0.5896241664886475
-183 0.5939996242523193
-185 0.5995445251464844
-187 0.6038613319396973
-188 0.6094315052032471
-190 0.6136038303375244
-192 0.6193013191223145
-194 0.6247284412384033
-196 0.6301496028900146
-197 0.6354575157165527
-200 0.6415786743164062
-201 0.646418571472168
-203 0.6518652439117432
-205 0.6562685966491699
-207 0.6617100238800049
-208 0.666146993637085
-210 0.6715924739837646
-212 0.6788313388824463
-214 0.6840198040008545
-216 0.6900289058685303
-218 0.6944332122802734
-220 0.700101375579834
-221 0.704749345779419
-224 0.7099859714508057
-225 0.7143745422363281
-227 0.7198507785797119
-228 0.7262222766876221
-231 0.732017993927002
-232 0.7371258735656738
-234 0.7422986030578613
-236 0.7477691173553467
-239 0.753619909286499
-241 0.7596077919006348
-242 0.763988733291626
-244 0.7697029113769531
-246 0.7753276824951172
-248 0.7816424369812012
-250 0.7860791683197021
-252 0.7915139198303223
-253 0.7959308624267578
-254 0.801358699798584
-256 0.8058004379272461
-258 0.8152725696563721
-262 0.8207638263702393
-263 0.8253705501556396
-266 0.8320097923278809
-267 0.8371381759643555
-269 0.8426823616027832
-270 0.8471744060516357
-272 0.8523416519165039
-274 0.8577399253845215
-276 0.8628067970275879
-278 0.8684258460998535
-280 0.8732283115386963
-282 0.8796312808990479
-284 0.8840317726135254
-285 0.8894834518432617
-287 0.8936660289764404
-288 0.8993046283721924
-290 0.9035320281982422
-292 0.9092199802398682
-294 0.9134347438812256
-295 0.9190921783447266
-297 0.9233369827270508
-299 0.9287734031677246
-301 0.934227466583252
-303 0.9402470588684082
-304 0.9449987411499023
-306 0.9501409530639648
-308 0.9548215866088867
-310 0.9600827693939209
-311 0.9647049903869629
-314 0.9699888229370117
-315 0.9755685329437256
-318 0.9818100929260254
-319 0.9862618446350098
-321 0.9918606281280518
-322 0.9963436126708984
-324 1.0017645359039307
