0 0.010355472564697266
0 0.019176006317138672
0 0.03173255920410156
1 0.0411531925201416
2 0.05381011962890625
2 0.06043434143066406
3 0.06617426872253418
4 0.07057809829711914
4 0.07617449760437012
5 0.08057141304016113
5 0.08597135543823242
6 0.0908200740814209
7 0.09691238403320312
8 0.101318359375
8 0.10795974731445312
9 0.112762451171875
10 0.11793375015258789
10 0.12273263931274414
11 0.12780475616455078
12 0.1322648525238037
12 0.13766860961914062
13 0.14214444160461426
14 0.14736390113830566
14 0.1520709991455078
16 0.15882396697998047
16 0.16459274291992188
17 0.16898751258850098
18 0.1744999885559082
19 0.1788163185119629
19 0.18435359001159668
20 0.18854928016662598
21 0.19436955451965332
22 0.1991283893585205
23 0.20571231842041016
24 0.21164941787719727
24 0.216871976852417
25 0.22129058837890625
26 0.2283480167388916
27 0.23426294326782227
28 0.23935461044311523
29 0.2448410987854004
30 0.24920892715454102
30 0.2547132968902588
31 0.2602272033691406
32 0.26719021797180176
33 0.2719097137451172
34 0.27711009979248047
34 0.2818417549133301
36 0.28714609146118164
36 0.29183268547058105
37 0.2970423698425293
38 0.3017396926879883
39 0.3069336414337158
40 0.31472015380859375
41 0.3191211223602295
42 0.3293569087982178
43 0.3350350856781006
44 0.3396575450897217
45 0.34518933296203613
46 0.34992384910583496
46 0.35521817207336426
47 0.36084747314453125
48 0.3666560649871826
49 0.37110161781311035
50 0.37656569480895996
50 0.38101673126220703
52 0.386474609375
52 0.3908848762512207
53 0.39631128311157227
54 0.40075254440307617
54 0.4063272476196289
55 0.4117720127105713
56 0.4169802665710449
57 0.4216582775115967
58 0.4268760681152344
58 0.4313817024230957
60 0.436847448348999
60 0.44126367568969727
61 0.44674015045166016
62 0.4511902332305908
63 0.45680880546569824
63 0.46228599548339844
64 0.46829676628112793
65 0.47379088401794434
66 0.4782261848449707
67 0.48368334770202637
68 0.48812270164489746
68 0.493333101272583
69 0.49802660942077637
70 0.5032491683959961
70 0.507932186126709
72 0.5143628120422363
72 0.5185480117797852
73 0.524338960647583
74 0.5285449028015137
75 0.5342378616333008
76 0.5384421348571777
76 0.5441350936889648
77 0.5483205318450928
78 0.5537610054016113
78 0.5581691265106201
80 0.5645091533660889
80 0.5689146518707275
82 0.5748565196990967
82 0.5792241096496582
83 0.5848867893218994
84 0.5893282890319824
85 0.5947816371917725
85 0.5991785526275635
86 0.6046774387359619
87 0.609088659286499
88 0.6152563095092773
88 0.620032548904419
90 0.6251740455627441
90 0.6298806667327881
91 0.6350562572479248
92 0.6396639347076416
93 0.6450667381286621
93 0.6496999263763428
94 0.6549277305603027
95 0.6593120098114014
96 0.6659195423126221
97 0.671212911605835
98 0.677318811416626
98 0.6820294857025146
99 0.6871902942657471
100 0.6919457912445068
101 0.6971414089202881
102 0.7018961906433105
102 0.7071924209594727
103 0.7119090557098389
104 0.7183330059051514
105 0.7276761531829834
106 0.7321412563323975
107 0.7380359172821045
108 0.7443656921386719
109 0.7504467964172363
110 0.7563354969024658
111 0.7607603073120117
112 0.7671163082122803
113 0.7719082832336426
114 0.7778928279876709
114 0.7827045917510986
115 0.7884280681610107
116 0.7947511672973633
117 0.7993118762969971
118 0.8047866821289062
119 0.8091857433319092
120 0.814704418182373
120 0.8203670978546143
121 0.8259718418121338
122 0.8304038047790527
123 0.8360052108764648
124 0.8404848575592041
124 0.846123218536377
126 0.8505487442016602
126 0.8560323715209961
127 0.860490083694458
128 0.8659541606903076
128 0.8720207214355469
130 0.8779213428497314
130 0.8827760219573975
131 0.8879845142364502
132 0.8931841850280762
133 0.8978579044342041
134 0.9026775360107422
134 0.9077799320220947
135 0.9122738838195801
136 0.9177064895629883
137 0.9241843223571777
138 0.9283881187438965
138 0.9340131282806396
139 0.9382715225219727
140 0.9437911510467529
141 0.9483604431152344
142 0.9538202285766602
142 0.9582479000091553
143 0.9636974334716797
144 0.9681346416473389
145 0.9747927188873291
146 0.9799671173095703
147 0.9851226806640625
148 0.9898824691772461
148 0.9950559139251709
149 0.9997315406799316
