0 0.011567831039428711
0 0.02253270149230957
2 0.033040761947631836
4 0.04454851150512695
7 0.056166648864746094
9 0.06278038024902344
10 0.06742286682128906
12 0.07284688949584961
13 0.07752585411071777
16 0.08279538154602051
17 0.08742594718933105
19 0.09269022941589355
21 0.09707880020141602
25 0.10421442985534668
26 0.10866641998291016
29 0.11510348320007324
31 0.12103486061096191
33 0.12590670585632324
36 0.13113141059875488
38 0.13582730293273926
41 0.14106297492980957
43 0.1457672119140625
45 0.150557279586792
48 0.15631866455078125
50 0.16200637817382812
53 0.16623735427856445
55 0.17195940017700195
58 0.17619037628173828
60 0.18200397491455078
63 0.1862485408782959
65 0.19192099571228027
68 0.19613409042358398
71 0.20301532745361328
73 0.20778489112854004
77 0.2129957675933838
79 0.2177906036376953
81 0.22366833686828613
84 0.22817134857177734
87 0.23351693153381348
89 0.238114595413208
94 0.2469954490661621
97 0.2539100646972656
101 0.25838232040405273
103 0.26403355598449707
106 0.2684504985809326
108 0.2740359306335449
111 0.27849602699279785
113 0.2842223644256592
116 0.2896566390991211
119 0.29485011100769043
121 0.29953765869140625
126 0.30626511573791504
128 0.31197142601013184
131 0.3161742687225342
133 0.32185816764831543
137 0.3260781764984131
139 0.33153557777404785
141 0.33594608306884766
144 0.3414320945739746
146 0.3458993434906006
149 0.3511371612548828
153 0.35683393478393555
155 0.36245226860046387
158 0.3668689727783203
161 0.3740119934082031
164 0.378490686416626
166 0.38407278060913086
169 0.3885016441345215
171 0.3939361572265625
175 0.39838504791259766
177 0.403857946395874
180 0.40981101989746094
183 0.4150841236114502
185 0.4197976589202881
189 0.42513251304626465
191 0.4298527240753174
194 0.4350855350494385
196 0.4397885799407959
199 0.44496583938598633
201 0.44971466064453125
205 0.4548978805541992
208 0.4614377021789551
211 0.4662208557128906
214 0.47264957427978516
217 0.4770052433013916
219 0.48264217376708984
222 0.4870133399963379
225 0.49251723289489746
227 0.4969348907470703
230 0.5024480819702148
233 0.508450984954834
235 0.5140900611877441
239 0.518557071685791
241 0.5239956378936768
244 0.5284407138824463
246 0.5339047908782959
249 0.5383172035217285
251 0.5439243316650391
255 0.5483605861663818
257 0.5538170337677002
260 0.5589287281036377
263 0.5644021034240723
265 0.5688509941101074
269 0.5742874145507812
271 0.5787549018859863
273 0.5842020511627197
276 0.5886623859405518
278 0.5940907001495361
281 0.598548173904419
284 0.6041598320007324
287 0.610435962677002
290 0.6155147552490234
292 0.6199724674224854
297 0.6270380020141602
300 0.6328933238983154
302 0.6375246047973633
307 0.6466896533966064
309 0.652336835861206
313 0.656712532043457
316 0.6636652946472168
318 0.6681051254272461
321 0.6736721992492676
323 0.6781432628631592
326 0.6834993362426758
329 0.6880168914794922
332 0.693131685256958
334 0.6980149745941162
337 0.7030601501464844
339 0.707953691482544
343 0.7146093845367432
345 0.7190454006195068
349 0.7246606349945068
351 0.7290909290313721
354 0.734938383102417
356 0.7414007186889648
361 0.7462351322174072
363 0.751899242401123
366 0.7560811042785645
368 0.7624115943908691
371 0.7679829597473145
375 0.7735869884490967
377 0.7780625820159912
380 0.7836554050445557
382 0.7880795001983643
385 0.7934718132019043
387 0.7980020046234131
391 0.8030402660369873
393 0.8077781200408936
396 0.8140358924865723
399 0.818995475769043
402 0.8244161605834961
405 0.8288664817810059
407 0.8342971801757812
410 0.8387632369995117
413 0.84433913230896
415 0.8487963676452637
418 0.8542473316192627
420 0.8586807250976562
423 0.8649089336395264
426 0.8696529865264893
429 0.8748035430908203
431 0.8794658184051514
434 0.8846542835235596
437 0.8890860080718994
439 0.8945846557617188
442 0.8989992141723633
445 0.9046547412872314
447 0.9090931415557861
450 0.9155359268188477
453 0.921144962310791
455 0.9257922172546387
459 0.9309799671173096
463 0.9397313594818115
466 0.944965124130249
469 0.949664831161499
471 0.9547951221466064
474 0.9595019817352295
477 0.9658334255218506
480 0.9710543155670166
485 0.9786977767944336
490 0.9884324073791504
492 0.9938967227935791
495 0.9983315467834473
497 1.003765344619751
