0 0.011245250701904297
1 0.022987842559814453
3 0.034047842025756836
5 0.04462933540344238
9 0.05522775650024414
11 0.06104111671447754
13 0.0654611587524414
16 0.07104253768920898
18 0.0754537582397461
21 0.08102035522460938
23 0.08652973175048828
27 0.09280204772949219
29 0.09722161293029785
31 0.10264396667480469
35 0.10706615447998047
38 0.11292552947998047
40 0.11740255355834961
44 0.12303662300109863
46 0.12745952606201172
50 0.13289737701416016
53 0.13836884498596191
56 0.14359211921691895
59 0.14832854270935059
63 0.15355467796325684
65 0.15828609466552734
69 0.16347789764404297
71 0.16820788383483887
76 0.17336440086364746
78 0.178086519241333
82 0.18338871002197266
85 0.18811702728271484
89 0.19428491592407227
93 0.19907903671264648
97 0.20602035522460938
101 0.21295809745788574
105 0.21844482421875
110 0.22360897064208984
113 0.22832894325256348
117 0.23496055603027344
122 0.24135541915893555
125 0.2459728717803955
129 0.25122761726379395
132 0.2556319236755371
136 0.2610952854156494
139 0.2654707431793213
143 0.27091550827026367
146 0.275301456451416
151 0.28220152854919434
153 0.2866780757904053
159 0.29288363456726074
162 0.29768800735473633
166 0.3036625385284424
169 0.3083841800689697
175 0.315962553024292
179 0.32120656967163086
182 0.32557034492492676
186 0.33106184005737305
189 0.3354620933532715
193 0.3423287868499756
196 0.34681248664855957
201 0.35225963592529297
203 0.3566739559173584
207 0.36228299140930176
211 0.36671876907348633
215 0.3720736503601074
218 0.3766007423400879
222 0.3816509246826172
229 0.391033411026001
232 0.39658308029174805
236 0.4022386074066162
239 0.4066636562347412
243 0.41224074363708496
248 0.41716456413269043
251 0.42273807525634766
255 0.42716360092163086
258 0.4325523376464844
262 0.43697500228881836
265 0.4424612522125244
269 0.4479854106903076
274 0.4531826972961426
277 0.4575927257537842
281 0.46302199363708496
284 0.4674351215362549
288 0.4729948043823242
291 0.4774818420410156
295 0.4830625057220459
298 0.48750829696655273
303 0.49296998977661133
305 0.4984779357910156
310 0.5036792755126953
313 0.5083644390106201
317 0.5134875774383545
320 0.5181694030761719
324 0.5236384868621826
327 0.5283470153808594
331 0.5335085391998291
334 0.5382018089294434
339 0.5435094833374023
343 0.5499935150146484
345 0.5544149875640869
350 0.5595993995666504
353 0.5642893314361572
357 0.5690977573394775
360 0.57417893409729
363 0.5786142349243164
367 0.5840160846710205
370 0.5884790420532227
374 0.5936555862426758
379 0.6005218029022217
383 0.6047587394714355
386 0.6103529930114746
389 0.6145772933959961
393 0.6200289726257324
397 0.6249268054962158
400 0.6305651664733887
405 0.6347510814666748
407 0.6403586864471436
410 0.6445629596710205
416 0.6510355472564697
419 0.6554327011108398
423 0.6610252857208252
426 0.6653809547424316
431 0.6708478927612305
433 0.6751487255096436
436 0.6806933879852295
441 0.6848537921905518
443 0.6904935836791992
448 0.6946907043457031
452 0.7011117935180664
455 0.7066774368286133
461 0.7127854824066162
463 0.7175676822662354
468 0.7235927581787109
471 0.7283170223236084
475 0.7336394786834717
478 0.7383291721343994
482 0.7434494495391846
487 0.749685525894165
489 0.7543528079986572
494 0.7595565319061279
497 0.7642486095428467
501 0.7690949440002441
504 0.7741281986236572
507 0.7785673141479492
511 0.7841391563415527
518 0.7943923473358154
524 0.8026833534240723
528 0.8085782527923584
534 0.8160064220428467
540 0.822946310043335
544 0.8306043148040771
549 0.8366589546203613
554 0.8445801734924316
561 0.8528118133544922
566 0.8597092628479004
570 0.8663253784179688
579 0.8813817501068115
587 0.8891408443450928
590 0.8943266868591309
595 0.8991196155548096
599 0.9053332805633545
602 0.9109463691711426
606 0.9153146743774414
609 0.9207730293273926
613 0.9249362945556641
617 0.9317233562469482
622 0.9376742839813232
626 0.9431531429290771
629 0.9475669860839844
633 0.9540698528289795
636 0.9584939479827881
640 0.964059591293335
643 0.9684834480285645
647 0.9736824035644531
651 0.9783575534820557
655 0.9835214614868164
658 0.9882080554962158
663 0.9947044849395752
666 1.000330924987793
