0 0.0420536994934082
-2 0.06879067420959473
-7 0.08321762084960938
-17 0.10295557975769043
-22 0.10995841026306152
-25 0.11516189575195312
-28 0.11940717697143555
-31 0.12470889091491699
-34 0.1289210319519043
-37 0.13335871696472168
-40 0.1387648582458496
-42 0.1431868076324463
-46 0.14807891845703125
-49 0.1531689167022705
-54 0.15909290313720703
-58 0.16387057304382324
-60 0.16865754127502441
-63 0.17317795753479004
-68 0.17814040184020996
-70 0.18282079696655273
-75 0.18769454956054688
-78 0.19202804565429688
-81 0.19740724563598633
-86 0.20173335075378418
-88 0.20691514015197754
-93 0.2120814323425293
-96 0.21738505363464355
-100 0.22173166275024414
-104 0.22685933113098145
-107 0.2313215732574463
-111 0.23612070083618164
-114 0.24085402488708496
-119 0.24570059776306152
-124 0.2522773742675781
-130 0.2605898380279541
-134 0.26724815368652344
-139 0.2731750011444092
-145 0.28001904487609863
-150 0.28673529624938965
-155 0.29303479194641113
-161 0.2998635768890381
-166 0.30616188049316406
-170 0.3146817684173584
-177 0.32080626487731934
-182 0.32723164558410645
-186 0.33457422256469727
-192 0.340198278427124
-197 0.3470180034637451
-202 0.3531019687652588
-207 0.360198974609375
-213 0.36540842056274414
-216 0.36974000930786133
-220 0.37500691413879395
-224 0.3792736530303955
-228 0.38469743728637695
-230 0.3888885974884033
-234 0.39331984519958496
-238 0.3983125686645508
-242 0.4030489921569824
-246 0.4079563617706299
-251 0.4133574962615967
-254 0.4182732105255127
-258 0.4230160713195801
-262 0.42786121368408203
-266 0.4322047233581543
-270 0.4375953674316406
-274 0.4420809745788574
-276 0.4473245143890381
-281 0.45166921615600586
-284 0.45737600326538086
-294 0.46775102615356445
-297 0.47207188606262207
-300 0.47744202613830566
-305 0.4818229675292969
-308 0.4871652126312256
-313 0.49155116081237793
-316 0.4968090057373047
-320 0.5012905597686768
-324 0.5060703754425049
-328 0.5108346939086914
-332 0.517188310623169
-337 0.5222642421722412
-342 0.5276200771331787
-345 0.5319662094116211
-348 0.5372114181518555
-353 0.5415735244750977
-356 0.5471305847167969
-361 0.5514876842498779
-364 0.5562620162963867
-369 0.5616943836212158
-374 0.5677647590637207
-377 0.5720834732055664
-380 0.577385425567627
-385 0.5817093849182129
-388 0.5868589878082275
-391 0.591313362121582
-396 0.5961024761199951
-399 0.6009187698364258
-404 0.6056945323944092
-407 0.6101038455963135
-412 0.6159591674804688
-415 0.6208343505859375
-420 0.6256759166717529
-423 0.6300690174102783
-428 0.6352784633636475
-431 0.6395998001098633
-434 0.6448380947113037
-437 0.64902663230896
-442 0.6534216403961182
-445 0.6586704254150391
-450 0.6651937961578369
-455 0.6694900989532471
-458 0.6748204231262207
-461 0.6791059970855713
-466 0.6839213371276855
-469 0.6886532306671143
-472 0.6931023597717285
-477 0.698004961013794
-480 0.7023394107818604
-485 0.7076292037963867
-488 0.711965799331665
-493 0.7180206775665283
-496 0.7223355770111084
-501 0.7276442050933838
-504 0.731978178024292
-507 0.7373194694519043
-512 0.7416625022888184
-515 0.7468681335449219
-518 0.7513360977172852
-523 0.7561483383178711
-526 0.7609660625457764
-531 0.7673578262329102
-536 0.7717247009277344
-539 0.776848554611206
-542 0.7813279628753662
-547 0.7861325740814209
-550 0.7910709381103516
-555 0.7958242893218994
-558 0.8003380298614502
-563 0.8058681488037109
-566 0.8110992908477783
-571 0.8175654411315918
-576 0.8219618797302246
-579 0.8271806240081787
-584 0.8315551280975342
-587 0.8367116451263428
-590 0.8411767482757568
-596 0.8481299877166748
-600 0.8528289794921875
-604 0.8578648567199707
-611 0.8681280612945557
-616 0.8728673458099365
-620 0.8778390884399414
-624 0.8821592330932617
-626 0.8920257091522217
-635 0.8978543281555176
-641 0.9050841331481934
-646 0.9092519283294678
-649 0.9148380756378174
-654 0.9201595783233643
-658 0.9253196716308594
-662 0.9296348094940186
-665 0.9348869323730469
-668 0.9390280246734619
-673 0.9438133239746094
-676 0.9485936164855957
-679 0.9530539512634277
-684 0.9587523937225342
-689 0.9638071060180664
-692 0.9683420658111572
-698 0.9752411842346191
-702 0.9797031879425049
-705 0.9849302768707275
-708 0.9890968799591064
-713 0.9982295036315918
-724 1.0082170963287354
