0 0.013459444046020508
0 0.023494482040405273
0 0.033522844314575195
-1 0.04356503486633301
-1 0.05359220504760742
-2 0.06552529335021973
-3 0.07371926307678223
-3 0.07813358306884766
-4 0.08330750465393066
-4 0.08770918846130371
-5 0.09283256530761719
-5 0.09707880020141602
-6 0.10246491432189941
-6 0.10678434371948242
-7 0.11116456985473633
-7 0.11604022979736328
-8 0.12250685691833496
-9 0.12672162055969238
-9 0.1311349868774414
-10 0.13602280616760254
-10 0.140700101852417
-11 0.14560556411743164
-11 0.14990711212158203
-12 0.1552290916442871
-13 0.15953636169433594
-13 0.16495656967163086
-14 0.1693270206451416
-15 0.17590665817260742
-15 0.1805269718170166
-17 0.1854240894317627
-17 0.18973612785339355
-17 0.19495534896850586
-18 0.19930815696716309
-19 0.20406198501586914
-19 0.2088603973388672
-20 0.21355867385864258
-21 0.2181241512298584
-21 0.22394728660583496
-22 0.2287731170654297
-23 0.2335376739501953
-23 0.23804998397827148
-24 0.24320650100708008
-25 0.2474832534790039
-25 0.25269055366516113
-26 0.2568793296813965
-27 0.26160669326782227
-27 0.26613569259643555
-28 0.2708461284637451
-29 0.2768857479095459
-29 0.281627893447876
-30 0.2863788604736328
-31 0.2908360958099365
-31 0.295670747756958
-32 0.2999539375305176
-32 0.30519747734069824
-33 0.3095090389251709
-34 0.314624547958374
-34 0.319119930267334
-35 0.32512760162353516
-36 0.3295009136199951
-37 0.3388090133666992
-38 0.34357714653015137
-39 0.34806203842163086
-39 0.35321593284606934
-40 0.35906314849853516
-41 0.36502838134765625
-41 0.3693544864654541
-43 0.37540531158447266
-43 0.37971067428588867
-44 0.3856518268585205
-45 0.3910520076751709
-45 0.396014928817749
-46 0.4006943702697754
-47 0.40560317039489746
-47 0.409909725189209
-48 0.4151301383972168
-49 0.4194364547729492
-49 0.4254779815673828
-50 0.429811954498291
-51 0.43509340286254883
-51 0.43941211700439453
-52 0.44453954696655273
-53 0.44899821281433105
-53 0.45375776290893555
-54 0.45850062370300293
-55 0.4634091854095459
-55 0.4678049087524414
-56 0.4729039669036865
-57 0.47808408737182617
-57 0.48364901542663574
-58 0.4880340099334717
-59 0.4931602478027344
-59 0.49767255783081055
-60 0.502821683883667
-61 0.5069661140441895
-61 0.5121281147003174
-62 0.5166366100311279
-63 0.5210621356964111
-63 0.5269937515258789
-64 0.5321187973022461
-65 0.536482572555542
-65 0.5408978462219238
-66 0.5457496643066406
-67 0.5500760078430176
-68 0.5553116798400879
-68 0.5596187114715576
-69 0.5650300979614258
-69 0.5709969997406006
-71 0.5790457725524902
-72 0.5857501029968262
-73 0.5924351215362549
-73 0.5980620384216309
-74 0.6047158241271973
-75 0.6106476783752441
-76 0.6169023513793945
-77 0.6236724853515625
-78 0.6309239864349365
-79 0.6378443241119385
-80 0.643984317779541
-81 0.6488385200500488
-81 0.6535999774932861
-82 0.6579694747924805
-83 0.6631362438201904
-83 0.6674478054046631
-84 0.6726770401000977
-85 0.6768209934234619
-85 0.6838169097900391
-86 0.6891252994537354
-87 0.6938791275024414
-87 0.6988272666931152
-88 0.7035889625549316
-89 0.7079777717590332
-90 0.7131249904632568
-90 0.7174215316772461
-91 0.7226693630218506
-91 0.7268490791320801
-93 0.7366671562194824
-93 0.7410640716552734
-94 0.7460441589355469
-95 0.7507541179656982
-96 0.7558844089508057
-96 0.760540246963501
-97 0.7655565738677979
-98 0.7698500156402588
-98 0.7750756740570068
-99 0.7793993949890137
-100 0.7854058742523193
-100 0.7897398471832275
-101 0.7949514389038086
-102 0.7993106842041016
-102 0.804121732711792
-103 0.8090434074401855
-104 0.8138067722320557
-104 0.8186538219451904
-105 0.8234882354736328
-106 0.8278632164001465
-107 0.8337733745574951
-107 0.8383758068084717
-108 0.8432960510253906
-109 0.8477015495300293
-109 0.8528451919555664
-109 0.856987714767456
-111 0.8620898723602295
-111 0.8672182559967041
-112 0.8728039264678955
-113 0.8770442008972168
-113 0.8832247257232666
-114 0.8877298831939697
-115 0.8940179347991943
-115 0.8988351821899414
-116 0.9035928249359131
-117 0.9080002307891846
-118 0.9131615161895752
-118 0.9174869060516357
-119 0.9227538108825684
-119 0.9268934726715088
-120 0.9316542148590088
-121 0.9375061988830566
-122 0.9427285194396973
-122 0.9468803405761719
-123 0.9516515731811523
-124 0.9561426639556885
-124 0.9608297348022461
-125 0.9656648635864258
-125 0.9700117111206055
-127 0.9752559661865234
-127 0.9795777797698975
-128 0.9856076240539551
-129 0.990004301071167
-129 0.9954469203948975
-130 0.9998133182525635
