0 0.010595083236694336
0 0.022555828094482422
-1 0.03112006187438965
-2 0.043024539947509766
-3 0.053116798400878906
-6 0.06316852569580078
-6 0.0685110092163086
-7 0.0729529857635498
-8 0.07766318321228027
-9 0.08230423927307129
-11 0.08723759651184082
-12 0.09164595603942871
-13 0.09675216674804688
-14 0.10092496871948242
-15 0.10628318786621094
-16 0.11055874824523926
-18 0.11675167083740234
-19 0.1211233139038086
-20 0.12673401832580566
-21 0.1309340000152588
-23 0.13634657859802246
-24 0.14047884941101074
-25 0.14488887786865234
-28 0.1535484790802002
-29 0.15887451171875
-30 0.16399359703063965
-32 0.1693735122680664
-34 0.1736602783203125
-35 0.1790907382965088
-36 0.18338966369628906
-38 0.18853068351745605
-39 0.19295549392700195
-40 0.19770169258117676
-42 0.20235872268676758
-44 0.2072896957397461
-44 0.21167516708374023
-46 0.21761250495910645
-48 0.2220134735107422
-49 0.22716474533081055
-50 0.2320420742034912
-52 0.23722147941589355
-54 0.2417612075805664
-55 0.24688291549682617
-57 0.2511327266693115
-58 0.2564423084259033
-59 0.2605865001678467
-60 0.2666807174682617
-62 0.27091503143310547
-64 0.27626872062683105
-65 0.2804710865020752
-66 0.28487324714660645
-68 0.2897200584411621
-69 0.29403042793273926
-71 0.29938459396362305
-72 0.3037140369415283
-74 0.3090245723724365
-76 0.31333279609680176
-77 0.3192782402038574
-78 0.3235933780670166
-80 0.328747034072876
-82 0.33359742164611816
-83 0.33873653411865234
-85 0.343170166015625
-86 0.34793639183044434
-87 0.35273003578186035
-89 0.3574700355529785
-90 0.36195969581604004
-92 0.3679201602935791
-93 0.3728325366973877
-95 0.37763381004333496
-96 0.38203907012939453
-98 0.38721609115600586
-99 0.39159345626831055
-100 0.3967397212982178
-102 0.400921106338501
-104 0.4062676429748535
-105 0.41045355796813965
-106 0.4148707389831543
-109 0.4220316410064697
-110 0.427278995513916
-112 0.43166279792785645
-114 0.43726372718811035
-115 0.44165825843811035
-116 0.4467599391937256
-117 0.45090699195861816
-119 0.45627498626708984
-120 0.4604308605194092
-122 0.4648449420928955
-124 0.47077322006225586
-125 0.4755673408508301
-126 0.48042726516723633
-128 0.4848790168762207
-130 0.48973870277404785
-131 0.49404263496398926
-133 0.4994192123413086
-134 0.5037388801574707
-135 0.5089480876922607
-137 0.5132815837860107
-138 0.5184438228607178
-140 0.5236124992370605
-141 0.5287261009216309
-143 0.5332067012786865
-144 0.5389432907104492
-146 0.5432727336883545
-148 0.5523045063018799
-150 0.5572395324707031
-152 0.5617883205413818
-154 0.5669658184051514
-155 0.5727150440216064
-157 0.5774779319763184
-158 0.5819718837738037
-160 0.5871162414550781
-161 0.5914144515991211
-162 0.5966196060180664
-164 0.6009030342102051
-165 0.606287956237793
-166 0.6104466915130615
-168 0.6148538589477539
-170 0.6197104454040527
-172 0.6250734329223633
-173 0.6303935050964355
-174 0.6348361968994141
-176 0.6405189037322998
-177 0.64491868019104
-179 0.649747371673584
-180 0.6544008255004883
-182 0.6594350337982178
-183 0.663837194442749
-184 0.6690869331359863
-186 0.6745524406433105
-188 0.6794350147247314
-190 0.6837520599365234
-191 0.6889820098876953
-192 0.6933000087738037
-194 0.6984353065490723
-195 0.7029068470001221
-197 0.7090377807617188
-199 0.7133791446685791
-200 0.718602180480957
-202 0.7237625122070312
-203 0.7290053367614746
-205 0.7333276271820068
-206 0.7384533882141113
-208 0.7433624267578125
-209 0.7484726905822754
-210 0.7529585361480713
-212 0.7577080726623535
-214 0.7625703811645508
-216 0.7674033641815186
-217 0.7718424797058105
-218 0.7776663303375244
-220 0.7826247215270996
-222 0.7873952388763428
-223 0.7918400764465332
-225 0.7969527244567871
-226 0.8012044429779053
-227 0.806485652923584
-228 0.8106443881988525
-230 0.815068244934082
-232 0.8200056552886963
-233 0.8265349864959717
-234 0.8307113647460938
-236 0.835115909576416
-238 0.8403291702270508
-240 0.8456070423126221
-241 0.8503844738006592
-242 0.8547964096069336
-244 0.8596575260162354
-245 0.8639674186706543
-247 0.8691954612731934
-248 0.874636173248291
-250 0.879539966583252
-252 0.883899450302124
-253 0.8892638683319092
-254 0.8936328887939453
-256 0.8989567756652832
-258 0.9033176898956299
-259 0.9084908962249756
-260 0.9129254817962646
-262 0.917691707611084
-263 0.9222922325134277
-265 0.9279365539550781
-267 0.9345438480377197
-268 0.9397275447845459
-270 0.9440262317657471
-273 0.9533200263977051
-274 0.9586629867553711
-276 0.9631102085113525
-277 0.967888593673706
-278 0.9728140830993652
-280 0.9788556098937988
-282 0.9832522869110107
-284 0.9880373477935791
-285 0.9928655624389648
-286 0.9975929260253906
-288 1.0022740364074707
