0 0.013397693634033203
-1 0.023238420486450195
-2 0.03340578079223633
-4 0.04523611068725586
-5 0.05321669578552246
-9 0.06521320343017578
-10 0.07148003578186035
-11 0.07579159736633301
-13 0.08103632926940918
-15 0.08582901954650879
-16 0.09120774269104004
-18 0.0955209732055664
-20 0.10076355934143066
-22 0.1051633358001709
-23 0.10992980003356934
-25 0.11476445198059082
-27 0.12058401107788086
-29 0.12505626678466797
-31 0.12981796264648438
-33 0.13457894325256348
-36 0.13938450813293457
-37 0.14376401901245117
-39 0.14892292022705078
-42 0.15336894989013672
-43 0.158585786819458
-45 0.16273832321166992
-48 0.1671435832977295
-51 0.1731584072113037
-52 0.17848610877990723
-54 0.18265318870544434
-56 0.18704867362976074
-59 0.19253325462341309
-60 0.196946382522583
-63 0.20177197456359863
-65 0.20607328414916992
-68 0.2114701271057129
-69 0.21579241752624512
-72 0.22186017036437988
-74 0.2265007495880127
-77 0.23153471946716309
-79 0.23584985733032227
-80 0.2411191463470459
-83 0.24543094635009766
-85 0.25052809715270996
-87 0.2549717426300049
-89 0.2597019672393799
-91 0.26410484313964844
-94 0.2693135738372803
-96 0.2750062942504883
-99 0.279771089553833
-101 0.2844245433807373
-103 0.2893636226654053
-105 0.29468655586242676
-108 0.2994959354400635
-110 0.30391478538513184
-113 0.3090353012084961
-115 0.3133680820465088
-117 0.3186345100402832
-119 0.3238379955291748
-122 0.3290891647338867
-124 0.3336215019226074
-126 0.3387634754180908
-128 0.3429226875305176
-131 0.347689151763916
-133 0.35242581367492676
-135 0.356860876083374
-137 0.3618175983428955
-139 0.36644601821899414
-142 0.3713865280151367
-146 0.38160133361816406
-150 0.38715410232543945
-153 0.3949878215789795
-156 0.40180540084838867
-159 0.4085516929626465
-162 0.4145631790161133
-165 0.42095327377319336
-169 0.4288139343261719
-171 0.4350314140319824
-175 0.44197630882263184
-178 0.4488716125488281
-181 0.45499491691589355
-185 0.46173930168151855
-187 0.4683992862701416
-189 0.4726104736328125
-192 0.47881007194519043
-194 0.4829843044281006
-197 0.4883742332458496
-199 0.49269819259643555
-202 0.4985337257385254
-203 0.502718448638916
-207 0.5071098804473877
-208 0.5124821662902832
-210 0.5168976783752441
-213 0.5217885971069336
-216 0.5276281833648682
-218 0.5324084758758545
-220 0.5368304252624512
-223 0.5416946411132812
-225 0.5460116863250732
-227 0.5512514114379883
-229 0.5555858612060547
-231 0.560715913772583
-233 0.5651795864105225
-236 0.5699446201324463
-238 0.5749001502990723
-241 0.5807888507843018
-243 0.5852158069610596
-245 0.5900247097015381
-247 0.5948336124420166
-250 0.5999324321746826
-252 0.6048145294189453
-255 0.6095762252807617
-257 0.6139695644378662
-259 0.6191399097442627
-261 0.623621940612793
-264 0.6295576095581055
-266 0.634061336517334
-269 0.6391842365264893
-271 0.6435198783874512
-273 0.648719072341919
-275 0.6528470516204834
-277 0.6576056480407715
-279 0.6623592376708984
-281 0.6668000221252441
-284 0.6716341972351074
-286 0.6759326457977295
-289 0.6819403171539307
-291 0.6866848468780518
-293 0.6917269229888916
-295 0.696061372756958
-298 0.7013099193572998
-300 0.7056527137756348
-302 0.7107770442962646
-305 0.7151932716369629
-307 0.7199716567993164
-309 0.7248303890228271
-311 0.7307403087615967
-314 0.7351486682891846
-316 0.7411508560180664
-319 0.7454919815063477
-321 0.7507927417755127
-324 0.7552218437194824
-326 0.7600080966949463
-327 0.7648274898529053
-331 0.7695944309234619
-334 0.778721809387207
-340 0.7899272441864014
-343 0.796846866607666
-345 0.8025913238525391
-347 0.8070571422576904
-351 0.8124663829803467
-352 0.816892147064209
-355 0.8217501640319824
-357 0.8260583877563477
-360 0.8321006298065186
-361 0.8367946147918701
-365 0.8425204753875732
-367 0.8475773334503174
-369 0.8520963191986084
-371 0.8568236827850342
-374 0.861699104309082
-376 0.8659975528717041
-379 0.8713324069976807
-381 0.8756418228149414
-383 0.8816676139831543
-385 0.8860313892364502
-388 0.8912930488586426
-390 0.895622968673706
-392 0.9010822772979736
-396 0.9085347652435303
-397 0.9127228260040283
-401 0.9171493053436279
-402 0.9220302104949951
-404 0.9267442226409912
-407 0.9328033924102783
-410 0.9376120567321777
-412 0.9423973560333252
-414 0.9468498229980469
-417 0.9516780376434326
-419 0.9559798240661621
-421 0.9612312316894531
-423 0.9655368328094482
-425 0.9706857204437256
-427 0.9751174449920654
-430 0.9798650741577148
-433 0.9854981899261475
-435 0.9907431602478027
-437 0.9951620101928711
-439 0.9999582767486572
