0 0.013178586959838867
-1 0.023377656936645508
-2 0.031865835189819336
-5 0.04343414306640625
-7 0.0519101619720459
-11 0.059761762619018555
-13 0.06453108787536621
-15 0.06937813758850098
-17 0.07418084144592285
-19 0.07856392860412598
-21 0.0837249755859375
-24 0.08798789978027344
-26 0.09327888488769531
-28 0.09748506546020508
-31 0.10187935829162598
-34 0.10789823532104492
-36 0.1131889820098877
-38 0.11754584312438965
-41 0.12192940711975098
-43 0.12681961059570312
-46 0.1315319538116455
-49 0.13635897636413574
-51 0.14153671264648438
-55 0.14639949798583984
-57 0.1507258415222168
-61 0.15668630599975586
-63 0.16144585609436035
-67 0.16632294654846191
-69 0.17064118385314941
-71 0.17595648765563965
-75 0.18028569221496582
-77 0.18539905548095703
-83 0.1943206787109375
-86 0.19913005828857422
-89 0.2040548324584961
-92 0.20975112915039062
-95 0.21454381942749023
-98 0.21937942504882812
-102 0.22423481941223145
-104 0.2286534309387207
-108 0.23382210731506348
-110 0.23836469650268555
-113 0.24380850791931152
-117 0.24812984466552734
-119 0.2533457279205322
-121 0.25841474533081055
-125 0.26359033584594727
-129 0.2677731513977051
-131 0.273205041885376
-134 0.2773909568786621
-137 0.2818126678466797
-140 0.2866823673248291
-143 0.2913818359375
-147 0.2964053153991699
-149 0.30072569847106934
-153 0.30599045753479004
-155 0.3114645481109619
-159 0.3163421154022217
-161 0.32067179679870605
-165 0.3260931968688965
-168 0.33040714263916016
-171 0.33554697036743164
-174 0.3399691581726074
-177 0.34566497802734375
-181 0.3499889373779297
-183 0.3547830581665039
-187 0.36043381690979004
-189 0.3656473159790039
-193 0.36998724937438965
-196 0.37476181983947754
-199 0.37958216667175293
-202 0.384340763092041
-205 0.38872385025024414
-209 0.3939194679260254
-211 0.3982207775115967
-214 0.4034402370452881
-216 0.40758419036865234
-220 0.41368627548217773
-224 0.4181675910949707
-226 0.4234144687652588
-229 0.4275484085083008
-233 0.43195033073425293
-235 0.4368143081665039
-238 0.4415404796600342
-242 0.4472167491912842
-244 0.4516453742980957
-248 0.4566168785095215
-252 0.4628174304962158
-254 0.4672236442565918
-257 0.4716794490814209
-261 0.4766812324523926
-263 0.4813551902770996
-267 0.4862070083618164
-269 0.4905252456665039
-272 0.49581050872802734
-276 0.5001254081726074
-279 0.5052690505981445
-281 0.5097446441650391
-285 0.5159838199615479
-289 0.5213921070098877
-293 0.5262939929962158
-295 0.5305895805358887
-297 0.5359885692596436
-301 0.5403192043304443
-304 0.545417070388794
-307 0.5502908229827881
-310 0.5554213523864746
-314 0.5598993301391602
-317 0.5658164024353027
-321 0.5701315402984619
-323 0.575270414352417
-325 0.5797371864318848
-329 0.5844874382019043
-332 0.5936307907104492
-338 0.5981740951538086
-341 0.6033997535705566
-343 0.6076791286468506
-347 0.613722562789917
-351 0.6181623935699463
-353 0.6234109401702881
-356 0.6275613307952881
-360 0.6323261260986328
-363 0.6368458271026611
-365 0.641547679901123
-369 0.6463801860809326
-371 0.6507368087768555
-375 0.6564781665802002
-377 0.6611905097961426
-381 0.6671938896179199
-384 0.6716277599334717
-388 0.676490306854248
-390 0.6808457374572754
-394 0.6861324310302734
-397 0.690453290939331
-399 0.6956577301025391
-403 0.6999897956848145
-405 0.7047624588012695
-408 0.7095990180969238
-412 0.7157859802246094
-416 0.7201113700866699
-418 0.7252581119537354
-421 0.729736328125
-425 0.7344999313354492
-427 0.7391684055328369
-431 0.744128942489624
-433 0.7485425472259521
-436 0.7536900043487549
-440 0.7586033344268799
-443 0.7645666599273682
-447 0.7702345848083496
-450 0.7754852771759033
-454 0.7798974514007568
-457 0.7846498489379883
-459 0.7893640995025635
-463 0.7941954135894775
-465 0.7985920906066895
-469 0.8037407398223877
-471 0.8079836368560791
-474 0.8132779598236084
-478 0.8184900283813477
-481 0.8236873149871826
-484 0.8279500007629395
-487 0.8332855701446533
-489 0.8376073837280273
-493 0.8423919677734375
-496 0.8473043441772461
-498 0.8516988754272461
-502 0.8565716743469238
-505 0.8617105484008789
-509 0.8675484657287598
-512 0.8723642826080322
-515 0.8768625259399414
-517 0.8815574645996094
-521 0.8863954544067383
-523 0.890812873840332
-527 0.8961551189422607
-530 0.9004817008972168
-533 0.905724048614502
-536 0.910064697265625
-539 0.9148373603820801
-543 0.9203753471374512
-545 0.9255194664001465
-549 0.9300210475921631
-551 0.9347827434539795
-554 0.9396176338195801
-558 0.9443533420562744
-560 0.9487771987915039
-564 0.9539275169372559
-567 0.9584112167358398
-571 0.964033842086792
-573 0.9696319103240967
-577 0.9744031429290771
-579 0.9792263507843018
-583 0.9841241836547852
-586 0.9885311126708984
-591 0.9975137710571289
-595 1.001920461654663
