0 0.016162872314453125
3 0.036980628967285156
7 0.05174064636230469
13 0.0633995532989502
20 0.07585835456848145
24 0.08402562141418457
30 0.09452629089355469
34 0.09946656227111816
37 0.10389900207519531
39 0.10912108421325684
43 0.11333990097045898
46 0.11864376068115234
49 0.12294387817382812
53 0.1273338794708252
56 0.13265585899353027
59 0.1370542049407959
63 0.14301347732543945
68 0.1478278636932373
70 0.152573823928833
74 0.1569993495941162
78 0.16183209419250488
81 0.16617631912231445
86 0.17141270637512207
89 0.17577672004699707
94 0.1815340518951416
96 0.18585729598999023
100 0.19109296798706055
104 0.1962265968322754
109 0.20142364501953125
112 0.2057781219482422
116 0.2109060287475586
120 0.2153024673461914
123 0.22006464004516602
126 0.2248077392578125
131 0.22964787483215332
134 0.23407340049743652
140 0.23920679092407227
143 0.2448728084564209
147 0.24965214729309082
151 0.25408124923706055
156 0.25922560691833496
159 0.26355504989624023
162 0.2687854766845703
166 0.27306580543518066
170 0.27785301208496094
174 0.2830345630645752
178 0.28780078887939453
182 0.29261350631713867
186 0.29883527755737305
192 0.30419468879699707
196 0.3093574047088623
200 0.31365489959716797
203 0.31885671615600586
206 0.3230137825012207
211 0.32776856422424316
214 0.3325226306915283
218 0.33696579933166504
222 0.34183597564697266
228 0.34729838371276855
231 0.3522188663482666
234 0.3569514751434326
239 0.36192750930786133
242 0.36624979972839355
247 0.3714931011199951
250 0.3758103847503662
256 0.38184595108032227
259 0.3861534595489502
264 0.39141273498535156
267 0.3968045711517334
272 0.4017758369445801
275 0.40607595443725586
278 0.4112727642059326
284 0.41557836532592773
292 0.42552876472473145
295 0.43076109886169434
298 0.4351930618286133
303 0.4399101734161377
306 0.4446556568145752
311 0.45082926750183105
316 0.45531225204467773
320 0.4600706100463867
323 0.46478748321533203
328 0.4696309566497803
331 0.47400999069213867
336 0.4791722297668457
339 0.4841175079345703
344 0.4892868995666504
348 0.49358320236206055
353 0.49961233139038086
356 0.5040812492370605
361 0.5092122554779053
364 0.5135443210601807
368 0.5187740325927734
371 0.5229330062866211
377 0.5325942039489746
386 0.5398344993591309
396 0.5526514053344727
404 0.5626089572906494
412 0.5778541564941406
428 0.5920312404632568
438 0.603374719619751
448 0.6154861450195312
455 0.6238362789154053
465 0.6362020969390869
473 0.6462137699127197
486 0.6620354652404785
493 0.6695740222930908
501 0.6795978546142578
510 0.6895766258239746
518 0.6996781826019287
528 0.712620735168457
536 0.7227232456207275
542 0.7300522327423096
550 0.7401092052459717
559 0.7538483142852783
567 0.7652328014373779
576 0.775231122970581
584 0.7852287292480469
597 0.7958583831787109
605 0.8058643341064453
614 0.8160302639007568
625 0.8349368572235107
633 0.8428993225097656
644 0.8540761470794678
655 0.865689754486084
663 0.8757839202880859
671 0.8857424259185791
683 0.8995373249053955
688 0.9115626811981201
699 0.9202325344085693
708 0.9327723979949951
719 0.9466891288757324
729 0.9560859203338623
736 0.9641158580780029
746 0.9757301807403564
752 0.984290599822998
760 0.9968147277832031
768 1.0078203678131104
