0 0.011812448501586914
0 0.021857738494873047
1 0.03363752365112305
1 0.041792869567871094
1 0.053531646728515625
2 0.06172299385070801
3 0.06966590881347656
3 0.07453155517578125
4 0.07881879806518555
4 0.08410429954528809
5 0.08840513229370117
5 0.09348607063293457
5 0.097930908203125
6 0.1026620864868164
7 0.11159729957580566
8 0.11770272254943848
9 0.12246823310852051
9 0.12743639945983887
10 0.13225555419921875
10 0.13675785064697266
11 0.1418781280517578
11 0.14611148834228516
12 0.15144062042236328
12 0.15559768676757812
13 0.15999126434326172
13 0.16492176055908203
14 0.1714189052581787
15 0.17557501792907715
15 0.1799783706665039
16 0.1852128505706787
17 0.1896672248840332
17 0.1945183277130127
18 0.1988222599029541
19 0.20406079292297363
19 0.2083759307861328
20 0.2135164737701416
21 0.21955633163452148
21 0.22445464134216309
22 0.22883820533752441
23 0.2340846061706543
23 0.2383744716644287
24 0.24360966682434082
25 0.248032808303833
25 0.2527458667755127
26 0.2576580047607422
27 0.2623867988586426
27 0.2667839527130127
28 0.2727627754211426
29 0.2775719165802002
29 0.28232812881469727
30 0.28670525550842285
31 0.29187846183776855
31 0.2961263656616211
32 0.3014354705810547
33 0.3057210445404053
33 0.310469388961792
34 0.31495070457458496
35 0.3217604160308838
35 0.325880765914917
36 0.3313260078430176
37 0.33548450469970703
37 0.3399059772491455
38 0.34565305709838867
39 0.35132408142089844
39 0.3554856777191162
40 0.35994625091552734
41 0.36491942405700684
41 0.36963629722595215
42 0.3755671977996826
43 0.3799617290496826
43 0.38493919372558594
44 0.3896458148956299
45 0.3944664001464844
45 0.3987905979156494
46 0.4040365219116211
47 0.4083364009857178
47 0.4134538173675537
48 0.41789746284484863
49 0.42444729804992676
49 0.428844690322876
50 0.43407750129699707
51 0.4383869171142578
51 0.44349145889282227
52 0.44796085357666016
53 0.4527263641357422
53 0.4574575424194336
54 0.4622797966003418
55 0.46666669845581055
55 0.47179675102233887
56 0.4772484302520752
57 0.48215603828430176
58 0.4866490364074707
58 0.4917435646057129
59 0.49587535858154297
59 0.5012297630310059
60 0.5053584575653076
61 0.5144457817077637
62 0.5187513828277588
63 0.5256359577178955
64 0.5300188064575195
64 0.535247802734375
65 0.5396747589111328
66 0.5445957183837891
66 0.5489029884338379
67 0.5540995597839355
68 0.5583896636962891
68 0.5635430812835693
69 0.5679733753204346
70 0.5727095603942871
71 0.5782973766326904
71 0.5833852291107178
71 0.5878312587738037
73 0.5925581455230713
73 0.5972058773040771
74 0.6021411418914795
74 0.6066627502441406
75 0.6117808818817139
76 0.6158874034881592
76 0.6212730407714844
77 0.6268727779388428
78 0.6319980621337891
79 0.6362965106964111
79 0.6415178775787354
80 0.6457996368408203
81 0.6520364284515381
81 0.6563169956207275
82 0.6615276336669922
83 0.6658310890197754
83 0.6709458827972412
84 0.6753039360046387
85 0.681525707244873
85 0.6856667995452881
86 0.6900548934936523
87 0.6989631652832031
88 0.7042102813720703
89 0.7084970474243164
89 0.7136342525482178
90 0.7180228233337402
91 0.7227768898010254
91 0.7288947105407715
92 0.734107255935669
93 0.7384185791015625
93 0.7435817718505859
94 0.7479925155639648
95 0.7527308464050293
95 0.757455587387085
96 0.7626607418060303
97 0.767279863357544
97 0.7722094058990479
98 0.7767488956451416
99 0.7827026844024658
99 0.787592887878418
100 0.7923274040222168
101 0.7967000007629395
102 0.8018722534179688
102 0.8061959743499756
103 0.8114190101623535
103 0.8156800270080566
104 0.8200576305389404
105 0.8248982429504395
105 0.8318061828613281
107 0.8360435962677002
107 0.8413248062133789
107 0.8456192016601562
108 0.8500344753265381
109 0.8558602333068848
110 0.8622536659240723
111 0.8666472434997559
111 0.8717501163482666
112 0.8758876323699951
113 0.881990909576416
113 0.8863837718963623
114 0.8915491104125977
114 0.8957006931304932
115 0.9005155563354492
116 0.9054105281829834
116 0.9098126888275146
118 0.9185240268707275
118 0.9238479137420654
119 0.9281630516052246
120 0.9347765445709229
121 0.9394612312316895
121 0.9443984031677246
122 0.9487030506134033
123 0.9539268016815186
123 0.9582338333129883
124 0.9634830951690674
124 0.9679794311523438
125 0.9727175235748291
126 0.9774265289306641
127 0.9822328090667725
127 0.9878487586975098
128 0.9926049709320068
129 0.9972360134124756
129 1.0021674633026123
