0 0.012178659439086914
0 0.022184371948242188
1 0.03218221664428711
2 0.042165517807006836
4 0.050310373306274414
6 0.062081336975097656
7 0.07011938095092773
8 0.07530045509338379
9 0.07942533493041992
10 0.0838165283203125
11 0.08981204032897949
12 0.09547138214111328
14 0.09981608390808105
15 0.10511517524719238
16 0.1092979907989502
17 0.1136922836303711
18 0.11855864524841309
20 0.12471556663513184
21 0.12963294982910156
23 0.1356961727142334
24 0.14049053192138672
26 0.1456305980682373
27 0.1498730182647705
28 0.1554715633392334
30 0.16152667999267578
32 0.16634702682495117
34 0.17195582389831543
34 0.1767580509185791
36 0.18157672882080078
38 0.1863110065460205
39 0.19072699546813965
40 0.1958785057067871
42 0.20027565956115723
43 0.20543932914733887
44 0.20958256721496582
46 0.21434307098388672
47 0.21924376487731934
49 0.2253420352935791
50 0.2294631004333496
52 0.23382997512817383
53 0.23873043060302734
54 0.24345064163208008
56 0.24826359748840332
57 0.2526366710662842
58 0.25798678398132324
60 0.26271629333496094
62 0.2679738998413086
63 0.2733578681945801
65 0.2783207893371582
66 0.28261542320251465
67 0.28792524337768555
70 0.2964901924133301
72 0.30138278007507324
74 0.306171178817749
75 0.31066155433654785
76 0.3158071041107178
78 0.320281982421875
80 0.3262336254119873
81 0.33060264587402344
82 0.3357975482940674
84 0.34027814865112305
85 0.3454325199127197
86 0.34954118728637695
88 0.3547217845916748
89 0.3591132164001465
90 0.36353516578674316
92 0.3683815002441406
94 0.3738100528717041
96 0.37957000732421875
97 0.38529539108276367
98 0.3895580768585205
100 0.39432334899902344
102 0.3991971015930176
103 0.40360260009765625
105 0.40845823287963867
106 0.4131195545196533
108 0.41805386543273926
109 0.4223673343658447
111 0.42827653884887695
112 0.4325711727142334
114 0.43781280517578125
115 0.4421815872192383
116 0.4472792148590088
118 0.4517076015472412
120 0.4564681053161621
121 0.4613616466522217
122 0.46661949157714844
124 0.4715108871459961
126 0.477344274520874
128 0.4817929267883301
129 0.48652172088623047
130 0.49126100540161133
132 0.49608802795410156
133 0.5005216598510742
135 0.5056576728820801
136 0.5098671913146973
138 0.5151886940002441
139 0.5194907188415527
140 0.5242311954498291
142 0.5298585891723633
144 0.5351738929748535
145 0.5393214225769043
146 0.5437216758728027
148 0.5486025810241699
149 0.5533034801483154
151 0.5581462383270264
152 0.5624804496765137
154 0.5681445598602295
155 0.5725033283233643
157 0.5786874294281006
158 0.5833895206451416
160 0.5883419513702393
162 0.5926709175109863
163 0.5979323387145996
164 0.6022772789001465
166 0.6073987483978271
168 0.6118068695068359
169 0.6165604591369629
170 0.6213827133178711
172 0.6281948089599609
174 0.6325299739837646
175 0.6378743648529053
177 0.6421763896942139
178 0.6474173069000244
180 0.6518638134002686
181 0.6566557884216309
182 0.6614422798156738
184 0.6662328243255615
186 0.6706080436706543
188 0.6795158386230469
190 0.6858265399932861
192 0.6901147365570068
194 0.699181079864502
196 0.7036223411560059
197 0.7085902690887451
198 0.7132568359375
200 0.7182128429412842
202 0.7225151062011719
203 0.7293360233306885
206 0.7357642650604248
207 0.7400734424591064
208 0.7452623844146729
210 0.7510318756103516
212 0.7576713562011719
214 0.763535737991333
216 0.7703418731689453
218 0.7776129245758057
221 0.785437822341919
222 0.7916278839111328
225 0.7984976768493652
227 0.8052661418914795
229 0.8110589981079102
231 0.8176822662353516
232 0.8235230445861816
235 0.831472635269165
237 0.8362300395965576
238 0.8406076431274414
240 0.8457701206207275
241 0.8500657081604004
242 0.855278491973877
244 0.8594622611999512
246 0.8638548851013184
247 0.8687005043029785
248 0.8733923435211182
250 0.8790419101715088
252 0.8852736949920654
253 0.8894481658935547
255 0.8942182064056396
256 0.8987200260162354
257 0.9034395217895508
259 0.9083764553070068
260 0.9127027988433838
262 0.9179434776306152
263 0.9222803115844727
264 0.9274523258209229
266 0.9325978755950928
268 0.9379692077636719
270 0.9422950744628906
271 0.9474291801452637
273 0.9518799781799316
274 0.9566388130187988
275 0.9614403247833252
277 0.9661767482757568
278 0.9705874919891357
280 0.9757406711578369
281 0.9800875186920166
283 0.9861395359039307
284 0.9905493259429932
286 0.9956741333007812
288 1.0001015663146973
