0 0.01716327667236328
1 0.025179386138916016
2 0.03704500198364258
4 0.04503798484802246
6 0.05688595771789551
9 0.0649716854095459
12 0.07499098777770996
14 0.07939863204956055
15 0.08458399772644043
16 0.08887076377868652
18 0.09396934509277344
21 0.09894537925720215
22 0.1043400764465332
24 0.10848689079284668
25 0.11285686492919922
28 0.11874914169311523
30 0.12355947494506836
32 0.1284947395324707
33 0.13289475440979004
36 0.13775634765625
38 0.14240074157714844
40 0.1474144458770752
42 0.15170788764953613
44 0.15694808959960938
46 0.16127395629882812
48 0.16636991500854492
51 0.17163300514221191
52 0.17682218551635742
55 0.1811513900756836
57 0.1859149932861328
59 0.19082236289978027
62 0.19555926322937012
63 0.19994258880615234
66 0.20549654960632324
68 0.20986366271972656
71 0.21501684188842773
72 0.22062945365905762
75 0.22541117668151855
77 0.22981834411621094
80 0.23494482040405273
82 0.23925447463989258
84 0.2444899082183838
86 0.2487800121307373
88 0.2535417079925537
90 0.25803589820861816
92 0.26270484924316406
95 0.26839566230773926
98 0.2747635841369629
100 0.27912187576293945
102 0.284412145614624
104 0.28858399391174316
106 0.29300856590270996
109 0.2978699207305908
110 0.3030271530151367
114 0.3080105781555176
115 0.31269025802612305
118 0.31751203536987305
120 0.32299232482910156
123 0.3278636932373047
125 0.33262062072753906
128 0.33753299713134766
129 0.3418905735015869
132 0.34714555740356445
134 0.35143065452575684
136 0.35656309127807617
138 0.36100172996520996
141 0.3657710552215576
143 0.370680570602417
146 0.37659716606140137
148 0.3810386657714844
150 0.38580322265625
152 0.39054322242736816
155 0.39539647102355957
157 0.3998146057128906
160 0.4054098129272461
162 0.4099447727203369
164 0.41509151458740234
166 0.4193918704986572
169 0.42544126510620117
171 0.42992687225341797
174 0.43509387969970703
176 0.4394247531890869
178 0.4446120262145996
180 0.44875168800354004
182 0.45353221893310547
184 0.45802927017211914
186 0.4627246856689453
189 0.46758198738098145
194 0.4777381420135498
196 0.48242807388305664
199 0.4875161647796631
201 0.49182558059692383
202 0.49716806411743164
206 0.501457691192627
207 0.5065808296203613
210 0.5115058422088623
213 0.5174095630645752
215 0.5217063426971436
218 0.5276126861572266
220 0.5319139957427979
223 0.5386781692504883
226 0.5443990230560303
228 0.5486738681793213
230 0.5530602931976318
232 0.5579559803009033
234 0.5626382827758789
237 0.5674958229064941
239 0.5718443393707275
242 0.5779116153717041
244 0.5825860500335693
246 0.5874025821685791
248 0.5928618907928467
251 0.5977451801300049
253 0.6023895740509033
256 0.6074175834655762
258 0.6125092506408691
261 0.6173570156097412
263 0.6216692924499512
266 0.6276910305023193
268 0.6319804191589355
270 0.6371803283691406
272 0.6415121555328369
274 0.6466293334960938
276 0.6510457992553711
279 0.6558165550231934
281 0.6605384349822998
284 0.6653807163238525
286 0.6700098514556885
288 0.6752007007598877
290 0.680671215057373
294 0.685455322265625
295 0.6898479461669922
298 0.6949725151062012
300 0.6992981433868408
302 0.7044892311096191
304 0.7086410522460938
307 0.71449875831604
309 0.7186517715454102
312 0.7230658531188965
314 0.7303214073181152
317 0.7352697849273682
319 0.7396702766418457
321 0.744807243347168
324 0.7495906352996826
326 0.7547271251678467
328 0.7588739395141602
330 0.76399827003479
332 0.7683517932891846
334 0.7727911472320557
337 0.7798740863800049
341 0.785714864730835
343 0.7906019687652588
346 0.7953853607177734
348 0.7998902797698975
350 0.805046558380127
352 0.8093233108520508
354 0.8149797916412354
357 0.8193149566650391
359 0.8245463371276855
361 0.8287005424499512
364 0.8348956108093262
367 0.8391072750091553
369 0.8443706035614014
371 0.8486583232879639
374 0.8530633449554443
375 0.8579401969909668
377 0.8626370429992676
380 0.8674793243408203
384 0.8759276866912842
387 0.8816142082214355
388 0.8869473934173584
392 0.8912506103515625
393 0.8969428539276123
396 0.9012541770935059
398 0.9065201282501221
400 0.9110183715820312
403 0.9157695770263672
405 0.9210302829742432
408 0.9266374111175537
410 0.9317541122436523
412 0.937004804611206
415 0.9413387775421143
418 0.947296142578125
420 0.952033519744873
423 0.9572796821594238
425 0.9615886211395264
426 0.9669439792633057
430 0.9712538719177246
432 0.9763786792755127
433 0.9808437824249268
436 0.9868361949920654
439 0.9911646842956543
441 0.995976448059082
443 1.0009098052978516
