0 0.012127876281738281
1 0.0220794677734375
3 0.03185701370239258
5 0.03988313674926758
8 0.04988861083984375
11 0.059961557388305664
15 0.07028388977050781
17 0.07509946823120117
20 0.07984590530395508
22 0.08426165580749512
25 0.08942723274230957
27 0.0938410758972168
29 0.0989830493927002
32 0.10322380065917969
34 0.10860991477966309
36 0.11278200149536133
38 0.11717677116394043
41 0.12319350242614746
45 0.12862181663513184
47 0.13281846046447754
49 0.13720250129699707
53 0.14203214645385742
55 0.14714336395263672
59 0.15201449394226074
61 0.15664935111999512
65 0.16167211532592773
67 0.16601109504699707
71 0.17203688621520996
73 0.1766822338104248
77 0.1817154884338379
79 0.1860182285308838
81 0.19124245643615723
85 0.1955430507659912
88 0.200667142868042
90 0.20510053634643555
94 0.20986175537109375
96 0.21454691886901855
100 0.21949338912963867
103 0.22508811950683594
106 0.2298424243927002
109 0.23423314094543457
113 0.23938751220703125
115 0.2438056468963623
119 0.2494182586669922
124 0.2573227882385254
127 0.2625408172607422
129 0.2670154571533203
134 0.2736241817474365
137 0.27887392044067383
141 0.28458714485168457
144 0.2902388572692871
147 0.2950608730316162
151 0.2998239994049072
153 0.3041996955871582
157 0.30936169624328613
160 0.3138859272003174
162 0.31902337074279785
166 0.3242335319519043
170 0.32938551902770996
173 0.33380985260009766
175 0.3389608860015869
179 0.3432180881500244
181 0.34863972663879395
185 0.3533644676208496
188 0.3586537837982178
191 0.36284303665161133
193 0.3672523498535156
197 0.3721492290496826
201 0.3786895275115967
203 0.3828709125518799
206 0.3872659206390381
210 0.3921167850494385
212 0.3967742919921875
216 0.40175819396972656
219 0.40607333183288574
221 0.41129612922668457
225 0.41562747955322266
228 0.42072296142578125
232 0.425936222076416
234 0.4311182498931885
238 0.4354209899902344
241 0.44019532203674316
243 0.4450950622558594
247 0.44983768463134766
250 0.4550914764404297
253 0.4598391056060791
256 0.46458888053894043
260 0.4695556163787842
263 0.4739549160003662
267 0.4798738956451416
269 0.48429155349731445
273 0.4894673824310303
275 0.49384236335754395
278 0.49898219108581543
281 0.5031490325927734
285 0.5078837871551514
287 0.512603759765625
290 0.5170109272003174
294 0.5219500064849854
297 0.5277659893035889
300 0.5322587490081787
303 0.5369625091552734
307 0.5417909622192383
309 0.546097993850708
312 0.5512940883636475
315 0.5560266971588135
318 0.5612485408782959
322 0.5678050518035889
326 0.5727334022521973
330 0.5788850784301758
333 0.5831394195556641
336 0.5882718563079834
339 0.5926618576049805
341 0.5970706939697266
345 0.6018927097320557
348 0.6061849594116211
352 0.6114251613616943
354 0.6157512664794922
357 0.6214532852172852
361 0.6261770725250244
365 0.6320030689239502
367 0.6366338729858398
371 0.6417150497436523
374 0.6460187435150146
376 0.6512467861175537
387 0.665562629699707
393 0.6756458282470703
400 0.6887049674987793
406 0.7013769149780273
414 0.7089314460754395
419 0.7190067768096924
425 0.7312881946563721
436 0.7418239116668701
443 0.7520172595977783
447 0.7601120471954346
454 0.7702953815460205
463 0.7839627265930176
469 0.7937304973602295
476 0.8069920539855957
482 0.8168210983276367
489 0.8268551826477051
498 0.8411555290222168
504 0.8511266708374023
511 0.8609392642974854
519 0.8698689937591553
525 0.8796596527099609
531 0.889838695526123
538 0.8999104499816895
545 0.9100837707519531
551 0.920175313949585
557 0.9302327632904053
572 0.952014684677124
575 0.9589803218841553
581 0.9659149646759033
585 0.9728775024414062
589 0.9798698425292969
593 0.9878020286560059
599 0.9942450523376465
603 1.001586675643921
