0 0.0009438991546630859
0 0.010829687118530273
0 0.020694255828857422
0 0.02962970733642578
-1 0.03950810432434082
-1 0.05070161819458008
-1 0.06095242500305176
-1 0.06930327415466309
-2 0.07462120056152344
-2 0.07991433143615723
-2 0.08394813537597656
-2 0.08903145790100098
-2 0.09301352500915527
-2 0.09824991226196289
-3 0.10237360000610352
-3 0.10747194290161133
-3 0.11205792427062988
-4 0.11643195152282715
-4 0.12593388557434082
-4 0.1310117244720459
-4 0.13526391983032227
-5 0.14064526557922363
-5 0.14478588104248047
-5 0.1502370834350586
-6 0.15440750122070312
-6 0.1595017910003662
-6 0.16353416442871094
-6 0.16865015029907227
-7 0.17428135871887207
-7 0.1793363094329834
-7 0.18336868286132812
-8 0.18849921226501465
-8 0.19258904457092285
-8 0.19764280319213867
-8 0.20203328132629395
-9 0.20637941360473633
-9 0.21129083633422852
-9 0.2158830165863037
-10 0.22201824188232422
-10 0.2281484603881836
-10 0.2324213981628418
-10 0.23753690719604492
-11 0.2420673370361328
-11 0.24640250205993652
-12 0.25128722190856934
-12 0.25563645362854004
-12 0.2607593536376953
-12 0.2650465965270996
-13 0.2703864574432373
-13 0.27545166015625
-13 0.28063344955444336
-14 0.2847750186920166
-14 0.2902061939239502
-14 0.2943894863128662
-14 0.29946279525756836
-14 0.3034660816192627
-15 0.30855655670166016
-15 0.31264758110046387
-16 0.3179666996002197
-16 0.3223400115966797
-16 0.32848238945007324
-16 0.3325996398925781
-17 0.3379242420196533
-17 0.34204912185668945
-17 0.34639811515808105
-18 0.3514516353607178
-18 0.3560178279876709
-18 0.3608994483947754
-18 0.36514949798583984
-19 0.37053394317626953
-19 0.37590503692626953
-20 0.3808324337005615
-20 0.3850557804107666
-20 0.390303373336792
-20 0.3944559097290039
-20 0.39953136444091797
-21 0.40353870391845703
-21 0.4086580276489258
-22 0.41300058364868164
-22 0.4182581901550293
-22 0.4224205017089844
-22 0.4285712242126465
-23 0.43266844749450684
-23 0.43799638748168945
-23 0.44214820861816406
-24 0.44650769233703613
-24 0.45135974884033203
-24 0.45589447021484375
-24 0.46082186698913574
-25 0.4650871753692627
-25 0.4704856872558594
-25 0.4746377468109131
-26 0.4806849956512451
-26 0.48479723930358887
-26 0.49019908905029297
-26 0.4943103790283203
-27 0.49950575828552246
-27 0.5035006999969482
-27 0.5086007118225098
-28 0.5126755237579346
-28 0.5180392265319824
-28 0.5260684490203857
-29 0.5320999622344971
-29 0.5364151000976562
-29 0.5414862632751465
-30 0.5460233688354492
-30 0.5510542392730713
-30 0.5553128719329834
-30 0.5605220794677734
-31 0.5646812915802002
-31 0.5699868202209473
-32 0.5739936828613281
-32 0.5801646709442139
-32 0.5842926502227783
-32 0.5894875526428223
-32 0.5934929847717285
-33 0.5986289978027344
-33 0.6027042865753174
-34 0.6080272197723389
-34 0.6121566295623779
-34 0.616492509841919
-34 0.6213715076446533
-35 0.6259691715240479
-35 0.631636381149292
-35 0.6362361907958984
-36 0.6411774158477783
-36 0.6455516815185547
-36 0.6508800983428955
-36 0.655139684677124
-37 0.6603922843933105
-37 0.6645684242248535
-37 0.6696314811706543
-38 0.6736304759979248
-38 0.6789395809173584
-38 0.6839771270751953
-38 0.6890788078308105
-39 0.693206787109375
-39 0.6983530521392822
-39 0.7024757862091064
-40 0.7075908184051514
-40 0.7121045589447021
-40 0.7164406776428223
-40 0.721339225769043
-41 0.7258882522583008
-41 0.7315795421600342
-42 0.7362158298492432
-42 0.7411794662475586
-42 0.7454495429992676
-42 0.7506287097930908
-42 0.7547941207885742
-43 0.7603108882904053
-43 0.7644674777984619
-43 0.7699129581451416
-44 0.7739255428314209
-44 0.7790169715881348
-44 0.7842655181884766
-45 0.7893431186676025
-45 0.7933673858642578
-45 0.7985010147094727
-46 0.8025870323181152
-46 0.8076338768005371
-46 0.8119571208953857
-46 0.8163337707519531
-46 0.8212037086486816
-47 0.8255503177642822
-47 0.8308303356170654
-48 0.8361825942993164
-48 0.8410928249359131
-48 0.8453857898712158
-48 0.8511738777160645
-49 0.8554511070251465
-49 0.860647439956665
-49 0.8647918701171875
-50 0.8701150417327881
-50 0.8742945194244385
-50 0.8793294429779053
-50 0.8844947814941406
-51 0.8899903297424316
-51 0.8939876556396484
-52 0.8990814685821533
-52 0.9031989574432373
-52 0.9083480834960938
-52 0.9124794006347656
-53 0.917586088180542
-53 0.9256389141082764
-54 0.930891752243042
-54 0.9362378120422363
-54 0.9412999153137207
-54 0.9456522464752197
-55 0.9509913921356201
-55 0.9552509784698486
-55 0.9604837894439697
-56 0.9653632640838623
-56 0.970576286315918
-56 0.9747235774993896
-56 0.9800546169281006
-57 0.9848277568817139
-57 0.9902455806732178
-58 0.9944193363189697
-58 0.9994874000549316
-58 1.0034940242767334
-58 1.0086283683776855
-58 1.0130119323730469
-59 1.0182747840881348
-59 1.0225415229797363
-59 1.0276057720184326
-60 1.0319268703460693
-60 1.038161039352417
-60 1.042276382446289
-61 1.0469918251037598
-61 1.0514755249023438
-61 1.0560154914855957
-62 1.0609631538391113
-62 1.0652377605438232
-62 1.0705761909484863
-62 1.0747084617614746
-62 1.0800342559814453
-63 1.0841712951660156
-63 1.0902845859527588
-64 1.0944428443908691
-64 1.0994842052459717
-64 1.10349702835083
-64 1.1085708141326904
-65 1.1126668453216553
-65 1.1180224418640137
-65 1.122408151626587
-66 1.127485752105713
-66 1.1320111751556396
-66 1.1380579471588135
-66 1.1422052383422852
-67 1.1465444564819336
-67 1.1515746116638184
-67 1.1561429500579834
-68 1.1610312461853027
-68 1.1652698516845703
-68 1.1705100536346436
-68 1.1746726036071777
-69 1.1799569129943848
-69 1.1839673519134521
-69 1.1902275085449219
-70 1.194401502609253
-70 1.1994836330413818
-70 1.203491449356079
-70 1.2085680961608887
-71 1.2126538753509521
-71 1.217982530593872
-71 1.2221055030822754
-72 1.2264609336853027
-72 1.2313435077667236
-72 1.2358744144439697
-73 1.245199203491211
-73 1.2505872249603271
-73 1.2547338008880615
-74 1.2600314617156982
-74 1.2641432285308838
-74 1.269181489944458
-74 1.2733333110809326
-75 1.278510570526123
-75 1.282881498336792
-75 1.2881476879119873
-76 1.2931933403015137
-76 1.2983624935150146
-76 1.3024678230285645
-76 1.3075578212738037
-77 1.3120720386505127
-77 1.3164124488830566
-78 1.3251433372497559
-78 1.330526351928711
-78 1.334707260131836
-78 1.340158462524414
-79 1.345257043838501
-79 1.3506157398223877
-80 1.3547537326812744
-80 1.360063076019287
-80 1.3641765117645264
-80 1.3694138526916504
-80 1.3734068870544434
-81 1.3785195350646973
-81 1.3826053142547607
-82 1.3879497051239014
-82 1.3929564952850342
-82 1.3982219696044922
-82 1.4023463726043701
-83 1.4070408344268799
-83 1.4119210243225098
-83 1.4162907600402832
-84 1.4211711883544922
-84 1.4254481792449951
-84 1.4308478832244873
-84 1.4350597858428955
-85 1.4403045177459717
-85 1.445265531539917
-85 1.4504642486572266
-86 1.4546387195587158
-86 1.459916353225708
-86 1.4639160633087158
-86 1.4690296649932861
-87 1.4729971885681152
-87 1.4782521724700928
-87 1.4823908805847168
-88 1.487452507019043
-88 1.491995096206665
-88 1.4982233047485352
-88 1.5023462772369385
-89 1.5070407390594482
-89 1.5115165710449219
-90 1.5160636901855469
-90 1.5209827423095703
-90 1.5252814292907715
-90 1.5304839611053467
-90 1.5346803665161133
-91 1.5401573181152344
-91 1.545163869857788
-92 1.5505366325378418
-92 1.5547356605529785
-92 1.5600433349609375
-92 1.5641553401947021
-93 1.5691742897033691
-93 1.5732450485229492
-93 1.5783817768096924
-94 1.5825133323669434
-94 1.5875961780548096
-94 1.5919189453125
-94 1.5979793071746826
-95 1.602088212966919
-95 1.606407880783081
-95 1.6115047931671143
-96 1.6160523891448975
-96 1.620938777923584
-96 1.6251716613769531
-96 1.6304028034210205
-97 1.6345856189727783
-97 1.639653205871582
-97 1.6438796520233154
-98 1.6500635147094727
-98 1.6541757583618164
-98 1.659271240234375
-98 1.6633248329162598
-99 1.6684672832489014
-99 1.6727592945098877
-99 1.6781013011932373
-100 1.6822154521942139
-100 1.6865389347076416
-100 1.691451072692871
-100 1.6974883079528809
-101 1.701632022857666
-101 1.7062029838562012
-101 1.7111411094665527
-102 1.7154066562652588
-102 1.7206215858459473
-102 1.7298831939697266
-103 1.7339096069335938
-103 1.7391726970672607
-104 1.7432949542999268
-104 1.7498996257781982
-104 1.7539641857147217
-104 1.7590382099151611
-105 1.769577980041504
-105 1.7736544609069824
-106 1.7789945602416992
-106 1.7830078601837158
-106 1.7882616519927979
-106 1.792539358139038
-107 1.7976579666137695
-107 1.8028974533081055
-107 1.8081560134887695
-108 1.8123388290405273
-108 1.817046880722046
-108 1.821495771408081
-108 1.8260679244995117
-109 1.8309986591339111
-109 1.8352596759796143
-109 1.8404748439788818
-110 1.844655990600586
-111 1.861290693283081
-112 1.8760497570037842
-112 1.886209487915039
-113 1.9012579917907715
-114 1.9149670600891113
-115 1.9235389232635498
-116 1.9352765083312988
-117 1.9550399780273438
-118 1.9685328006744385
-119 1.9832115173339844
-120 2.0124964714050293
-121 2.0343520641326904
-122 2.0441935062408447
-122 2.0549874305725098
-123 2.0604166984558105
-123 2.0646376609802246
-123 2.0699121952056885
-124 2.073951482772827
-124 2.0790741443634033
-124 2.0831947326660156
-124 2.088373899459839
-125 2.0926365852355957
-125 2.097987651824951
-125 2.102118492126465
-126 2.108206272125244
-126 2.1123287677764893
-126 2.11702299118042
-127 2.121492385864258
-127 2.1306095123291016
-127 2.134753465652466
-128 2.1402573585510254
-128 2.144420862197876
-128 2.1499524116516113
-128 2.154714345932007
-129 2.1600916385650635
-129 2.164255380630493
-130 2.169292449951172
-130 2.1732871532440186
-130 2.1784582138061523
-130 2.18259859085083
-131 2.187936782836914
-131 2.1922495365142822
-131 2.1969940662384033
-132 2.2014849185943604
-132 2.207604169845581
-132 2.2120940685272217
-132 2.2164676189422607
-133 2.2213284969329834
-133 2.2258851528167725
-133 2.230795383453369
-134 2.2350244522094727
-134 2.2402868270874023
-134 2.244422674179077
-134 2.2494802474975586
-135 2.2534923553466797
-135 2.2599449157714844
-135 2.263993263244629
-136 2.2693309783935547
-136 2.2734153270721436
-136 2.2785415649414062
-136 2.2826523780822754
-137 2.2879810333251953
-137 2.292123317718506
-137 2.2964906692504883
-138 2.301360607147217
-138 2.305893659591675
-138 2.3114969730377197
-138 2.3160316944122314
-139 2.3210866451263428
-139 2.3253893852233887
-139 2.330772638320923
-140 2.335076093673706
-140 2.3403329849243164
-140 2.344475507736206
-140 2.349543809890747
-141 2.3535561561584473
-141 2.3599681854248047
-142 2.363952875137329
-142 2.3690686225891113
-142 2.373133897781372
-142 2.3782858848571777
-142 2.382427930831909
-143 2.3875110149383545
-143 2.392037868499756
-143 2.396362781524658
-144 2.4014322757720947
-144 2.406024932861328
-144 2.4119861125946045
-144 2.4163095951080322
-145 2.4211888313293457
-145 2.4255871772766113
-145 2.4307217597961426
-146 2.4350051879882812
-146 2.4402482509613037
-146 2.44441294670105
-146 2.4496562480926514
-147 2.453648328781128
-147 2.458998918533325
-148 2.46420955657959
-148 2.470475912094116
-148 2.4746365547180176
-148 2.479987144470215
-149 2.483999729156494
-149 2.4890940189361572
-149 2.4932141304016113
-150 2.498370409011841
-150 2.502471923828125
-150 2.5075888633728027
-150 2.512993812561035
-151 2.5182766914367676
-151 2.5224955081939697
-152 2.5313172340393066
-152 2.5358760356903076
-152 2.540928840637207
-152 2.5452165603637695
-153 2.5505666732788086
-153 2.5547354221343994
-154 2.5600874423980713
-154 2.5651638507843018
-154 2.570561170578003
-154 2.574700117111206
-154 2.5801472663879395
-155 2.584285259246826
-155 2.5893478393554688
-156 2.5933852195739746
-156 2.598527431488037
-156 2.602651357650757
-156 2.60797381401062
-157 2.6130220890045166
-157 2.618269443511963
-157 2.622438669204712
-158 2.627579689025879
-158 2.6321136951446533
-158 2.6364552974700928
-158 2.6413631439208984
-159 2.6458892822265625
-159 2.650805950164795
-159 2.655050039291382
-160 2.660248041152954
-160 2.6652743816375732
-160 2.670506477355957
-160 2.6746509075164795
-161 2.679969549179077
-161 2.6839723587036133
-161 2.6892895698547363
-162 2.6932997703552246
-162 2.698462963104248
-162 2.702627658843994
-162 2.707972288131714
-163 2.712266683578491
-163 2.7183377742767334
-163 2.7224578857421875
-164 2.727530002593994
-164 2.7315971851348877
-164 2.736196994781494
-164 2.741147994995117
-165 2.7453951835632324
-165 2.7507667541503906
-165 2.754997491836548
-166 2.760230779647827
-166 2.765270709991455
-166 2.770512104034424
-166 2.7746732234954834
-167 2.7799627780914307
-167 2.7839674949645996
-168 2.789071798324585
-168 2.7932217121124268
-168 2.7983644008636475
-168 2.802478551864624
-168 2.8075883388519287
-169 2.812102794647217
-169 2.818296432495117
-170 2.8224666118621826
-170 2.8275868892669678
-170 2.8319225311279297
-170 2.8362715244293213
-171 2.841350555419922
-171 2.8459014892578125
-171 2.851419687271118
-172 2.8559937477111816
-172 2.8608789443969727
-172 2.86513352394104
-172 2.8713152408599854
-173 2.8759045600891113
-173 2.88081693649292
-173 2.8850784301757812
-174 2.8903696537017822
-174 2.8945395946502686
-174 2.8996057510375977
-174 2.903615951538086
-175 2.9087183475494385
-175 2.9129133224487305
-176 2.9191112518310547
-176 2.9232349395751953
-176 2.9320497512817383
-176 2.936414957046509
-177 2.941465377807617
-177 2.946026563644409
-177 2.9510726928710938
-178 2.955354690551758
-178 2.96067476272583
-178 2.964817523956299
-178 2.9710302352905273
-179 2.975288152694702
-179 2.980532169342041
-180 2.98467755317688
-180 2.9901492595672607
-180 2.9942739009857178
-180 2.999324321746826
-180 3.0033299922943115
-181 3.0085039138793945
-181 3.0126140117645264
-182 3.017946243286133
-182 3.0229973793029785
-182 3.028273582458496
-182 3.0324110984802246
-183 3.03760027885437
-183 3.041940450668335
-183 3.0462796688079834
-184 3.0513317584991455
-184 3.0558924674987793
-184 3.0608327388763428
-184 3.0651025772094727
-185 3.0710954666137695
-185 3.075381278991699
-185 3.0805699825286865
-186 3.084749937057495
-186 3.090061664581299
-186 3.0942513942718506
-186 3.0994768142700195
-187 3.10349440574646
-187 3.108582019805908
-187 3.1129162311553955
-188 3.11818265914917
-188 3.1233763694763184
-188 3.128500461578369
-188 3.1325931549072266
-189 3.1379435062408447
-189 3.1420671939849854
-189 3.146428108215332
-190 3.1513478755950928
-190 3.1559042930603027
-190 3.160810947418213
-190 3.1650965213775635
-191 3.1705074310302734
-191 3.1758975982666016
-192 3.1808207035064697
-192 3.185060977935791
-192 3.190315008163452
-192 3.1944563388824463
-192 3.1995322704315186
-193 3.2035605907440186
-193 3.2086710929870605
-194 3.212883710861206
-194 3.2181499004364014
-194 3.2232887744903564
-194 3.2284767627716064
-195 3.2328829765319824
-195 3.238171100616455
-196 3.2439239025115967
-196 3.2491815090179443
-196 3.2532832622528076
-196 3.2584619522094727
-196 3.262737512588501
-197 3.2680909633636475
-197 3.2745041847229004
-198 3.279986619949341
-198 3.2840023040771484
-198 3.2894372940063477
-198 3.2934727668762207
-199 3.2985875606536865
-199 3.3029141426086426
-199 3.308187484741211
-200 3.312333583831787
-200 3.3170435428619385
-200 3.3215014934539795
-201 3.330551862716675
-201 3.3358588218688965
-201 3.340939998626709
-202 3.3452017307281494
-202 3.35064435005188
-202 3.354787588119507
-202 3.3602962493896484
-203 3.3644862174987793
-203 3.369577169418335
-203 3.374629497528076
-204 3.37998628616333
-204 3.3839690685272217
-204 3.389082670211792
-204 3.3931877613067627
-205 3.3983511924743652
-205 3.402477264404297
-205 3.407545566558838
-206 3.412081480026245
-206 3.416419506072998
-206 3.421346664428711
-206 3.427459716796875
-207 3.431581735610962
-207 3.4361469745635986
-208 3.4410698413848877
-208 3.445333242416382
-208 3.4505584239959717
-208 3.454697608947754
-208 3.459969997406006
-209 3.4646830558776855
-209 3.4701764583587646
-210 3.4743571281433105
-210 3.4805030822753906
-210 3.484672784805298
-210 3.4901490211486816
-211 3.4942874908447266
-211 3.499390125274658
-211 3.5034070014953613
-211 3.5085411071777344
-212 3.512624502182007
-212 3.5179216861724854
-212 3.5220932960510254
-213 3.5282247066497803
-213 3.5325160026550293
-213 3.5375967025756836
-214 3.5419387817382812
-214 3.546295404434204
-214 3.551206111907959
-214 3.555605888366699
-214 3.5606651306152344
-215 3.5647952556610107
-215 3.5700740814208984
-216 3.5742156505584717
-216 3.5802626609802246
-216 3.5844759941101074
-216 3.589952230453491
-217 3.6001222133636475
-217 3.6042962074279785
-218 3.609356164932251
-218 3.613389730453491
-218 3.6184961795806885
-218 3.622875928878784
-219 3.6281585693359375
-219 3.633283853530884
-219 3.6384706497192383
-220 3.64261794090271
-220 3.6478826999664307
-220 3.6521859169006348
-221 3.6565449237823486
-221 3.661403179168701
-221 3.666015863418579
-222 3.6708972454071045
-222 3.6751420497894287
-222 3.681346893310547
-222 3.685903787612915
-223 3.6908085346221924
-223 3.695096492767334
-223 3.7003509998321533
-224 3.7045135498046875
-224 3.709974765777588
-224 3.71398663520813
-224 3.719085693359375
-225 3.7232582569122314
-225 3.732663869857788
-226 3.738034248352051
-226 3.7423129081726074
-226 3.7470412254333496
-226 3.7520484924316406
-227 3.7564010620117188
-227 3.7614476680755615
-228 3.7660138607025146
-228 3.7710490226745605
-228 3.775367021560669
-228 3.7805824279785156
-229 3.785942316055298
-229 3.7908263206481934
-229 3.7950799465179443
-229 3.8003549575805664
-230 3.8045144081115723
-230 3.8095719814300537
-230 3.8135924339294434
-230 3.8186779022216797
-231 3.8228816986083984
-231 3.828221082687378
-232 3.8333888053894043
-232 3.8385136127471924
-232 3.842599868774414
-232 3.84850811958313
-233 3.8526246547698975
-233 3.857964277267456
-233 3.862114429473877
-234 3.866460084915161
-234 3.8713467121124268
-234 3.8758950233459473
-234 3.880955696105957
-235 3.8864169120788574
-235 3.891451358795166
-236 3.896022319793701
-236 3.9008841514587402
-236 3.905129909515381
-236 3.910392999649048
-236 3.914558172225952
-237 3.9196345806121826
-237 3.9238839149475098
-237 3.9289917945861816
-238 3.932976007461548
-238 3.939141273498535
-238 3.9432594776153564
-238 3.948389768600464
-239 3.952660083770752
-239 3.9579849243164062
-239 3.962125778198242
-240 3.9664788246154785
-240 3.9713475704193115
-240 3.9758846759796143
-240 3.980804204940796
-241 3.9860501289367676
-241 3.990908145904541
-241 3.995166063308716
-242 4.000385284423828
-242 4.004557847976685
-242 4.010035753250122
-242 4.014094591140747
-243 4.01912522315979
-243 4.02325963973999
-243 4.028388261795044
-244 4.0324766635894775
-244 4.038639068603516
-244 4.042739391326904
-244 4.04806923866272
-245 4.052232503890991
-245 4.056546449661255
-245 4.061372518539429
-246 4.065913677215576
-246 4.070958375930786
-246 4.075224161148071
-246 4.080479621887207
-247 4.084622621536255
-247 4.09064793586731
-248 4.094759941101074
-248 4.10005521774292
-248 4.10416054725647
-248 4.109269142150879
-248 4.1133105754852295
-249 4.11845588684082
-249 4.122547388076782
-250 4.1276185512542725
-250 4.136028528213501
-250 4.142121315002441
-251 4.146446943283081
-251 4.151488304138184
-251 4.156031608581543
-252 4.16112756729126
-252 4.165381908416748
-252 4.170582056045532
-252 4.174748182296753
-252 4.180038213729858
-253 4.184173107147217
-253 4.190471649169922
-254 4.194630146026611
-254 4.199928283691406
-254 4.203948736190796
-254 4.209043502807617
-255 4.21321177482605
-255 4.218358278274536
-255 4.222468614578247
-256 4.227596282958984
-256 4.23190975189209
-256 4.2362730503082275
-256 4.242245674133301
-257 4.246551275253296
-257 4.251570224761963
-257 4.256143093109131
-258 4.261042356491089
-258 4.265325307846069
-258 4.270781517028809
-258 4.27507758140564
-259 4.280322074890137
-259 4.284485578536987
-259 4.290491819381714
-260 4.294679641723633
-260 4.2999958992004395
-260 4.303995370864868
-260 4.309314727783203
-261 4.313337326049805
-261 4.318512916564941
-261 4.322620153427124
-262 4.327943801879883
-262 4.332061052322388
-262 4.336397647857666
-262 4.34233546257019
-263 4.347050905227661
-263 4.351566553115845
-264 4.356141567230225
-264 4.361046552658081
-264 4.365313768386841
-264 4.370682716369629
-265 4.374812126159668
-265 4.380214691162109
-265 4.384376049041748
-266 4.389452695846558
-266 4.394679069519043
-266 4.400150537490845
-266 4.404287338256836
-267 4.409375429153442
-267 4.4133875370025635
-267 4.418498992919922
-268 4.4225945472717285
-268 4.427929878234863
-268 4.432204961776733
-268 4.43656587600708
-269 4.442460536956787
-269 4.447610139846802
-269 4.45195746421814
-270 4.45627498626709
-270 4.461179733276367
-270 4.465576648712158
-270 4.4706504344940186
-271 4.474802732467651
-271 4.4801859855651855
-271 4.484317064285278
-272 4.489579200744629
-272 4.494740962982178
-272 4.5000457763671875
-272 4.5041584968566895
-273 4.509191989898682
-273 4.513261795043945
-273 4.5184104442596436
-274 4.522528171539307
-274 4.527595281600952
-274 4.536040782928467
-275 4.541060447692871
-275 4.54639196395874
-275 4.551504611968994
-276 4.556053876876831
-276 4.561125040054321
-276 4.565378904342651
-276 4.570573568344116
-277 4.57475471496582
-277 4.580048322677612
-278 4.584174156188965
-278 4.589184999465942
-278 4.593278884887695
-278 4.599532604217529
-278 4.603519439697266
-279 4.608611583709717
-279 4.612959146499634
-279 4.618191957473755
-280 4.6223180294036865
-280 4.627458572387695
-280 4.6315765380859375
-281 4.636171579360962
-281 4.6410605907440186
-281 4.646450757980347
-282 4.651349782943726
-282 4.655903339385986
-282 4.660974979400635
-282 4.665230751037598
-282 4.670581340789795
-283 4.674722671508789
-283 4.68004298210144
-284 4.684155225753784
-284 4.689189672470093
-284 4.693305253982544
-284 4.699565649032593
-284 4.703567743301392
-285 4.70867657661438
-285 4.7128684520721436
-286 4.718096494674683
-286 4.722232818603516
-286 4.726571559906006
-286 4.7315733432769775
-287 4.736180067062378
-287 4.741078853607178
-287 4.74532151222229
-288 4.751261949539185
-288 4.755617380142212
-288 4.760713338851929
-288 4.764867067337036
-289 4.770185232162476
-289 4.774302005767822
-289 4.779316425323486
-290 4.783304452896118
-290 4.788453817367554
-290 4.792753458023071
-290 4.799018621444702
-291 4.803012847900391
-291 4.808253288269043
-291 4.812380790710449
-292 4.817040205001831
-292 4.8215720653533936
-292 4.826175212860107
-292 4.831039190292358
-293 4.835297107696533
-293 4.840516567230225
-294 4.844678640365601
-294 4.8514673709869385
-294 4.856027841567993
-294 4.860895395278931
-294 4.865166187286377
-295 4.870387554168701
-295 4.874595880508423
-296 4.879653453826904
-296 4.883654832839966
-296 4.888961315155029
-296 4.892945289611816
-297 4.898239612579346
-297 4.903413534164429
-297 4.90851092338562
-298 4.91286563873291
-298 4.918102502822876
-298 4.922366380691528
-298 4.927047252655029
-299 4.931561708450317
-299 4.940568208694458
-300 4.944741249084473
-300 4.950927495956421
-300 4.955250263214111
-300 4.9605889320373535
-301 4.96474552154541
-301 4.970201015472412
-301 4.974316120147705
-302 4.9793455600738525
-302 4.983375310897827
-302 4.988499402999878
-302 4.992588758468628
-303 4.997627019882202
-303 5.002914190292358
-303 5.008162975311279
-304 5.0122950077056885
-304 5.017020225524902
-304 5.021504163742065
-304 5.0260350704193115
-305 5.0310821533203125
-305 5.0353686809539795
-305 5.040619134902954
-306 5.044766187667847
-306 5.050235271453857
-306 5.0553388595581055
-306 5.060549259185791
-307 5.064722299575806
-307 5.070026159286499
-308 5.074220657348633
-308 5.079268455505371
-308 5.083277225494385
-308 5.08842658996582
-308 5.092694997787476
-309 5.098072528839111
-309 5.10316014289856
-310 5.108354806900024
-310 5.112466812133789
-310 5.117588996887207
-310 5.121938705444336
-311 5.126277446746826
-311 5.131159067153931
-311 5.135410785675049
-311 5.140610456466675
-312 5.144755840301514
-312 5.150239706039429
-312 5.155231952667236
-312 5.160462856292725
-313 5.164615631103516
-313 5.169910907745361
-314 5.173882246017456
-314 5.179161071777344
-314 5.183275461196899
-314 5.188421010971069
-315 5.192518949508667
-315 5.197584867477417
-315 5.201905250549316
-316 5.208092451095581
-316 5.212379217147827
-316 5.2174553871154785
-316 5.22157883644104
-317 5.226151943206787
-317 5.231030702590942
-317 5.23533296585083
-318 5.2409446239471436
-318 5.245242595672607
-318 5.25044584274292
-318 5.255568027496338
-319 5.260777950286865
-319 5.265014410018921
-319 5.270461082458496
-320 5.274618864059448
-320 5.279912233352661
-320 5.283942937850952
-320 5.289074420928955
-321 5.293182134628296
-321 5.298329830169678
-321 5.302455186843872
-322 5.323586463928223
-323 5.329095125198364
-324 5.338003873825073
-324 5.342291355133057
-324 5.347021102905273
-324 5.351962089538574
-325 5.356306076049805
-325 5.362226963043213
-325 5.3669586181640625
-326 5.371474504470825
-326 5.37603235244751
-326 5.38088321685791
-326 5.385131597518921
-327 5.3905510902404785
-327 5.394702911376953
-327 5.400009632110596
-328 5.40399169921875
-328 5.410190105438232
-328 5.414358377456665
-328 5.419481039047241
-329 5.423466444015503
-329 5.428581714630127
-329 5.43265438079834
-330 5.437968015670776
-330 5.442266464233398
-330 5.447016716003418
-330 5.451911687850952
-331 5.456271171569824
-331 5.462159872055054
-332 5.466500520706177
-332 5.471402406692505
-332 5.476017236709595
-332 5.480910539627075
-332 5.485156774520874
-333 5.490376710891724
-333 5.494546175003052
-334 5.499629497528076
-334 5.503649950027466
-334 5.509108543395996
-334 5.514328241348267
-335 5.519402265548706
-335 5.523430585861206
-335 5.52854323387146
-336 5.532622575759888
-336 5.537880182266235
-336 5.5420098304748535
-336 5.546358346939087
-336 5.551261901855469
-337 5.555630683898926
-337 5.561564207077026
-338 5.56616473197937
-338 5.571223020553589
-338 5.575613737106323
-338 5.580735445022583
-339 5.585000038146973
-339 5.59025502204895
-339 5.594409227371216
-340 5.599528551101685
-340 5.603521823883057
-340 5.608651638031006
-340 5.614156246185303
-341 5.61918830871582
-341 5.623276948928833
-341 5.628396987915039
-342 5.6326680183410645
-342 5.637984991073608
-342 5.642136335372925
-342 5.646478652954102
-343 5.651339054107666
-343 5.655888319015503
-343 5.66078782081604
-344 5.666041135787964
-344 5.670992374420166
-344 5.675252676010132
-344 5.680486440658569
-345 5.684642553329468
-345 5.690088272094727
-346 5.694245100021362
-346 5.699487924575806
-346 5.7034852504730225
-346 5.708595275878906
-347 5.713948011398315
-347 5.719042539596558
-347 5.7230119705200195
-347 5.728288650512695
-348 5.732415676116943
-348 5.741253614425659
-348 5.745592355728149
-349 5.750960350036621
-349 5.755253314971924
-350 5.760598659515381
-350 5.765640497207642
-350 5.770773410797119
-350 5.7750067710876465
-350 5.780269384384155
-351 5.784417152404785
-351 5.789492130279541
-351 5.793476343154907
-352 5.798575162887573
-352 5.8026463985443115
-352 5.808006286621094
-352 5.812286138534546
-353 5.81834602355957
-353 5.822445869445801
-354 5.8274853229522705
-354 5.832032680511475
-354 5.836369752883911
-354 5.841238260269165
-356 5.845611810684204
-356 5.863220691680908
-357 5.876555442810059
-358 5.887093782424927
-358 5.902531147003174
-359 5.917959213256836
-360 5.928602457046509
-361 5.9475109577178955
-362 5.962605714797974
-363 5.976113796234131
