0 0.007264852523803711
-1 0.029846668243408203
-2 0.03715252876281738
-4 0.048191070556640625
-5 0.05576443672180176
-7 0.060179710388183594
-8 0.0650486946105957
-10 0.06956171989440918
-12 0.07448196411132812
-15 0.07876038551330566
-17 0.08463287353515625
-19 0.08891582489013672
-22 0.09411883354187012
-25 0.09830284118652344
-27 0.10434341430664062
-31 0.10850238800048828
-33 0.11383700370788574
-37 0.11800169944763184
-40 0.12308025360107422
-42 0.12708091735839844
-45 0.13219976425170898
-49 0.13628816604614258
-52 0.1416168212890625
-54 0.14573287963867188
-59 0.15021157264709473
-63 0.15620636940002441
-66 0.1613302230834961
-69 0.1658341884613037
-74 0.1702404022216797
-77 0.17510461807250977
-81 0.17968535423278809
-84 0.18454933166503906
-87 0.18879318237304688
-90 0.19405579566955566
-95 0.19824481010437012
-98 0.20331263542175293
-103 0.20855426788330078
-106 0.21389269828796387
-111 0.21805167198181152
-114 0.22355413436889648
-119 0.22760820388793945
-122 0.23271584510803223
-125 0.23669219017028809
-128 0.24192547798156738
-132 0.24605345726013184
-136 0.25112438201904297
-141 0.2563302516937256
-144 0.2617206573486328
-148 0.26586484909057617
-153 0.27021288871765137
-156 0.2750890254974365
-161 0.2797067165374756
-164 0.2847747802734375
-168 0.289074182510376
-171 0.29428672790527344
-176 0.2984452247619629
-184 0.30373644828796387
-187 0.3132455348968506
-190 0.3172492980957031
-196 0.3223729133605957
-199 0.326718807220459
-202 0.3319876194000244
-207 0.33623695373535156
-210 0.34130406379699707
-214 0.34594058990478516
-219 0.35063958168029785
-224 0.3551669120788574
-227 0.36132025718688965
-230 0.36566686630249023
-235 0.3699920177459717
-239 0.3748970031738281
-242 0.3793039321899414
-246 0.3844008445739746
-250 0.3887214660644531
-254 0.39392542839050293
-259 0.3980884552001953
-262 0.4035625457763672
-267 0.40850830078125
-270 0.4140467643737793
-276 0.4182016849517822
-279 0.423248291015625
-282 0.4272615909576416
-286 0.43236351013183594
-290 0.4366025924682617
-294 0.4418766498565674
-297 0.4460141658782959
-302 0.450716495513916
-307 0.4551820755004883
-310 0.4612767696380615
-314 0.46578264236450195
-319 0.4701554775238037
-322 0.47504186630249023
-326 0.4795806407928467
-331 0.4844691753387451
-334 0.4887216091156006
-338 0.4939155578613281
-342 0.49811720848083496
-346 0.5032455921173096
-351 0.5072383880615234
-354 0.5136103630065918
-359 0.5176165103912354
-362 0.5228793621063232
-366 0.5269668102264404
-369 0.5321075916290283
-374 0.5362112522125244
-378 0.5412898063659668
-381 0.5457789897918701
-386 0.5501470565795898
-389 0.5550646781921387
-394 0.5606551170349121
-398 0.5651371479034424
-403 0.5697097778320312
-406 0.5745935440063477
-410 0.5788941383361816
-413 0.584265947341919
-418 0.5884196758270264
-421 0.593726634979248
-426 0.5978553295135498
-430 0.6029641628265381
-435 0.607013463973999
-438 0.6132161617279053
-441 0.617222785949707
-445 0.6223475933074951
-450 0.6264517307281494
-453 0.6317908763885498
-456 0.63596510887146
-462 0.6407022476196289
-465 0.6456842422485352
-470 0.6500065326690674
-473 0.6548984050750732
-478 0.659306526184082
-482 0.6650772094726562
-486 0.66965651512146
-490 0.6747019290924072
-493 0.6789536476135254
-497 0.6841697692871094
-502 0.688342809677124
-505 0.6937031745910645
-510 0.6978344917297363
-514 0.7031323909759521
-522 0.7071812152862549
-525 0.7168829441070557
-528 0.722038745880127
-534 0.7263343334197998
-537 0.7316417694091797
-540 0.7359240055084229
-545 0.7406318187713623
-548 0.7451415061950684
-554 0.7497036457061768
-557 0.7546164989471436
-562 0.7588944435119629
-565 0.7649886608123779
-570 0.769597053527832
-574 0.7745230197906494
-577 0.7787566184997559
-580 0.7839803695678711
-585 0.7881238460540771
-589 0.7931985855102539
-592 0.7972104549407959
-597 0.8023455142974854
-600 0.8069274425506592
-606 0.8120732307434082
-609 0.8172247409820557
-614 0.8223421573638916
-617 0.8267133235931396
-620 0.8319244384765625
-624 0.8360564708709717
-629 0.8407258987426758
-632 0.845210075378418
-637 0.8497939109802246
-641 0.8547115325927734
-644 0.8589887619018555
-649 0.8642113208770752
-652 0.8695824146270752
-658 0.87451171875
-661 0.8787369728088379
-664 0.8841652870178223
-669 0.8883326053619385
-672 0.8936231136322021
-678 0.8976290225982666
-681 0.9027457237243652
-684 0.9068479537963867
-688 0.9120323657989502
-692 0.9172146320343018
-696 0.9223365783691406
-701 0.9264552593231201
-704 0.9318296909332275
-710 0.9361543655395508
-713 0.9412696361541748
-716 0.9457836151123047
-721 0.9501378536224365
-724 0.9550526142120361
-730 0.9595973491668701
-733 0.964531660079956
-738 0.9699277877807617
-741 0.9748430252075195
-744 0.9791193008422852
-748 0.984323263168335
-753 0.9884717464447021
-756 0.993842363357544
-761 0.9979710578918457
-765 1.0031793117523193
-768 1.0072040557861328
-771 1.0123224258422852
-778 1.0164258480072021
-782 1.0227160453796387
-785 1.0267062187194824
-788 1.03193998336792
-792 1.0360703468322754
-796 1.0411338806152344
-800 1.045250654220581
-805 1.0498526096343994
-808 1.054734230041504
-812 1.0590009689331055
-815 1.064401388168335
-822 1.0696420669555664
-825 1.0745396614074707
-830 1.078777551651001
-834 1.0846328735351562
-837 1.0889201164245605
-840 1.0941379070281982
-845 1.098299264907837
-848 1.1035633087158203
-855 1.107593297958374
-860 1.1161386966705322
-865 1.122309923171997
-868 1.126878023147583
-872 1.1320428848266602
-877 1.1363301277160645
-880 1.14162015914917
-884 1.145899772644043
-888 1.1502158641815186
-892 1.1550970077514648
-897 1.1596603393554688
-900 1.1645660400390625
-905 1.168808937072754
-909 1.1748273372650146
-914 1.1791021823883057
-917 1.1844916343688965
-920 1.188791275024414
-924 1.1942026615142822
-929 1.1983513832092285
-932 1.2036185264587402
-937 1.2076406478881836
-940 1.2127535343170166
-946 1.2168443202972412
-949 1.2230467796325684
-952 1.2270801067352295
-956 1.2321953773498535
-961 1.236279010772705
-964 1.2416155338287354
-968 1.2458992004394531
-972 1.2502222061157227
-976 1.25508451461792
-981 1.2596490383148193
-984 1.264554738998413
-989 1.268798828125
-992 1.2748124599456787
-996 1.2790765762329102
-999 1.284254789352417
-1004 1.2884001731872559
-1008 1.2937297821044922
-1012 1.2979114055633545
-1016 1.303152084350586
-1019 1.307154655456543
-1022 1.3122766017913818
-1028 1.3163800239562988
-1033 1.321735143661499
-1036 1.3270938396453857
-1040 1.3321974277496338
-1044 1.3363096714019775
-1048 1.3416235446929932
-1051 1.3457560539245605
-1056 1.3501191139221191
-1060 1.3550477027893066
-1064 1.3595781326293945
-1068 1.3646225929260254
-1071 1.3688645362854004
-1076 1.37483811378479
-1080 1.3792505264282227
-1083 1.3843414783477783
-1088 1.3884727954864502
-1091 1.3937559127807617
-1096 1.3978817462921143
-1100 1.4029982089996338
-1103 1.4070255756378174
-1106 1.4121780395507812
-1112 1.416285514831543
-1116 1.4216079711914062
-1120 1.4269402027130127
-1123 1.4320874214172363
-1128 1.436187505722046
-1132 1.4412899017333984
-1135 1.4456450939178467
-1140 1.4499704837799072
-1143 1.4550251960754395
-1148 1.4595937728881836
-1152 1.4644992351531982
-1155 1.468733310699463
-1160 1.4739909172058105
-1164 1.4790778160095215
-1168 1.4844698905944824
-1172 1.4887290000915527
-1175 1.4939601421356201
-1180 1.4981234073638916
-1184 1.503269910812378
-1190 1.5072557926177979
-1195 1.5161592960357666
-1198 1.521272897720337
-1204 1.5266993045806885
-1207 1.5319905281066895
-1212 1.5363247394561768
-1215 1.5416760444641113
-1219 1.5460538864135742
-1224 1.5507268905639648
-1227 1.5553135871887207
-1232 1.5598738193511963
-1236 1.5647838115692139
-1239 1.5690693855285645
-1244 1.5742957592010498
-1249 1.5796380043029785
-1252 1.584686517715454
-1256 1.5889482498168945
-1259 1.5941739082336426
-1264 1.5983364582061768
-1267 1.6037826538085938
-1272 1.6079540252685547
-1276 1.6129839420318604
-1279 1.6170170307159424
-1282 1.6221933364868164
-1288 1.6262671947479248
-1291 1.6323328018188477
-1296 1.6364402770996094
-1299 1.641787052154541
-1302 1.6459083557128906
-1308 1.650235652923584
-1311 1.6551134586334229
-1316 1.6596934795379639
-1319 1.6648516654968262
-1322 1.6691303253173828
-1326 1.6743037700653076
-1336 1.685798168182373
-1341 1.6901638507843018
-1344 1.6950383186340332
-1350 1.6995842456817627
-1353 1.7045223712921143
-1356 1.7087817192077637
-1360 1.714353084564209
-1364 1.7185101509094238
-1368 1.724039077758789
-1373 1.729018211364746
-1376 1.7343249320983887
-1381 1.7384581565856934
-1385 1.7437255382537842
-1390 1.7479450702667236
-1393 1.752995252609253
-1396 1.7569866180419922
-1400 1.762150764465332
-1405 1.7662906646728516
-1408 1.771324634552002
-1412 1.7756810188293457
-1416 1.7818164825439453
-1422 1.7861104011535645
-1425 1.79124116897583
-1428 1.7956228256225586
-1433 1.7999718189239502
-1436 1.8048627376556396
-1440 1.8092474937438965
-1443 1.8143370151519775
-1448 1.8184778690338135
-1452 1.8237531185150146
-1457 1.8278663158416748
-1460 1.8339695930480957
-1465 1.8381292819976807
-1468 1.8436589241027832
-1474 1.8476572036743164
-1477 1.8527586460113525
-1480 1.8568649291992188
-1484 1.8620169162750244
-1487 1.8661324977874756
-1492 1.8712337017059326
-1495 1.8753435611724854
-1500 1.8799233436584473
-1504 1.8858616352081299
-1509 1.890209436416626
-1512 1.8950834274291992
-1517 1.8996918201446533
-1520 1.9047348499298096
-1527 1.9090471267700195
-1532 1.9177899360656738
-1536 1.9230539798736572
-1539 1.9270787239074707
-1544 1.9336397647857666
-1549 1.937673807144165
-1552 1.9429831504821777
-1556 1.9470000267028809
-1559 1.952181100845337
-1564 1.9562692642211914
-1567 1.9613265991210938
-1571 1.965848684310913
-1576 1.9702084064483643
-1579 1.9752655029296875
-1584 1.9798636436462402
-1588 1.9856882095336914
-1592 1.9900336265563965
-1596 1.9948983192443848
-1599 1.999265193939209
-1604 2.0043458938598633
-1610 2.009768009185791
-1613 2.0146968364715576
-1616 2.018937349319458
-1620 2.0242936611175537
-1624 2.0284295082092285
-1630 2.03373384475708
-1633 2.0387766361236572
-1636 2.0440006256103516
-1641 2.0481438636779785
-1644 2.0532021522521973
-1648 2.0571937561035156
-1651 2.0623281002044678
-1656 2.0664284229278564
-1660 2.071765422821045
-1663 2.0758845806121826
-1670 2.0802149772644043
-1673 2.0871400833129883
-1676 2.092254161834717
-1682 2.096338987350464
-1685 2.1016294956207275
-1688 2.1059210300445557
-1693 2.110231399536133
-1697 2.115140676498413
-1702 2.119704246520996
-1705 2.124568462371826
-1708 2.12880277633667
-1714 2.134049892425537
-1718 2.139133930206299
-1722 2.1444900035858154
-1725 2.1487600803375244
-1728 2.1539697647094727
-1734 2.1581108570098877
-1737 2.163156032562256
-1740 2.1671550273895264
-1744 2.1722757816314697
-1749 2.176356554031372
-1752 2.181670665740967
-1757 2.1857802867889404
-1760 2.1919219493865967
-1764 2.196042537689209
-1769 2.200766086578369
-1772 2.2056405544281006
-1777 2.2099852561950684
-1780 2.214877128601074
-1784 2.2192423343658447
-1787 2.2243402004241943
-1792 2.2285101413726807
-1797 2.2340903282165527
-1800 2.2390918731689453
-1804 2.2442727088928223
-1809 2.248430013656616
-1812 2.2537362575531006
-1817 2.2578585147857666
-1821 2.263134717941284
-1824 2.2671291828155518
-1828 2.2722489833831787
-1832 2.276334047317505
-1836 2.2817118167877197
-1841 2.285839796066284
-1844 2.29197359085083
-1848 2.296139717102051
-1852 2.3012237548828125
-1856 2.3053267002105713
-1863 2.309926986694336
-1868 2.318695306777954
-1871 2.3241610527038574
-1876 2.328326463699341
-1880 2.333796739578247
-1884 2.337961435317993
-1888 2.3442282676696777
-1893 2.3483872413635254
-1896 2.3536887168884277
-1901 2.3576788902282715
-1905 2.363048791885376
-1908 2.367077589035034
-1912 2.3722100257873535
-1916 2.3763132095336914
-1920 2.3816070556640625
-1925 2.385892629623413
-1928 2.39207124710083
-1933 2.396174669265747
-1936 2.4012928009033203
-1940 2.4056618213653564
-1945 2.4100069999694824
-1948 2.4148919582366943
-1952 2.419297218322754
-1955 2.424386501312256
-1960 2.428535223007202
-1964 2.433837890625
-1968 2.437964916229248
-1972 2.444244146347046
-1977 2.4483819007873535
-1980 2.4537105560302734
-1985 2.4577674865722656
-1988 2.4627554416656494
-1992 2.4668612480163574
-1999 2.4720170497894287
-2004 2.4802229404449463
-2007 2.4851090908050537
-2012 2.4896955490112305
-2016 2.4957029819488525
-2020 2.500061273574829
-2024 2.5051193237304688
-2029 2.5096921920776367
-2032 2.514650821685791
-2036 2.5189199447631836
-2039 2.524172306060791
-2044 2.528351306915283
-2048 2.533656597137451
-2052 2.537663698196411
-2056 2.5438449382781982
-2061 2.547973155975342
-2064 2.5530178546905518
-2068 2.557044744491577
-2071 2.562178611755371
-2076 2.5664424896240234
-2079 2.571812629699707
-2083 2.575920343399048
-2088 2.5806260108947754
-2091 2.585095167160034
-2096 2.589693069458008
-2100 2.5953102111816406
-2104 2.599907398223877
-2108 2.604830741882324
-2111 2.609086275100708
-2114 2.614265203475952
-2120 2.618433952331543
-2123 2.623920440673828
-2128 2.628084421157837
-2132 2.6331894397735596
-2135 2.63718843460083
-2140 2.6422955989837646
-2143 2.6473164558410645
-2148 2.652621030807495
-2152 2.656608819961548
-2155 2.6618897914886475
-2158 2.6660244464874268
-2163 2.670724868774414
-2167 2.675265312194824
-2172 2.679858684539795
-2175 2.684877872467041
-2178 2.6892619132995605
-2184 2.695136547088623
-2188 2.6997103691101074
-2192 2.7045845985412598
-2195 2.70881986618042
-2202 2.7172183990478516
-2207 2.72233247756958
-2210 2.726677894592285
-2214 2.7319109439849854
-2219 2.7361788749694824
-2224 2.7413058280944824
-2227 2.746912956237793
-2230 2.752063035964966
-2236 2.7563233375549316
-2239 2.7616586685180664
-2242 2.765805244445801
-2247 2.770139217376709
-2251 2.7750205993652344
-2254 2.7795543670654297
-2258 2.7844700813293457
-2262 2.7887773513793945
-2268 2.794048309326172
-2271 2.7990498542785645
-2274 2.8044023513793945
-2279 2.8085498809814453
-2283 2.8138773441314697
-2288 2.8180487155914307
-2291 2.8231406211853027
-2294 2.827178478240967
-2298 2.8322694301605225
-2303 2.8363637924194336
-2306 2.8416924476623535
-2311 2.845828056335449
-2314 2.851982593536377
-2318 2.856109619140625
-2323 2.8611953258514404
-2326 2.8656864166259766
-2332 2.870030403137207
-2335 2.874912738800049
-2340 2.879267692565918
-2343 2.8845415115356445
-2346 2.888782501220703
-2352 2.8940725326538086
-2355 2.89905047416687
-2358 2.9042537212371826
-2363 2.9084091186523438
-2367 2.913724660873413
-2372 2.9179155826568604
-2375 2.9231374263763428
-2378 2.9271600246429443
-2382 2.9322853088378906
-2387 2.9363646507263184
-2390 2.9417176246643066
-2395 2.945866107940674
-2398 2.9519472122192383
-2402 2.9560890197753906
-2407 2.961144208908081
-2410 2.965306043624878
-2416 2.969862222671509
-2419 2.9747543334960938
-2422 2.979006290435791
-2426 2.984368085861206
-2430 2.9885056018829346
-2434 2.9939262866973877
-2439 2.998058319091797
-2442 3.004178762435913
-2447 3.008347272872925
-2451 3.0137951374053955
-2456 3.0179452896118164
-2459 3.023012638092041
-2462 3.0270116329193115
-2466 3.0321550369262695
-2471 3.036316394805908
-2474 3.041663408279419
-2479 3.045954704284668
-2482 3.0521597862243652
-2488 3.056313991546631
-2491 3.0616023540496826
-2494 3.065727949142456
-2500 3.0700623989105225
-2503 3.074965715408325
-2508 3.0793137550354004
-2511 3.0850279331207275
-2514 3.0895798206329346
-2520 3.0944833755493164
-2525 3.0988051891326904
-2528 3.104991912841797
-2531 3.1095454692840576
-2540 3.1144819259643555
-2543 3.1238105297088623
-2548 3.1279757022857666
-2552 3.133180856704712
-2555 3.1371734142303467
-2560 3.1422922611236572
-2563 3.146714448928833
-2568 3.1528775691986084
-2572 3.1569793224334717
-2575 3.1621429920196533
-2580 3.1663930416107178
-2584 3.171738386154175
-2587 3.1758360862731934
-2592 3.180183172225952
-2595 3.1850993633270264
-2600 3.189701795578003
-2604 3.194645404815674
-2609 3.1988985538482666
-2612 3.2049522399902344
-2617 3.2095470428466797
-2620 3.214555263519287
-2624 3.2187700271606445
-2627 3.2241787910461426
-2632 3.228339195251465
-2636 3.23361873626709
-2641 3.2376644611358643
-2644 3.242760419845581
-2647 3.2468485832214355
-2652 3.252002716064453
-2656 3.257108688354492
-2659 3.2622196674346924
-2664 3.266343355178833
-2668 3.2716822624206543
-2671 3.275991439819336
-2676 3.2806897163391113
-2680 3.2853410243988037
-2684 3.289930582046509
-2688 3.294851779937744
-2696 3.3049933910369873
-2701 3.309596538543701
-2704 3.3144843578338623
-2708 3.318779468536377
-2711 3.3240532875061035
-2716 3.3282206058502197
-2720 3.333303689956665
-2723 3.3373143672943115
-2728 3.3424172401428223
-2732 3.3469321727752686
-2736 3.352081298828125
-2740 3.3572230339050293
-2743 3.362333297729492
-2748 3.3664309978485107
-2752 3.3717684745788574
-2755 3.3759264945983887
-2760 3.3802337646484375
-2764 3.3851377964019775
-2768 3.389721393585205
-2772 3.3946268558502197
-2775 3.398904800415039
-2780 3.4043257236480713
-2785 3.4097001552581787
-2789 3.414598226547241
-2792 3.4188594818115234
-2796 3.4241104125976562
-2800 3.428351640701294
-2804 3.433678150177002
-2809 3.4376752376556396
-2812 3.4427878856658936
-2816 3.4468770027160645
-2819 3.4520180225372314
-2824 3.457123279571533
-2829 3.4623072147369385
-2832 3.4666335582733154
-2836 3.471879005432129
-2839 3.476001739501953
-2844 3.480695962905884
-2848 3.4851484298706055
-2853 3.489722728729248
-2856 3.4945931434631348
-2860 3.4988343715667725
-2864 3.504148006439209
-2868 3.5091030597686768
-2876 3.5143322944641113
-2880 3.52329421043396
-2883 3.52729868888855
-2888 3.5324103832244873
-2892 3.536954402923584
-2895 3.5421345233917236
-2900 3.546377420425415
-2903 3.5517122745513916
-2908 3.5558605194091797
-2912 3.561946153640747
-2915 3.5660698413848877
-2920 3.571155548095703
-2924 3.5752806663513184
-2928 3.57985782623291
-2932 3.5849099159240723
-2935 3.5893077850341797
-2938 3.5944619178771973
-2944 3.5986788272857666
-2947 3.6039340496063232
-2952 3.6081016063690186
-2956 3.614243507385254
-2960 3.6183831691741943
-2964 3.623702049255371
-2969 3.627769708633423
-2972 3.6327638626098633
-2976 3.6368370056152344
-2979 3.641965866088867
-2984 3.6462204456329346
-2987 3.6513171195983887
-2991 3.6557016372680664
-2996 3.6618387699127197
-2999 3.666114091873169
-3004 3.6711630821228027
-3008 3.675281524658203
-3012 3.6798908710479736
-3016 3.6847877502441406
-3019 3.6890525817871094
-3022 3.6942508220672607
-3028 3.6984033584594727
-3031 3.7038607597351074
-3036 3.708061933517456
-3040 3.7141709327697754
-3044 3.718325138092041
-3048 3.723572254180908
-3051 3.7275617122650146
-3056 3.7327160835266113
-3060 3.7366955280303955
-3063 3.741909980773926
-3066 3.7460129261016846
-3071 3.7506701946258545
-3075 3.7551417350769043
-3080 3.759721040725708
-3083 3.7657699584960938
-3088 3.7700932025909424
-3092 3.775014877319336
-3095 3.7793326377868652
-3098 3.7844526767730713
-3103 3.7886946201324463
-3107 3.7941153049468994
-3112 3.7982840538024902
-3115 3.803593873977661
-3120 3.8076071739196777
-3124 3.813851833343506
-3128 3.818068504333496
-3132 3.8233065605163574
-3135 3.827293634414673
-3138 3.832374334335327
-3144 3.8365795612335205
-3147 3.8418684005737305
-3150 3.8459994792938232
-3155 3.850710391998291
-3159 3.8551690578460693
-3164 3.859710693359375
-3167 3.8653078079223633
-3172 3.869906187057495
-3176 3.874833583831787
-3179 3.8790793418884277
-3182 3.884430170059204
-3187 3.8886728286743164
-3191 3.8938822746276855
-3196 3.8980507850646973
-3199 3.9031364917755127
-3202 3.9071404933929443
-3211 3.912325620651245
-3214 3.9221251010894775
-3219 3.926583766937256
-3223 3.9318525791168213
-3226 3.9361279010772705
-3231 3.9412190914154053
-3234 3.9458420276641846
-3240 3.9501781463623047
-3243 3.9550647735595703
-3248 3.9596056938171387
-3251 3.9652814865112305
-3256 3.9698946475982666
-3260 3.9747934341430664
-3263 3.9790897369384766
-3266 3.984273910522461
-3272 3.988429069519043
-3275 3.9937682151794434
-3280 3.997905969619751
-3283 4.003140211105347
-3287 4.007176637649536
-3292 4.012263536453247
-3297 4.017602443695068
-3300 4.022734880447388
-3304 4.0267839431762695
-3307 4.031973361968994
-3310 4.036137580871582
-3315 4.041197776794434
-3318 4.045303106307983
-3324 4.04988169670105
-3327 4.054957389831543
-3332 4.059322357177734
-3336 4.064592599868774
-3340 4.069978475570679
-3344 4.074924945831299
-3349 4.079311847686768
-3352 4.085018634796143
-3357 4.089605808258057
-3361 4.094507455825806
-3364 4.098746299743652
-3368 4.103955984115601
-3372 4.108114719390869
-3376 4.113169431686401
-3381 4.118309497833252
-3384 4.123789310455322
-3389 4.1279168128967285
-3393 4.132984638214111
-3396 4.136983156204224
-3400 4.1421730518341064
-3404 4.146310329437256
-3408 4.151623010635376
-3411 4.1557395458221436
-3416 4.1600964069366455
-3420 4.165015459060669
-3425 4.170716047286987
-3428 4.175231695175171
-3433 4.179875373840332
-3436 4.184935569763184
-3440 4.189285039901733
-3443 4.1943464279174805
-3448 4.198484897613525
-3452 4.203888177871704
-3457 4.208052635192871
-3460 4.213160991668701
-3465 4.217168092727661
-3468 4.223618268966675
-3474 4.22762656211853
-3477 4.232709646224976
-3480 4.236661672592163
-3484 4.241890907287598
-3489 4.246151685714722
-3492 4.251223564147949
-3496 4.255324840545654
-3500 4.259953498840332
-3504 4.264877796173096
-3509 4.2702414989471436
-3512 4.275137186050415
-3518 4.279711484909058
-3521 4.2846293449401855
-3524 4.288907766342163
-3528 4.294119596481323
-3532 4.298300504684448
-3536 4.303748607635498
-3541 4.307904958724976
-3544 4.313152313232422
-3553 4.317157506942749
-3556 4.3266613483428955
-3560 4.33191704750061
-3564 4.3362109661102295
-3568 4.341301679611206
-3571 4.345803737640381
-3576 4.3501365184783936
-3580 4.355033874511719
-3585 4.359579086303711
-3588 4.364665746688843
-3593 4.3689124584198
-3596 4.374831438064575
-3600 4.3790977001190186
-3603 4.384286642074585
-3608 4.388444423675537
-3612 4.393752574920654
-3617 4.397857904434204
-3620 4.402954339981079
-3624 4.407001495361328
-3627 4.41214656829834
-3632 4.4162468910217285
-3637 4.421676874160767
-3640 4.426899433135986
-3644 4.432059288024902
-3649 4.436203479766846
-3652 4.441289901733398
-3656 4.445832252502441
-3661 4.4501872062683105
-3664 4.455060005187988
-3669 4.459634304046631
-3672 4.464514970779419
-3678 4.468742847442627
-3681 4.474652051925659
-3684 4.4789137840271
-3688 4.484259366989136
-3693 4.488413333892822
-3696 4.493719816207886
-3701 4.4979307651519775
-3704 4.502990007400513
-3708 4.507095098495483
-3713 4.512721538543701
-3716 4.51726222038269
-3721 4.522362947463989
-3726 4.5276079177856445
-3730 4.532716751098633
-3733 4.536686420440674
-3736 4.541937828063965
-3742 4.546210050582886
-3745 4.551293611526489
-3748 4.555657148361206
-3753 4.55999493598938
-3757 4.564887285232544
-3762 4.569270849227905
-3765 4.575587749481201
-3770 4.579949617385864
-3774 4.584864139556885
-3777 4.589225769042969
-3780 4.594316720962524
-3786 4.598442554473877
-3789 4.603916645050049
-3794 4.6081109046936035
-3797 4.613218307495117
-3800 4.617206573486328
-3806 4.622310638427734
-3811 4.627674579620361
-3814 4.632751226425171
-3818 4.6368842124938965
-3821 4.642040729522705
-3826 4.646153926849365
-3829 4.651281118392944
-3833 4.6556336879730225
-3838 4.659972906112671
-3841 4.66506028175354
-3846 4.669641971588135
-3850 4.674520254135132
-3854 4.679795265197754
-3858 4.684702396392822
-3861 4.6889448165893555
-3865 4.694211959838867
-3870 4.698372840881348
-3873 4.703864574432373
-3878 4.707992792129517
-3882 4.7130186557769775
-3888 4.717026710510254
-3893 4.725998163223267
-3896 4.732177972793579
-3902 4.7364466190338135
-3905 4.7417824268341064
-3908 4.746093988418579
-3914 4.751155853271484
-3917 4.7556657791137695
-3922 4.759992361068726
-3925 4.764849662780762
-3929 4.769113063812256
-3934 4.774322509765625
-3939 4.779574155807495
-3942 4.784635066986084
-3946 4.78890323638916
-3949 4.7941248416900635
-3954 4.798331260681152
-3957 4.803623676300049
-3962 4.807631254196167
-3966 4.812729120254517
-3969 4.816709041595459
-3972 4.821948051452637
-3978 4.826066970825195
-3981 4.832152366638184
-3986 4.836446762084961
-3989 4.841784715652466
-3993 4.846067428588867
-3998 4.851162433624268
-4001 4.855291128158569
-4006 4.859869003295898
-4010 4.864771127700806
-4013 4.869019985198975
-4016 4.874243497848511
-4023 4.879554986953735
-4026 4.8844969272613525
-4030 4.888736724853516
-4033 4.8939385414123535
-4038 4.898111820220947
-4042 4.903340101242065
-4047 4.907328844070435
-4050 4.912720203399658
-4054 4.9167187213897705
-4057 4.921969890594482
-4067 4.933075666427612
-4070 4.937115669250488
-4074 4.942256450653076
-4079 4.946330785751343
-4082 4.9516448974609375
-4086 4.955816984176636
-4090 4.960137367248535
-4094 4.965228319168091
-4099 4.969834566116333
-4102 4.974745035171509
-4107 4.9790098667144775
-4111 4.984903573989868
-4114 4.989299297332764
-4118 4.994427919387817
-4122 4.998550653457642
-4126 5.0038721561431885
-4131 5.008009195327759
-4134 5.013104677200317
-4138 5.017129898071289
-4143 5.022261619567871
-4146 5.026613712310791
-4151 5.032759666442871
-4154 5.036921977996826
-4158 5.0420591831207275
-4163 5.0461509227752686
-4166 5.051238059997559
-4170 5.05558443069458
-4175 5.059918642044067
-4178 5.064836740493774
-4182 5.069094657897949
-4185 5.0743162631988525
-4192 5.078485012054443
-4195 5.0851891040802
-4200 5.089754343032837
-4204 5.094849109649658
-4207 5.099116802215576
-4210 5.10434889793396
-4215 5.108480930328369
-4219 5.1137824058532715
-4226 5.117944002151489
-4230 5.126562595367432
-4236 5.131838321685791
-4239 5.137017488479614
-4244 5.142169952392578
-4247 5.146620512008667
-4251 5.151867151260376
-4256 5.156133651733398
-4259 5.161318302154541
-4262 5.165693283081055
-4268 5.170015573501587
-4271 5.174882888793945
-4274 5.179258584976196
-4279 5.185112476348877
-4284 5.189702033996582
-4288 5.194638729095459
-4291 5.198919773101807
-4294 5.204278469085693
-4300 5.208420753479004
-4303 5.213738203048706
-4308 5.217909574508667
-4312 5.223147630691528
-4315 5.227158069610596
-4320 5.2322704792022705
-4325 5.237624883651733
-4328 5.2427589893341064
-4332 5.24685001373291
-4335 5.251991033554077
-4338 5.256132364273071
-4344 5.261224746704102
-4347 5.265745639801025
-4352 5.270122289657593
-4355 5.2750043869018555
-4358 5.279585361480713
-4364 5.284491539001465
-4368 5.2897257804870605
-4372 5.2946248054504395
-4375 5.298921823501587
-4379 5.304140090942383
-4384 5.308328151702881
-4387 5.313624620437622
-4392 5.317636251449585
-4396 5.32298731803894
-4399 5.326995849609375
-4402 5.332172870635986
-4407 5.337284088134766
-4412 5.342626571655273
-4416 5.346611976623535
-4419 5.351902961730957
-4424 5.3561787605285645
-4428 5.361303329467773
-4431 5.365644931793213
-4436 5.369985103607178
-4440 5.3748579025268555
-4444 5.379239797592163
-4448 5.384490966796875
-4453 5.389869928359985
-4456 5.394758939743042
-4460 5.399018287658691
-4463 5.404205083847046
-4468 5.408384323120117
-4472 5.413671493530273
-4476 5.4176671504974365
-4480 5.422752857208252
-4483 5.426848649978638
-4487 5.431978702545166
-4492 5.436133623123169
-4495 5.4421772956848145
-4500 5.44645619392395
-4504 5.451797246932983
-4507 5.45592737197876
-4512 5.460242509841919
-4515 5.465117692947388
-4520 5.469701766967773
-4524 5.475123167037964
-4529 5.479700565338135
-4532 5.484786748886108
-4537 5.490200996398926
-4540 5.495083332061768
-4546 5.499634504318237
-4549 5.504748821258545
-4552 5.509012460708618
-4556 5.514229774475098
-4564 5.518397569656372
-4568 5.526965141296387
-4571 5.532063961029053
-4576 5.536337614059448
-4581 5.542772054672241
-4584 5.546955585479736
-4590 5.552099704742432
-4598 5.55810022354126
-4601 5.567092180252075
-4604 5.572208404541016
-4610 5.576284646987915
-4613 5.581608295440674
-4616 5.585734844207764
-4622 5.591793775558472
-4625 5.595962285995483
-4630 5.600671291351318
-4633 5.605149984359741
-4638 5.609701871871948
-4642 5.614747047424316
-4645 5.618994235992432
-4648 5.624357461929321
-4654 5.628475189208984
-4657 5.633773565292358
-4662 5.6378984451293945
-4665 5.643925189971924
-4670 5.648065567016602
-4674 5.653192520141602
-4677 5.657198429107666
-4680 5.662302732467651
-4686 5.666388034820557
-4689 5.671720266342163
-4692 5.67584228515625
-4697 5.680199146270752
-4701 5.685301065444946
-4706 5.689855575561523
-4709 5.69582462310791
-4714 5.700155019760132
-4718 5.705058336257935
-4722 5.709640264511108
-4726 5.714518308639526
-4729 5.71876859664917
-4733 5.7240235805511475
-4738 5.728183746337891
-4741 5.733258485794067
-4744 5.737263441085815
-4750 5.742370843887329
-4754 5.747921705245972
-4758 5.753003358840942
-4761 5.75700831413269
-4764 5.762181997299194
-4770 5.766272068023682
-4773 5.771320819854736
-4776 5.7756876945495605
-4782 5.780035972595215
-4785 5.784917831420898
-4788 5.789316177368164
-4793 5.795200824737549
-4798 5.799794673919678
-4802 5.8048412799835205
-4805 5.809120178222656
-4808 5.814298152923584
-4814 5.818450212478638
-4817 5.823739051818848
-4822 5.827874660491943
-4825 5.832984685897827
-4829 5.8369996547698975
-4834 5.842195987701416
-4837 5.8475730419158936
-4842 5.852673530578613
-4846 5.856675863265991
-4849 5.861937522888184
-4854 5.866209983825684
-4857 5.871309995651245
-4861 5.875814199447632
-4866 5.880143404006958
-4869 5.885041236877441
-4872 5.88958477973938
-4878 5.89446759223938
-4882 5.89989161491394
-4886 5.9048073291778564
-4889 5.909088611602783
-4893 5.914276599884033
-4901 5.91844367980957
-4904 5.92730712890625
-4910 5.932762384414673
-4913 5.936857461929321
-4916 5.942001104354858
-4923 5.947323322296143
-4926 5.952959775924683
-4930 5.956998348236084
-4933 5.96214747428894
-4938 5.966238260269165
-4942 5.971316576004028
-4945 5.975691318511963
-4950 5.9800450801849365
-4953 5.98505163192749
-4958 5.9896016120910645
-4962 5.994508266448975
-4967 5.999785423278809
