0 0.0011627674102783203
0 0.01802349090576172
0 0.02218151092529297
-1 0.03375816345214844
-1 0.041010379791259766
-2 0.0525059700012207
-2 0.060918569564819336
-3 0.07413887977600098
-4 0.0792393684387207
-4 0.08382749557495117
-5 0.08874988555908203
-5 0.09298872947692871
-6 0.09819316864013672
-6 0.10237574577331543
-7 0.10764932632446289
-8 0.11165881156921387
-8 0.11677312850952148
-9 0.12088918685913086
-9 0.12706613540649414
-10 0.13109064102172852
-10 0.13624095916748047
-11 0.14051198959350586
-12 0.1459031105041504
-12 0.15004825592041016
-13 0.15477395057678223
-14 0.15965890884399414
-14 0.16402983665466309
-15 0.16894841194152832
-16 0.1733229160308838
-16 0.17911338806152344
-17 0.18366789817810059
-18 0.18856334686279297
-18 0.19281578063964844
-19 0.19826149940490723
-20 0.20241522789001465
-20 0.20773553848266602
-21 0.21175384521484375
-22 0.21683549880981445
-22 0.2209632396697998
-23 0.22720122337341309
-24 0.2312324047088623
-24 0.23633909225463867
-25 0.24042892456054688
-26 0.24574804306030273
-26 0.24988341331481934
-27 0.2542726993560791
-28 0.25931453704833984
-29 0.26393818855285645
-30 0.2722470760345459
-30 0.278350830078125
-31 0.2825148105621338
-32 0.28795957565307617
-33 0.2921164035797119
-33 0.29727721214294434
-34 0.3012959957122803
-34 0.30642175674438477
-36 0.3106420040130615
-37 0.3159201145172119
-38 0.32413768768310547
-38 0.33028650283813477
-39 0.33537888526916504
-40 0.33989739418029785
-40 0.3442540168762207
-41 0.34926366806030273
-42 0.35382628440856934
-42 0.35877323150634766
-43 0.3630039691925049
-44 0.3682074546813965
-44 0.37237071990966797
-46 0.37783098220825195
-46 0.38294267654418945
-46 0.3882009983062744
-48 0.39237117767333984
-48 0.3976757526397705
-49 0.4016866683959961
-50 0.40682101249694824
-50 0.41094493865966797
-51 0.41609859466552734
-52 0.42038774490356445
-52 0.4256932735443115
-53 0.43075132369995117
-54 0.436007022857666
-54 0.44028425216674805
-55 0.4453742504119873
-56 0.4497261047363281
-56 0.4540722370147705
-57 0.458970308303833
-58 0.4633498191833496
-58 0.46848154067993164
-59 0.4727334976196289
-60 0.4779665470123291
-61 0.4830505847930908
-61 0.4882683753967285
-62 0.4924144744873047
-63 0.497882604598999
-64 0.5020115375518799
-64 0.5070536136627197
-65 0.5110657215118408
-66 0.5162239074707031
-66 0.5203678607940674
-67 0.5256819725036621
-68 0.5297870635986328
-68 0.5359280109405518
-69 0.5400471687316895
-70 0.5447373390197754
-70 0.5496573448181152
-72 0.5540287494659424
-72 0.5590898990631104
-73 0.5636472702026367
-74 0.5685713291168213
-74 0.5728096961975098
-75 0.5780503749847412
-76 0.5830819606781006
-76 0.5882925987243652
-77 0.5924477577209473
-78 0.597761869430542
-78 0.6017372608184814
-79 0.6068398952484131
-80 0.6109633445739746
-80 0.6161031723022461
-81 0.6203689575195312
-82 0.6256825923919678
-83 0.6297948360443115
-83 0.6359381675720215
-84 0.6400704383850098
-85 0.6447970867156982
-85 0.6493771076202393
-86 0.6540076732635498
-87 0.6588883399963379
-87 0.6631474494934082
-88 0.6683506965637207
-89 0.6725146770477295
-90 0.6779913902282715
-90 0.6821620464324951
-91 0.6883091926574707
-92 0.6924622058868408
-92 0.6977736949920654
-93 0.7019174098968506
-94 0.7069311141967773
-94 0.7110233306884766
-95 0.7161972522735596
-96 0.7241373062133789
-97 0.7291674613952637
-98 0.735205888748169
-98 0.7398436069488525
-100 0.7442243099212646
-100 0.7492578029632568
-101 0.7538232803344727
-102 0.7587583065032959
-102 0.7630395889282227
-103 0.7683324813842773
-104 0.772512674331665
-104 0.7778010368347168
-105 0.7819421291351318
-106 0.788041353225708
-106 0.7921953201293945
-107 0.7976861000061035
-108 0.8017029762268066
-109 0.8070611953735352
-109 0.8110899925231934
-110 0.816230297088623
-111 0.8203349113464355
-111 0.8257100582122803
-112 0.8298525810241699
-113 0.8342084884643555
-113 0.8400020599365234
-114 0.8447093963623047
-115 0.8492147922515869
-116 0.8537867069244385
-116 0.8588199615478516
-117 0.8630890846252441
-118 0.8683228492736816
-119 0.8724575042724609
-122 0.888045072555542
-123 0.9011857509613037
-125 0.9113106727600098
-127 0.9247264862060547
-130 0.9387607574462891
-132 0.957169771194458
-134 0.973975658416748
-136 0.9892735481262207
-138 0.9991374015808105
-140 1.0133588314056396
-144 1.0282998085021973
-146 1.0541486740112305
-150 1.0757269859313965
-153 1.0923185348510742
-155 1.1131033897399902
-156 1.127363681793213
-156 1.131364345550537
-157 1.1368300914764404
-158 1.1421124935150146
-159 1.1473946571350098
-160 1.1516385078430176
-160 1.156893253326416
-161 1.1609923839569092
-162 1.166123628616333
-162 1.1702418327331543
-163 1.1753771305084229
-164 1.179739236831665
-164 1.184056043624878
-165 1.1889712810516357
-166 1.1943187713623047
-166 1.1993656158447266
-167 1.2039637565612793
-168 1.2088804244995117
-168 1.2131376266479492
-169 1.2184951305389404
-170 1.2227323055267334
-171 1.2280054092407227
-172 1.2322001457214355
-172 1.2372722625732422
-173 1.241274118423462
-174 1.2473602294921875
-174 1.2513737678527832
-175 1.25669527053833
-176 1.2607111930847168
-176 1.265949010848999
-177 1.2700793743133545
-178 1.2747735977172852
-178 1.279670238494873
-179 1.2840144634246826
-180 1.2889342308044434
-181 1.2943229675292969
-181 1.2992377281188965
-182 1.3037872314453125
-183 1.3086974620819092
-183 1.312955617904663
-184 1.3182098865509033
-185 1.3223917484283447
-186 1.327824354171753
-186 1.3319463729858398
-187 1.3371989727020264
-188 1.3412103652954102
-188 1.3477020263671875
-189 1.3517179489135742
-190 1.3568177223205566
-190 1.3609025478363037
-191 1.3660626411437988
-192 1.3702313899993896
-192 1.3753345012664795
-193 1.3796601295471191
-194 1.3840055465698242
-195 1.3889131546020508
-196 1.3931844234466553
-196 1.3993332386016846
-197 1.4039318561553955
-198 1.408815622329712
-198 1.4130775928497314
-199 1.4182729721069336
-200 1.4224557876586914
-200 1.427783727645874
-201 1.4319310188293457
-202 1.4370501041412354
-202 1.4410827159881592
-203 1.447281837463379
-204 1.4513044357299805
-204 1.4564223289489746
-205 1.4609007835388184
-206 1.4660484790802002
-206 1.470203161239624
-207 1.4752771854400635
-208 1.4793601036071777
-209 1.4839646816253662
-209 1.488900899887085
-210 1.493150234222412
-211 1.500260829925537
-212 1.5053484439849854
-212 1.5097119808197021
-213 1.5140457153320312
-214 1.5191128253936768
-215 1.5282349586486816
-216 1.5324397087097168
-216 1.5379083156585693
-217 1.5420265197753906
-218 1.547224998474121
-219 1.5523037910461426
-219 1.5573828220367432
-220 1.5616428852081299
-221 1.5667591094970703
-222 1.570732593536377
-222 1.5759830474853516
-223 1.5802626609802246
-224 1.585357427597046
-224 1.589890480041504
-225 1.5942332744598389
-226 1.6001946926116943
-226 1.60530424118042
-227 1.6093876361846924
-228 1.613981008529663
-228 1.6189141273498535
-229 1.62318754196167
-230 1.6283676624298096
-230 1.632502794265747
-231 1.6379446983337402
-232 1.6420996189117432
-233 1.6472127437591553
-234 1.6524174213409424
-234 1.6576998233795166
-235 1.6617300510406494
-236 1.6668353080749512
-236 1.6709494590759277
-237 1.6760892868041992
-238 1.6802043914794922
-238 1.6853358745574951
-239 1.6896531581878662
-240 1.6940171718597412
-240 1.6990933418273926
-241 1.7047395706176758
-242 1.7092440128326416
-243 1.7138025760650635
-243 1.7188873291015625
-244 1.723144769668579
-244 1.7283718585968018
-245 1.7325241565704346
-246 1.737818956375122
-247 1.741933822631836
-247 1.7470548152923584
-248 1.7522671222686768
-249 1.7577757835388184
-250 1.761981725692749
-250 1.767035722732544
-251 1.77105712890625
-252 1.7762019634246826
-252 1.7803013324737549
-253 1.7857232093811035
-254 1.7898576259613037
-254 1.7942070960998535
-255 1.7990920543670654
-256 1.8048198223114014
-256 1.809307336807251
-257 1.8139183521270752
-258 1.8189544677734375
-258 1.8233306407928467
-259 1.8284296989440918
-260 1.832575798034668
-261 1.8379368782043457
-262 1.8420608043670654
-262 1.8473055362701416
-263 1.851311206817627
-264 1.8576579093933105
-264 1.8616564273834229
-265 1.8667974472045898
-266 1.8708455562591553
-268 1.8802847862243652
-270 1.8904800415039062
-271 1.900756597518921
-272 1.9120993614196777
-276 1.9373230934143066
-277 1.947901964187622
-279 1.9581782817840576
-281 1.9700336456298828
-282 1.980196237564087
-284 1.9903314113616943
-285 2.0004639625549316
-287 2.0093345642089844
-288 2.0191917419433594
-290 2.032270908355713
-292 2.041328191757202
-294 2.0539426803588867
-295 2.063170909881592
-296 2.076892375946045
-298 2.083144426345825
-299 2.0929620265960693
-301 2.1029653549194336
-302 2.1131389141082764
-304 2.1233348846435547
-305 2.1329057216644287
-306 2.142989158630371
-308 2.1528420448303223
-310 2.1658213138580322
-310 2.172861337661743
-311 2.178391456604004
-312 2.182520627975464
-312 2.1880552768707275
-313 2.1922287940979004
-314 2.197791576385498
-315 2.2019166946411133
-315 2.207190990447998
-316 2.212406873703003
-317 2.2178497314453125
-318 2.222041606903076
-318 2.227116584777832
-319 2.2311410903930664
-319 2.236274242401123
-320 2.2406604290008545
-321 2.2459402084350586
-321 2.2500951290130615
-322 2.254795789718628
-323 2.2603278160095215
-324 2.265632152557373
-324 2.271221160888672
-326 2.276371479034424
-326 2.280695676803589
-327 2.285931348800659
-328 2.2902510166168213
-328 2.2953414916992188
-329 2.3010082244873047
-330 2.3062102794647217
-331 2.3116869926452637
-331 2.317030906677246
-332 2.32106351852417
-333 2.3288426399230957
-334 2.334749460220337
-335 2.3393800258636475
-336 2.3439695835113525
-336 2.349052906036377
-337 2.353611946105957
-338 2.3587851524353027
-338 2.364184856414795
-339 2.369230270385742
-340 2.3737757205963135
-340 2.378671169281006
-341 2.382927417755127
-342 2.3881845474243164
-343 2.392371654510498
-343 2.3976502418518066
-344 2.4016916751861572
-345 2.406867265701294
-346 2.412013292312622
-346 2.417273998260498
-347 2.421320676803589
-347 2.4264209270477295
-348 2.430619478225708
-349 2.435896158218384
-350 2.440049409866333
-350 2.4447503089904785
-351 2.449201822280884
-352 2.453765392303467
-352 2.458636999130249
-353 2.463886260986328
-354 2.4697325229644775
-355 2.4740617275238037
-355 2.4791126251220703
-356 2.4836556911468506
-357 2.4886019229888916
-357 2.4928653240203857
-358 2.4983015060424805
-359 2.5024614334106445
-360 2.507770299911499
-360 2.511746883392334
-361 2.5179877281188965
-362 2.522146463394165
-362 2.5272130966186523
-363 2.5312082767486572
-364 2.536313056945801
-364 2.5407159328460693
-365 2.545966148376465
-366 2.5501065254211426
-366 2.554776430130005
-367 2.5592451095581055
-368 2.5653700828552246
-368 2.569713592529297
-370 2.574033498764038
-370 2.5789377689361572
-371 2.5832931995391846
-371 2.5883677005767822
-372 2.5925238132476807
-373 2.5979812145233154
-374 2.602121353149414
-374 2.607206344604492
-375 2.611220598220825
-376 2.6176347732543945
-376 2.6216375827789307
-377 2.626922607421875
-378 2.6310296058654785
-378 2.636207342147827
-379 2.6403796672821045
-380 2.6457014083862305
-380 2.6497998237609863
-381 2.6541426181793213
-382 2.6592001914978027
-383 2.6637461185455322
-383 2.6693649291992188
-384 2.6739413738250732
-385 2.678907632827759
-386 2.6831624507904053
-386 2.6883673667907715
-387 2.692516803741455
-388 2.6977951526641846
-388 2.701937437057495
-389 2.707031011581421
-390 2.7110588550567627
-390 2.717654228210449
-392 2.7216806411743164
-392 2.7302353382110596
-393 2.735346555709839
-394 2.739884614944458
-394 2.7442150115966797
-395 2.74924898147583
-396 2.7538013458251953
-396 2.7589244842529297
-398 2.7631900310516357
-398 2.769103765487671
-399 2.7737040519714355
-400 2.778747320175171
-400 2.783018112182617
-401 2.7882320880889893
-402 2.7924070358276367
-402 2.797697067260742
-403 2.8017048835754395
-404 2.806825637817383
-404 2.8109254837036133
-405 2.816088914871216
-406 2.82124662399292
-406 2.826361656188965
-407 2.8304367065429688
-408 2.8357813358306885
-408 2.8400912284851074
-409 2.844785451889038
-410 2.8492562770843506
-411 2.8538615703582764
-412 2.858757257461548
-412 2.8629989624023438
-413 2.8682193756103516
-414 2.8734002113342285
-414 2.879131317138672
-415 2.883714437484741
-416 2.8887441158294678
-416 2.893005609512329
-417 2.8983588218688965
-418 2.9025144577026367
-418 2.907865047454834
-419 2.9120147228240967
-420 2.917056083679199
-421 2.9222571849823
-421 2.9273314476013184
-422 2.9313368797302246
-422 2.9364333152770996
-424 2.940627098083496
-424 2.9459023475646973
-425 2.9500136375427246
-426 2.954709529876709
-426 2.959338903427124
-427 2.963925838470459
-428 2.9687862396240234
-428 2.974184513092041
-429 2.979058265686035
-430 2.983633518218994
-430 2.9885685443878174
-431 2.992798328399658
-432 2.9980123043060303
-432 3.0021893978118896
-433 3.0072543621063232
-434 3.0112648010253906
-435 3.016392707824707
-436 3.0219264030456543
-436 3.0270438194274902
-437 3.031064510345459
-437 3.0362205505371094
-438 3.040402412414551
-439 3.0457675457000732
-439 3.049893856048584
-440 3.0542190074920654
-441 3.0591061115264893
-442 3.0636332035064697
-442 3.0685479640960693
-443 3.0739448070526123
-444 3.0789995193481445
-444 3.083373546600342
-445 3.088470220565796
-446 3.0927093029022217
-446 3.097975015640259
-447 3.102121591567993
-448 3.1073763370513916
-448 3.1113626956939697
-449 3.1164357662200928
-450 3.120664358139038
-452 3.1303770542144775
-452 3.135772943496704
-453 3.140159845352173
-454 3.145264148712158
-454 3.149843215942383
-455 3.1542012691497803
-456 3.159231185913086
-456 3.163776159286499
-457 3.1686794757843018
-458 3.1729159355163574
-458 3.1789445877075195
-459 3.183323860168457
-460 3.188403367996216
-460 3.1925370693206787
-461 3.198058605194092
-462 3.202212333679199
-463 3.20729660987854
-463 3.2112722396850586
-464 3.2163913249969482
-465 3.2205092906951904
-466 3.2268154621124268
-466 3.2309277057647705
-467 3.2360801696777344
-468 3.2402095794677734
-468 3.245302200317383
-469 3.249640703201294
-470 3.2540125846862793
-470 3.259070634841919
-471 3.26362681388855
-472 3.2685532569885254
-473 3.2727973461151123
-473 3.278902053833008
-474 3.28316068649292
-474 3.2883970737457275
-475 3.2925636768341064
-476 3.298024892807007
-477 3.3021843433380127
-477 3.3072714805603027
-478 3.3112776279449463
-479 3.3163979053497314
-480 3.320763111114502
-480 3.3269340991973877
-481 3.331131935119629
-482 3.3362443447113037
-482 3.3403518199920654
-483 3.3456897735595703
-484 3.3498623371124268
-484 3.3542399406433105
-485 3.3591060638427734
-486 3.3636300563812256
-486 3.3685407638549805
-488 3.372864246368408
-488 3.378976821899414
-489 3.3833539485931396
-489 3.3884518146514893
-490 3.3927066326141357
-491 3.3979671001434326
-492 3.4021189212799072
-492 3.407374382019043
-493 3.411374568939209
-494 3.4164774417877197
-494 3.420665740966797
-495 3.425943374633789
-496 3.4310829639434814
-496 3.436234474182129
-497 3.4405031204223633
-498 3.4458813667297363
-498 3.450047492980957
-499 3.454773187637329
-500 3.459240198135376
-501 3.4637696743011475
-501 3.4686453342437744
-502 3.4728870391845703
-503 3.4781298637390137
-503 3.4833221435546875
-504 3.488407850265503
-505 3.4925286769866943
-505 3.497986316680908
-506 3.5021536350250244
-507 3.507279634475708
-508 3.5112996101379395
-508 3.516414165496826
-509 3.5205063819885254
-510 3.525881052017212
-511 3.5356950759887695
-512 3.5400702953338623
-512 3.544764995574951
-513 3.5496678352355957
-514 3.5540287494659424
-514 3.5591392517089844
-515 3.563783884048462
-516 3.5686724185943604
-516 3.5729000568389893
-518 3.578119993209839
-518 3.5831706523895264
-519 3.588362455368042
-520 3.592519521713257
-520 3.5978145599365234
-521 3.601933240890503
-522 3.607027769088745
-522 3.611039400100708
-523 3.616215705871582
-524 3.6204752922058105
-524 3.625821352005005
-525 3.629955291748047
-526 3.636068105697632
-526 3.640188217163086
-527 3.6452929973602295
-528 3.6493804454803467
-529 3.653963565826416
-529 3.6588969230651855
-530 3.6631526947021484
-531 3.668550968170166
-531 3.672856330871582
-532 3.6782748699188232
-533 3.6833322048187256
-534 3.688460111618042
-534 3.692589044570923
-535 3.6978960037231445
-536 3.702061891555786
-536 3.7071146965026855
-537 3.711123466491699
-538 3.716243028640747
-538 3.720338821411133
-539 3.72566294670105
-540 3.729827642440796
-540 3.7360100746154785
-541 3.740267753601074
-542 3.74534010887146
-543 3.755718946456909
-544 3.7598724365234375
-545 3.7642037868499756
-546 3.7690749168395996
-546 3.773637533187866
-547 3.778582811355591
-548 3.7828409671783447
-548 3.788719415664673
-549 3.792982816696167
-550 3.7983858585357666
-550 3.802546501159668
-551 3.8078811168670654
-552 3.8120293617248535
-552 3.817081928253174
-553 3.821075677871704
-554 3.826204776763916
-555 3.8303818702697754
-556 3.8364579677581787
-556 3.8406894207000732
-557 3.845952272415161
-557 3.850067615509033
-558 3.854769468307495
-559 3.8596434593200684
-560 3.863995313644409
-560 3.8689281940460205
-561 3.873194456100464
-562 3.879007339477539
-563 3.8833940029144287
-563 3.889146327972412
-564 3.8937504291534424
-565 3.8986310958862305
-565 3.9028773307800293
-566 3.90812611579895
-567 3.912290096282959
-567 3.917724847793579
-568 3.921745777130127
-570 3.927093029022217
-570 3.935332775115967
-571 3.940701961517334
-572 3.9459965229034424
-572 3.950284481048584
-573 3.955348491668701
-574 3.9598398208618164
-574 3.964168071746826
-575 3.9690680503845215
-576 3.97365403175354
-576 3.97871994972229
-577 3.983013391494751
-578 3.988995313644409
-578 3.993391990661621
-579 3.998507022857666
-580 4.002777576446533
-580 4.007993698120117
-582 4.01212739944458
-582 4.017213582992554
-583 4.021223068237305
-583 4.026330232620239
-584 4.030456066131592
-585 4.035792589187622
-586 4.041171073913574
-586 4.046266794204712
-587 4.050379037857056
-588 4.055704593658447
-588 4.060004472732544
-589 4.064693450927734
-590 4.069163799285889
-590 4.073742628097534
-591 4.07859206199646
-592 4.082817792892456
-593 4.088104963302612
-593 4.093173503875732
-594 4.098534822463989
-595 4.102774381637573
-595 4.108039617538452
-596 4.112220048904419
-597 4.117300033569336
-597 4.121291160583496
-598 4.126410245895386
-599 4.130495309829712
-600 4.135817050933838
-600 4.140976667404175
-601 4.146118879318237
-602 4.150226354598999
-602 4.155303001403809
-603 4.159820318222046
-604 4.164155006408691
-604 4.169092893600464
-605 4.173635482788086
-606 4.178540229797363
-606 4.182882070541382
-608 4.1882710456848145
-608 4.1936516761779785
-609 4.198554039001465
-610 4.202857971191406
-610 4.208115339279175
-611 4.21224308013916
-612 4.2176995277404785
-612 4.221699237823486
-613 4.226842641830444
-614 4.230959892272949
-614 4.236100196838379
-615 4.240192413330078
-616 4.246245861053467
-616 4.250331401824951
-617 4.255666971206665
-618 4.2597973346710205
-618 4.264148235321045
-619 4.269046783447266
-620 4.273603200912476
-621 4.278711318969727
-621 4.282969236373901
-622 4.288190841674805
-623 4.293150186538696
-623 4.298419952392578
-624 4.3025548458099365
-625 4.308129072189331
-626 4.3123297691345215
-626 4.317795753479004
-627 4.321935176849365
-628 4.3270227909088135
-629 4.335703134536743
-630 4.3401100635528564
-630 4.346265077590942
-631 4.350504398345947
-632 4.355870962142944
-632 4.360174179077148
-633 4.365255117416382
-634 4.369635820388794
-635 4.374009609222412
-635 4.378910779953003
-636 4.3831727504730225
-636 4.388411283493042
-638 4.392544507980347
-638 4.398774862289429
-639 4.403026819229126
-640 4.408261299133301
-640 4.412443161010742
-641 4.417792320251465
-642 4.421938419342041
-642 4.427029609680176
-643 4.431065559387207
-644 4.436204433441162
-644 4.440316200256348
-646 4.4464216232299805
-646 4.450769662857056
-646 4.4560041427612305
-648 4.460275411605835
-648 4.465356111526489
-649 4.469728708267212
-650 4.47409725189209
-650 4.478967189788818
-651 4.483347654342651
-651 4.488497495651245
-652 4.49273157119751
-653 4.498765230178833
-654 4.503010034561157
-654 4.5082244873046875
-655 4.51238489151001
-656 4.517842531204224
-656 4.521997928619385
-657 4.527085542678833
-658 4.531118154525757
-658 4.536227464675903
-659 4.540332317352295
-660 4.545617580413818
-661 4.550654888153076
-661 4.555911064147949
-662 4.560034513473511
-663 4.564745903015137
-663 4.56924843788147
-664 4.573787450790405
-665 4.578858137130737
-666 4.58314061164856
-666 4.5883262157440186
-667 4.592509746551514
-668 4.598524808883667
-668 4.602788209915161
-669 4.6080358028411865
-670 4.612185955047607
-670 4.6172544956207275
-671 4.621287822723389
-672 4.626386880874634
-672 4.6304931640625
-673 4.635869264602661
-674 4.64013934135437
-675 4.645214319229126
-676 4.650396347045898
-676 4.6557183265686035
-677 4.659825325012207
-678 4.664178371429443
-678 4.669055223464966
-679 4.6736180782318115
-680 4.678551197052002
-680 4.6828460693359375
-681 4.688103675842285
-682 4.692278861999512
-682 4.69774603843689
-683 4.702827453613281
-684 4.708235263824463
-685 4.712385416030884
-685 4.717690706253052
-686 4.721686363220215
-687 4.726799726486206
-688 4.73089337348938
-688 4.739734649658203
-689 4.744117975234985
-690 4.750113487243652
-691 4.755262136459351
-691 4.759862899780273
-692 4.764212608337402
-693 4.76907753944397
-694 4.773627996444702
-694 4.7785234451293945
-695 4.782789707183838
-696 4.788017749786377
-696 4.792170524597168
-697 4.7972471714019775
-698 4.802428483963013
-698 4.807716369628906
-699 4.811706781387329
-700 4.817035675048828
-700 4.821073293685913
-701 4.826242208480835
-702 4.830371379852295
-702 4.835684776306152
-703 4.839985370635986
-704 4.844298839569092
-705 4.849187850952148
-706 4.855285167694092
-706 4.859390735626221
-707 4.863977432250977
-708 4.868886709213257
-708 4.873128175735474
-709 4.879101991653442
-710 4.883723497390747
-711 4.88859224319458
-711 4.892849683761597
-712 4.898135185241699
-713 4.90316367149353
-713 4.908366680145264
-714 4.912535190582275
-715 4.917855739593506
-716 4.921985149383545
-716 4.927030563354492
-717 4.93106746673584
-718 4.936228036880493
-718 4.940479040145874
-719 4.945838928222656
-720 4.949960231781006
-720 4.956125497817993
-721 4.960263252258301
-722 4.965353012084961
-722 4.969864130020142
-723 4.975243091583252
-724 4.980006456375122
-725 4.98472261428833
-726 4.989206075668335
-726 4.993782043457031
-727 4.998828411102295
-728 5.004171133041382
-728 5.009111404418945
-729 5.013640403747559
-730 5.018553972244263
-730 5.022781133651733
-731 5.028006315231323
-732 5.03215479850769
-732 5.037225961685181
-733 5.041240215301514
-734 5.046374559402466
-734 5.050494909286499
-735 5.0570549964904785
-736 5.061121463775635
-736 5.066237926483154
-737 5.070323944091797
-738 5.075662136077881
-738 5.079807758331299
-740 5.084140777587891
-740 5.088994741439819
-741 5.093360424041748
-742 5.098616361618042
-743 5.102895498275757
-745 5.116061449050903
-746 5.128809690475464
-748 5.140291213989258
-750 5.152329683303833
-752 5.1627514362335205
-753 5.172462224960327
-754 5.187669515609741
-756 5.192729473114014
-756 5.197998762130737
-757 5.202173709869385
-758 5.2082178592681885
-758 5.212399482727051
-759 5.217696905136108
-760 5.221715211868286
-760 5.227038383483887
-761 5.231088876724243
-762 5.236227750778198
-762 5.2404890060424805
-763 5.245848894119263
-764 5.249984979629517
-765 5.254305601119995
-766 5.260226011276245
-767 5.265344858169556
-768 5.2739927768707275
-768 5.278911590576172
-769 5.283158302307129
-769 5.288346767425537
-770 5.292503356933594
-771 5.298041582107544
-772 5.302206039428711
-772 5.307267665863037
-773 5.312460422515869
-774 5.317767143249512
-774 5.321841239929199
-775 5.3268609046936035
-776 5.3309876918792725
-776 5.336120843887329
-777 5.340224981307983
-778 5.345327615737915
-778 5.349706411361694
-779 5.354074954986572
-780 5.359155178070068
-781 5.365323066711426
-781 5.369664907455444
-782 5.374022006988525
-783 5.378908157348633
-783 5.383183002471924
-784 5.388364791870117
-785 5.392511367797852
-786 5.39779806137085
-786 5.40192437171936
-787 5.407016754150391
-788 5.412144899368286
-788 5.417618274688721
-789 5.421625137329102
-790 5.426738977432251
-790 5.43071722984314
-791 5.435975551605225
-792 5.440087795257568
-793 5.4447853565216064
-793 5.4492621421813965
-794 5.453783988952637
-795 5.45867395401001
-796 5.464031219482422
-796 5.468927621841431
-797 5.473174333572388
-798 5.4785308837890625
-798 5.48276424407959
-799 5.48816180229187
-800 5.492364883422852
-800 5.497655153274536
-801 5.501654148101807
-802 5.506751537322998
-803 5.510717391967773
-803 5.517131567001343
-805 5.5272345542907715
-806 5.531286954879761
-806 5.5401551723480225
-807 5.545303821563721
-808 5.549792528152466
-809 5.554166555404663
-810 5.559192419052124
-810 5.564812421798706
-811 5.569717884063721
-812 5.574100732803345
-812 5.578976392745972
-813 5.583333730697632
-814 5.588428258895874
-814 5.592550992965698
-815 5.598011493682861
-816 5.602189302444458
-816 5.607280731201172
-817 5.611315011978149
-818 5.617895603179932
-819 5.622035026550293
-820 5.627094268798828
-820 5.631136417388916
-820 5.636250734329224
-822 5.6403419971466064
-822 5.645625591278076
-823 5.649785280227661
-824 5.654189109802246
-824 5.6592419147491455
-825 5.6638078689575195
-826 5.669675588607788
-826 5.674022197723389
-827 5.678915977478027
-828 5.683195114135742
-828 5.688373804092407
-829 5.692507743835449
-830 5.697800636291504
-831 5.701959609985352
-831 5.707054138183594
-832 5.7110915184021
-833 5.716216087341309
-833 5.721399784088135
-834 5.726732969284058
-835 5.730718374252319
-835 5.735950231552124
-836 5.740102291107178
-837 5.74479079246521
-838 5.749690532684326
-838 5.75407075881958
-839 5.758938789367676
-840 5.7633216381073
-840 5.769253969192505
-841 5.7738025188446045
-842 5.778828382492065
-842 5.78310489654541
-843 5.788301229476929
-844 5.792473554611206
-844 5.797793388366699
-846 5.801924705505371
-846 5.807021379470825
-846 5.811071395874023
-848 5.816229343414307
-848 5.821719646453857
-849 5.826810121536255
-850 5.830878734588623
-850 5.836005449295044
-851 5.840268135070801
-852 5.845339298248291
-852 5.849702835083008
-853 5.854024410247803
-854 5.8589091300964355
-854 5.863171815872192
-855 5.868358850479126
-856 5.873715877532959
-856 5.879404067993164
-858 5.883974075317383
-858 5.8888936042785645
-858 5.893174648284912
-860 5.8985302448272705
-860 5.90287709236145
-861 5.90812873840332
-862 5.912317514419556
-862 5.917381286621094
-863 5.922449111938477
-864 5.9277918338775635
-864 5.93196964263916
-866 5.940479755401611
-866 5.945844411849976
-867 5.950101852416992
-868 5.954832315444946
-868 5.959844589233398
-869 5.9641807079315186
-870 5.969170331954956
-871 5.975331544876099
-871 5.979644536972046
-872 5.984016418457031
-873 5.988901376724243
-874 5.9931535720825195
-874 5.998356580734253
