0 0.0017421245574951172
-1 0.010521173477172852
-1 0.023480892181396484
-2 0.030568361282348633
-3 0.042223215103149414
-4 0.05044674873352051
-6 0.060243844985961914
-6 0.07051277160644531
-7 0.0775151252746582
-8 0.08221793174743652
-9 0.08669471740722656
-10 0.09123611450195312
-11 0.09614014625549316
-12 0.10039877891540527
-12 0.10580921173095703
-14 0.10995697975158691
-15 0.11527013778686523
-16 0.1251060962677002
-18 0.12913966178894043
-18 0.13448381423950195
-19 0.13851714134216309
-20 0.1436481475830078
-22 0.14787936210632324
-22 0.1532139778137207
-23 0.1573481559753418
-24 0.16170382499694824
-25 0.1667940616607666
-27 0.17136836051940918
-28 0.17733240127563477
-29 0.1816866397857666
-30 0.1867537498474121
-31 0.19134950637817383
-32 0.19625449180603027
-33 0.20054316520690918
-34 0.20574641227722168
-35 0.20992660522460938
-36 0.2153148651123047
-38 0.21946287155151367
-38 0.22468137741088867
-40 0.22991657257080078
-41 0.23522591590881348
-42 0.23936223983764648
-43 0.244462251663208
-44 0.24849581718444824
-45 0.253650426864624
-46 0.25775790214538574
-47 0.2628207206726074
-48 0.2672078609466553
-50 0.2715799808502197
-50 0.27750611305236816
-52 0.2822449207305908
-53 0.2871205806732178
-54 0.29146313667297363
-55 0.29638218879699707
-56 0.30077099800109863
-57 0.3058500289916992
-58 0.30997681617736816
-59 0.31548070907592773
-60 0.31964898109436035
-62 0.3250696659088135
-63 0.3301362991333008
-64 0.3353605270385742
-65 0.3395087718963623
-66 0.3447244167327881
-67 0.3487253189086914
-68 0.3538491725921631
-69 0.3580601215362549
-70 0.3633294105529785
-71 0.3674497604370117
-73 0.37216997146606445
-74 0.3766794204711914
-75 0.3830838203430176
-76 0.3872253894805908
-77 0.39160656929016113
-78 0.3965139389038086
-80 0.40105557441711426
-80 0.4061121940612793
-82 0.41038060188293457
-82 0.41559791564941406
-84 0.4197819232940674
-85 0.4250485897064209
-86 0.4299602508544922
-87 0.43535900115966797
-88 0.43947887420654297
-90 0.444674015045166
-90 0.4486813545227051
-91 0.4538002014160156
-93 0.4579131603240967
-94 0.4633140563964844
-94 0.46759748458862305
-96 0.47270727157592773
-97 0.4768085479736328
-98 0.48279452323913574
-99 0.4871182441711426
-101 0.49145984649658203
-102 0.49634242057800293
-102 0.5006043910980225
-104 0.5057876110076904
-105 0.5099403858184814
-106 0.5152633190155029
-108 0.5235953330993652
-110 0.5280745029449463
-110 0.5346498489379883
-111 0.5386738777160645
-113 0.5437746047973633
-114 0.5481007099151611
-114 0.5533561706542969
-116 0.5574977397918701
-117 0.5622196197509766
-118 0.5667028427124023
-119 0.5713133811950684
-120 0.5763571262359619
-122 0.5817034244537354
-122 0.5867743492126465
-124 0.5913412570953369
-125 0.5962510108947754
-126 0.6005313396453857
-127 0.605736494064331
-128 0.6098871231079102
-129 0.61521315574646
-130 0.6193554401397705
-131 0.6244778633117676
-133 0.6285080909729004
-134 0.6346886157989502
-135 0.6387138366699219
-136 0.6438195705413818
-137 0.6481733322143555
-138 0.6535003185272217
-139 0.657644510269165
-140 0.6627459526062012
-141 0.6670830249786377
-142 0.6714458465576172
-144 0.6763501167297363
-145 0.6807701587677002
-146 0.6865353584289551
-147 0.6911664009094238
-148 0.6961565017700195
-149 0.700432300567627
-150 0.7058179378509521
-151 0.7099959850311279
-152 0.7153234481811523
-154 0.7194716930389404
-155 0.7245206832885742
-156 0.7285659313201904
-157 0.7347712516784668
-158 0.7390544414520264
-159 0.7441763877868652
-160 0.748171329498291
-161 0.7534325122833252
-162 0.7576098442077637
-164 0.7627298831939697
-164 0.7672398090362549
-166 0.7715997695922852
-167 0.7764763832092285
-168 0.7810440063476562
-169 0.7866673469543457
-170 0.7912604808807373
-172 0.7961773872375488
-172 0.8004469871520996
-173 0.805675745010376
-175 0.8098244667053223
-176 0.8151357173919678
-177 0.8192522525787354
-178 0.8245270252227783
-179 0.828561544418335
-180 0.8336658477783203
-182 0.8393216133117676
-183 0.8444640636444092
-184 0.8484768867492676
-184 0.8536436557769775
-186 0.8577640056610107
-187 0.8630950450897217
-188 0.8672206401824951
-189 0.8715686798095703
-190 0.8765480518341064
-192 0.8811407089233398
-192 0.8872456550598145
-194 0.8916165828704834
-195 0.8964993953704834
-196 0.9010777473449707
-197 0.906583309173584
-198 0.9111707210540771
-199 0.9160566329956055
-201 0.9203393459320068
-202 0.928764820098877
-204 0.9338788986206055
-205 0.939549446105957
-206 0.9451344013214111
-207 0.9491317272186279
-208 0.9544761180877686
-209 0.958491325378418
-210 0.9636600017547607
-212 0.9679379463195801
-212 0.9733221530914307
-213 0.9774541854858398
-215 0.9822144508361816
-216 0.9867031574249268
-217 0.993072509765625
-218 0.9972198009490967
-220 1.0015881061553955
-220 1.00663161277771
-222 1.0112125873565674
-223 1.0161492824554443
-224 1.0204153060913086
-224 1.0256543159484863
-226 1.0298290252685547
-227 1.0351262092590332
-228 1.0399751663208008
-229 1.0453593730926514
-230 1.049532175064087
-232 1.0546066761016846
-232 1.0586073398590088
-234 1.0637636184692383
-235 1.0681228637695312
-236 1.0733861923217773
-236 1.0775117874145508
-238 1.0822129249572754
-240 1.086712121963501
-240 1.0930514335632324
-241 1.0973870754241943
-243 1.1017124652862549
-244 1.1065895557403564
-245 1.1111860275268555
-246 1.116065502166748
-247 1.1203489303588867
-248 1.1257350444793701
-249 1.1299054622650146
-250 1.1352009773254395
-252 1.1394391059875488
-252 1.1455962657928467
-254 1.14979887008667
-255 1.1551132202148438
-256 1.1591310501098633
-257 1.1642441749572754
-258 1.168388843536377
-259 1.1735098361968994
-260 1.1776604652404785
-261 1.1827640533447266
-263 1.1872813701629639
-264 1.1934409141540527
-264 1.1975622177124023
-266 1.202683687210083
-267 1.2067759037017822
-268 1.2113587856292725
-269 1.2162888050079346
-270 1.2205610275268555
-272 1.2259411811828613
-272 1.2302212715148926
-274 1.2354490756988525
-275 1.2396156787872314
-276 1.245849609375
-277 1.2499802112579346
-278 1.2553672790527344
-280 1.2595438957214355
-280 1.2646448612213135
-281 1.268686294555664
-282 1.273789405822754
-284 1.277907133102417
-285 1.2832386493682861
-286 1.2874035835266113
-287 1.291733980178833
-289 1.2975895404815674
-290 1.3047218322753906
-291 1.3087372779846191
-292 1.313857078552246
-293 1.3183414936065674
-296 1.3281288146972656
-296 1.333399772644043
-298 1.3377010822296143
-299 1.3427863121032715
-300 1.3481779098510742
-301 1.353435754776001
-302 1.3578078746795654
-303 1.3631482124328613
-304 1.367462158203125
-306 1.372175693511963
-306 1.3766381740570068
-308 1.38120436668396
-309 1.3860752582550049
-310 1.3903212547302246
-311 1.3962907791137695
-312 1.4005658626556396
-313 1.4057643413543701
-314 1.409928560256958
-316 1.415222406387329
-317 1.4193642139434814
-318 1.4246251583099365
-319 1.4286518096923828
-320 1.4337761402130127
-321 1.437861442565918
-322 1.4431989192962646
-323 1.4483850002288818
-324 1.4535472393035889
-326 1.4576678276062012
-327 1.462778091430664
-328 1.467106580734253
-329 1.4714338779449463
-330 1.4773309230804443
-331 1.4816899299621582
-332 1.4867594242095947
-334 1.491333246231079
-334 1.4972915649414062
-336 1.5016906261444092
-337 1.5065855979919434
-338 1.5111596584320068
-339 1.5160300731658936
-340 1.5202698707580566
-341 1.5255446434020996
-342 1.5297496318817139
-344 1.5350408554077148
-345 1.5390849113464355
-346 1.544342041015625
-347 1.5496842861175537
-348 1.5547900199890137
-349 1.5587818622589111
-350 1.563870906829834
-351 1.568068265914917
-352 1.5733399391174316
-353 1.5774672031402588
-354 1.5821912288665771
-356 1.5866808891296387
-357 1.5912225246429443
-358 1.596149206161499
-359 1.601552963256836
-360 1.6065635681152344
-362 1.6111860275268555
-362 1.6162595748901367
-364 1.620518684387207
-364 1.6257212162017822
-366 1.629873275756836
-367 1.6351737976074219
-368 1.6393368244171143
-369 1.644453525543213
-370 1.6495866775512695
-372 1.6547038555145264
-372 1.6587276458740234
-374 1.6638495922088623
-375 1.6683320999145508
-376 1.6734998226165771
-377 1.6776294708251953
-378 1.6827564239501953
-379 1.6870861053466797
-380 1.691453456878662
-381 1.696361780166626
-382 1.7017097473144531
-384 1.7065894603729248
-386 1.7172117233276367
-388 1.7216122150421143
-389 1.7305359840393066
-390 1.7359089851379395
-391 1.74013352394104
-392 1.7457094192504883
-394 1.7510759830474854
-395 1.756171703338623
-396 1.760434627532959
-397 1.7656714916229248
-398 1.769822359085083
-399 1.7751238346099854
-401 1.7791240215301514
-402 1.7844784259796143
-402 1.7884917259216309
-404 1.7936418056488037
-406 1.7978150844573975
-406 1.8042268753051758
-407 1.8083233833312988
-408 1.813472032546997
-410 1.817620038986206
-410 1.8227150440216064
-412 1.827066421508789
-413 1.831455945968628
-414 1.8363428115844727
-415 1.8407301902770996
-416 1.8460156917572021
-418 1.8502681255340576
-418 1.8562970161437988
-420 1.860558032989502
-420 1.8657491207122803
-422 1.8699250221252441
-423 1.8753859996795654
-424 1.8795537948608398
-425 1.8846793174743652
-426 1.8887059688568115
-427 1.8938205242156982
-428 1.898054599761963
-430 1.9052252769470215
-431 1.9093906879425049
-432 1.9145023822784424
-433 1.9185101985931396
-434 1.9236671924591064
-435 1.9278156757354736
-436 1.9331507682800293
-437 1.937291145324707
-438 1.9416627883911133
-440 1.946559190750122
-441 1.951174259185791
-442 1.9567365646362305
-443 1.9613289833068848
-444 1.9663894176483154
-445 1.9707720279693604
-446 1.9758970737457275
-447 1.9801340103149414
-448 1.985367774963379
-450 1.9895281791687012
-450 1.9946434497833252
-452 1.9986648559570312
-453 2.0038230419158936
-454 2.0094354152679443
-455 2.0144948959350586
-456 2.018542766571045
-457 2.023679256439209
-458 2.0280544757843018
-460 2.033313035964966
-460 2.037419319152832
-462 2.0417263507843018
-463 2.0465810298919678
-464 2.05120849609375
-465 2.0571205615997314
-466 2.0614938735961914
-467 2.0663959980010986
-468 2.070786714553833
-469 2.075876235961914
-470 2.080137252807617
-472 2.0855610370635986
-473 2.089737892150879
-474 2.094789981842041
-475 2.098764657974243
-476 2.103863000869751
-478 2.109367847442627
-478 2.1144418716430664
-480 2.118485689163208
-481 2.1236305236816406
-483 2.1316871643066406
-484 2.136814594268799
-485 2.1413769721984863
-486 2.1465365886688232
-488 2.151148557662964
-488 2.1561696529388428
-490 2.1614646911621094
-491 2.1663527488708496
-492 2.17060923576355
-492 2.175760507583618
-494 2.17990779876709
-495 2.185204267501831
-496 2.189413070678711
-497 2.1944732666015625
-498 2.1984832286834717
-499 2.2036430835723877
-501 2.209165334701538
-502 2.2142629623413086
-503 2.2183525562286377
-504 2.2234907150268555
-505 2.2276110649108887
-506 2.2327067852020264
-507 2.2368032932281494
-508 2.2414329051971436
-509 2.2463250160217285
-510 2.2506020069122314
-512 2.2558038234710693
-513 2.261054515838623
-514 2.2661259174346924
-515 2.270402669906616
-516 2.2756214141845703
-517 2.2797861099243164
-518 2.285047769546509
-520 2.289050579071045
-520 2.2941548824310303
-522 2.2981865406036377
-522 2.3034238815307617
-524 2.307565212249756
-525 2.3136284351348877
-526 2.3177125453948975
-527 2.3228023052215576
-528 2.3274190425872803
-530 2.3321874141693115
-530 2.336683988571167
-532 2.3412740230560303
-533 2.3461732864379883
-534 2.3504412174224854
-534 2.355696439743042
-536 2.3610305786132812
-537 2.3659746646881104
-538 2.370203971862793
-539 2.375600576400757
-540 2.3797998428344727
-542 2.3852522373199463
-543 2.3893697261810303
-544 2.394620895385742
-545 2.3986384868621826
-546 2.4037294387817383
-547 2.407841444015503
-548 2.4141757488250732
-549 2.4181859493255615
-550 2.4234249591827393
-551 2.4275717735290527
-553 2.432655096054077
-554 2.436793327331543
-555 2.4413535594940186
-556 2.446408987045288
-557 2.4507827758789062
-558 2.4559011459350586
-560 2.4601316452026367
-560 2.4661641120910645
-562 2.470417022705078
-562 2.4756369590759277
-564 2.4798011779785156
-565 2.4850971698760986
-566 2.489107847213745
-567 2.4942140579223633
-568 2.4983110427856445
-569 2.5034589767456055
-570 2.5077099800109863
-571 2.513658046722412
-573 2.517832040786743
-574 2.5231618881225586
-576 2.531419038772583
-577 2.5364811420440674
-578 2.54105806350708
-579 2.546130657196045
-580 2.55039381980896
-581 2.555746555328369
-583 2.559922218322754
-584 2.566154718399048
-585 2.570430278778076
-586 2.5756382942199707
-587 2.5798122882843018
-588 2.585088014602661
-590 2.589078426361084
-590 2.594177484512329
-591 2.598167657852173
-592 2.6034202575683594
-593 2.6075518131256104
-594 2.612626314163208
-596 2.6177597045898438
-597 2.623129367828369
-598 2.627464771270752
-599 2.6321611404418945
-600 2.6366689205169678
-602 2.6412150859832764
-602 2.64608097076416
-604 2.6503279209136963
-604 2.6557071208953857
-606 2.6598682403564453
-607 2.665168523788452
-608 2.6701815128326416
-609 2.6754143238067627
-610 2.6795501708984375
-612 2.684821605682373
-613 2.689051866531372
-614 2.6941938400268555
-615 2.698164701461792
-616 2.7034029960632324
-616 2.7075445652008057
-618 2.712632656097412
-619 2.7178072929382324
-620 2.7231504917144775
-621 2.727287769317627
-622 2.7316436767578125
-624 2.7365520000457764
-625 2.7411677837371826
-626 2.746210813522339
-627 2.7504827976226807
-628 2.7557289600372314
-629 2.7598695755004883
-630 2.765198230743408
-631 2.7702858448028564
-632 2.7755818367004395
-634 2.779747247695923
-635 2.785264492034912
-636 2.789409875869751
-637 2.7944657802581787
-638 2.798515796661377
-639 2.803652763366699
-640 2.8079142570495605
-641 2.813264846801758
-642 2.8183460235595703
-644 2.823554515838623
-645 2.8276734352111816
-646 2.832766532897949
-647 2.837103843688965
-648 2.8414437770843506
-649 2.846346378326416
-650 2.8507649898529053
-651 2.8558976650238037
-652 2.860133647918701
-654 2.865556478500366
-655 2.870562791824341
-656 2.8757879734039307
-657 2.87992525100708
-658 2.8852062225341797
-659 2.889350652694702
-660 2.894444227218628
-661 2.8984665870666504
-662 2.904538631439209
-664 2.9085652828216553
-664 2.913719654083252
-666 2.918076753616333
-668 2.924487829208374
-669 2.933148145675659
-670 2.9374284744262695
-672 2.9421536922454834
-672 2.947059154510498
-674 2.95143985748291
-675 2.956505060195923
-676 2.960813283920288
-676 2.9659388065338135
-678 2.971318006515503
-680 2.9762392044067383
-680 2.9804887771606445
-681 2.985893964767456
-683 2.990025758743286
-684 2.99538254737854
-685 2.9995296001434326
-686 3.0046262741088867
-687 3.008653163909912
-688 3.0137827396392822
-690 3.0178685188293457
-691 3.024223804473877
-692 3.0283126831054688
-692 3.0334408283233643
-694 3.0375568866729736
-695 3.0426621437072754
-696 3.0472280979156494
-697 3.0515713691711426
-698 3.056467294692993
-699 3.0610358715057373
-700 3.0659804344177246
-702 3.0702435970306396
-703 3.07627010345459
-704 3.080533504486084
-704 3.085714817047119
-706 3.089876413345337
-707 3.095200538635254
-708 3.0993988513946533
-709 3.1046242713928223
-710 3.1086578369140625
-711 3.1137659549713135
-712 3.1178572177886963
-714 3.1241614818573
-715 3.128161907196045
-716 3.133404493331909
-717 3.137544631958008
-718 3.1426212787628174
-719 3.1467621326446533
-720 3.1513750553131104
-721 3.1563165187835693
-722 3.160583257675171
-724 3.1659553050994873
-725 3.1701900959014893
-726 3.1763510704040527
-727 3.180734634399414
-728 3.185802936553955
-729 3.1899330615997314
-730 3.1952245235443115
-732 3.199348211288452
-732 3.204465389251709
-734 3.2085139751434326
-734 3.2136785984039307
-736 3.2177956104278564
-737 3.2231345176696777
-738 3.2283082008361816
-739 3.233482599258423
-740 3.2375919818878174
-741 3.242770195007324
-742 3.247110366821289
-744 3.2514560222625732
-744 3.2563729286193848
-746 3.2607765197753906
-746 3.265873432159424
-748 3.270014762878418
-749 3.276085376739502
-750 3.280390977859497
-751 3.285743236541748
-752 3.2899155616760254
-754 3.295236349105835
-755 3.299349069595337
-756 3.304593563079834
-757 3.308589220046997
-758 3.3136935234069824
-759 3.317805290222168
-760 3.3231446743011475
-762 3.3331491947174072
-763 3.3374462127685547
-765 3.3421926498413086
-766 3.3471808433532715
-767 3.3515336513519287
-768 3.3565266132354736
-769 3.36108136177063
-770 3.3660056591033936
-771 3.370215892791748
-773 3.3754255771636963
-774 3.380504846572876
-774 3.385709762573242
-776 3.3898987770080566
-777 3.3952198028564453
-779 3.405440330505371
-780 3.409648895263672
-782 3.4147112369537354
-782 3.418727159500122
-783 3.4238579273223877
-785 3.4293417930603027
-786 3.4346296787261963
-787 3.4386541843414307
-788 3.443765640258789
-789 3.4478652477264404
-790 3.453213930130005
-791 3.4573633670806885
-793 3.461714029312134
-794 3.4667489528656006
-795 3.471346139907837
-796 3.4762542247772217
-797 3.4816396236419678
-798 3.486557960510254
-800 3.4911749362945557
-801 3.4961419105529785
-802 3.500403881072998
-802 3.505650758743286
-804 3.5098040103912354
-805 3.515094041824341
-806 3.5191128253936768
-807 3.5243582725524902
-808 3.5284934043884277
-810 3.534799098968506
-810 3.5388119220733643
-812 3.5441014766693115
-813 3.548095464706421
-814 3.5533618927001953
-814 3.5574862957000732
-816 3.5622081756591797
-817 3.5671091079711914
-818 3.5714540481567383
-819 3.5763742923736572
-820 3.582155704498291
-822 3.5868074893951416
-823 3.5914409160614014
-824 3.5963332653045654
-825 3.600618839263916
-826 3.6057941913604736
-827 3.609945774078369
-828 3.6152472496032715
-830 3.619394063949585
-830 3.6244430541992188
-832 3.628493547439575
-833 3.6346988677978516
-834 3.638726234436035
-835 3.6438522338867188
-836 3.6481943130493164
-837 3.653472661972046
-838 3.6575839519500732
-839 3.662668228149414
-840 3.66676926612854
-842 3.6713809967041016
-842 3.6763267517089844
-844 3.680591583251953
-845 3.6865036487579346
-846 3.6910743713378906
-847 3.6961302757263184
-848 3.700411796569824
-849 3.7057645320892334
-850 3.7099263668060303
-852 3.715233564376831
-853 3.7193591594696045
-854 3.7244820594787598
-856 3.7285144329071045
-857 3.7381529808044434
-858 3.743417263031006
-859 3.747676372528076
-860 3.752774477005005
-861 3.757298707962036
-862 3.7616384029388428
-864 3.7666704654693604
-865 3.771218776702881
-866 3.776092290878296
-867 3.780369520187378
-868 3.7863495349884033
-869 3.7907347679138184
-870 3.795813798904419
-872 3.7999658584594727
-872 3.80534029006958
-874 3.8094472885131836
-875 3.814541816711426
-876 3.81856632232666
-876 3.8236851692199707
-878 3.828061819076538
-879 3.83337664604187
-880 3.838510751724243
-881 3.843644857406616
-883 3.8478100299835205
-884 3.8531136512756348
-884 3.857229232788086
-886 3.8615877628326416
-887 3.866471529006958
-888 3.870804786682129
-889 3.875908851623535
-890 3.880031108856201
-892 3.8854944705963135
-892 3.8905813694000244
-893 3.8958065509796143
-895 3.8999550342559814
-896 3.905855655670166
-897 3.9099831581115723
-898 3.9153358936309814
-899 3.9194869995117188
-900 3.924574375152588
-901 3.9285953044891357
-903 3.933711528778076
-904 3.9391021728515625
-905 3.9444940090179443
-906 3.9485232830047607
-907 3.9536545276641846
-908 3.958035945892334
-909 3.9632833003997803
-910 3.9673988819122314
-912 3.972109794616699
-912 3.977263927459717
-914 3.9826598167419434
-915 3.9867610931396484
-916 3.9931130409240723
-917 3.997272491455078
-918 4.001611709594727
-920 4.006648778915405
-921 4.011204242706299
-922 4.016153335571289
-923 4.020408391952515
-924 4.025660753250122
-925 4.029816627502441
-926 4.035115480422974
-927 4.040031909942627
-928 4.045375108718872
-930 4.049526929855347
-931 4.055076599121094
-932 4.059078693389893
-933 4.064338207244873
-934 4.0684239864349365
-935 4.0735414028167725
-936 4.077664852142334
-937 4.082762241363525
-938 4.087256669998169
-940 4.09341287612915
-940 4.09754204750061
-942 4.102219104766846
-943 4.106689453125
-944 4.1113057136535645
-945 4.116217136383057
-946 4.12049674987793
-947 4.125844955444336
-949 4.129952669143677
-951 4.1384570598602295
-952 4.145094871520996
-953 4.149104356765747
-954 4.154462575912476
-955 4.158468008041382
-956 4.163626432418823
-957 4.167858839035034
-958 4.173186779022217
-959 4.1773622035980225
-960 4.181700706481934
-962 4.186767101287842
-963 4.193132638931274
-964 4.197272062301636
-965 4.201606750488281
-966 4.206520080566406
-968 4.211063861846924
-968 4.216163396835327
-969 4.220433950424194
-970 4.225664854049683
-972 4.229825496673584
-972 4.235127210617065
-974 4.239129304885864
-975 4.245515823364258
-976 4.249677419662476
-977 4.254748344421387
-978 4.258753776550293
-979 4.263852119445801
-980 4.268031597137451
-981 4.273323059082031
-982 4.2774434089660645
-984 4.282171964645386
-985 4.286669731140137
-987 4.291203022003174
-988 4.301111459732056
-989 4.306146860122681
-990 4.310396909713745
-991 4.315603256225586
-992 4.3197808265686035
-994 4.32517409324646
-995 4.32915186882019
-996 4.3342273235321045
-997 4.338199615478516
-998 4.343433856964111
-999 4.348613500595093
-1000 4.353747367858887
-1002 4.357861042022705
-1002 4.3632025718688965
-1003 4.367494583129883
-1005 4.3722124099731445
-1006 4.376699447631836
-1007 4.38133430480957
-1008 4.3862316608428955
-1009 4.390488147735596
-1010 4.396399259567261
-1011 4.400793075561523
-1012 4.405938386917114
-1014 4.4102699756622314
-1014 4.415535926818848
-1016 4.419694662094116
-1017 4.4251649379730225
-1018 4.429154872894287
-1019 4.434262990951538
-1020 4.438385486602783
-1022 4.443545341491699
-1022 4.448724746704102
-1024 4.453843116760254
-1026 4.459871053695679
-1027 4.466812372207642
-1028 4.472654819488525
-1029 4.4772045612335205
-1030 4.481564283370972
-1031 4.486609697341919
-1033 4.49118971824646
-1034 4.496081113815308
-1035 4.501441478729248
-1036 4.506360769271851
-1037 4.510724782943726
-1038 4.515805006027222
-1039 4.5199480056762695
-1040 4.525253534317017
-1042 4.529430150985718
-1044 4.537877798080444
-1044 4.543269634246826
-1046 4.548544645309448
-1047 4.553675651550293
-1048 4.557934999465942
-1049 4.563308000564575
-1050 4.567571401596069
-1051 4.57267689704895
-1052 4.576804161071777
-1054 4.581380128860474
-1055 4.586330890655518
-1056 4.590602874755859
-1057 4.595814943313599
-1058 4.6012022495269775
-1059 4.606287002563477
-1060 4.610540390014648
-1061 4.615787029266357
-1062 4.619954824447632
-1064 4.625255346298218
-1065 4.629384994506836
-1066 4.634458303451538
-1067 4.638489723205566
-1068 4.643637180328369
-1069 4.647825241088867
-1070 4.653823614120483
-1072 4.657926082611084
-1072 4.663259983062744
-1073 4.66756796836853
-1075 4.672602891921997
-1076 4.676767587661743
-1077 4.6813108921051025
-1078 4.68621563911438
-1079 4.690475225448608
-1080 4.695681095123291
-1081 4.700589418411255
-1082 4.705809116363525
-1084 4.709944486618042
-1084 4.715274810791016
-1086 4.719414710998535
-1087 4.7246363162994385
-1088 4.728663682937622
-1089 4.733794689178467
-1090 4.738142967224121
-1091 4.743396282196045
-1092 4.747538089752197
-1093 4.753686904907227
-1095 4.757784605026245
-1096 4.763153553009033
-1096 4.76727557182312
-1098 4.771613359451294
-1099 4.776510953903198
-1100 4.78104829788208
-1101 4.786125183105469
-1102 4.790397644042969
-1103 4.79563307762146
-1104 4.799790143966675
-1106 4.805907964706421
-1107 4.8101420402526855
-1108 4.815419912338257
-1109 4.8195836544036865
-1110 4.8246800899505615
-1111 4.828685760498047
-1112 4.833803415298462
-1114 4.837928295135498
-1114 4.843311071395874
-1115 4.847609758377075
-1117 4.853717088699341
-1118 4.857801914215088
-1119 4.863105773925781
-1120 4.86738133430481
-1121 4.872112035751343
-1122 4.876602649688721
-1124 4.881170272827148
-1125 4.886042594909668
-1126 4.890270471572876
-1126 4.895552158355713
-1128 4.8997156620025635
-1129 4.906435489654541
-1130 4.910791873931885
-1131 4.915904760360718
-1132 4.920031547546387
-1134 4.9254302978515625
-1135 4.9295971393585205
-1137 4.9383323192596436
-1138 4.943523168563843
-1139 4.947782754898071
-1140 4.953145742416382
-1141 4.9583845138549805
-1142 4.963531970977783
-1144 4.967866897583008
-1144 4.973226308822632
-1146 4.977398633956909
-1147 4.981731414794922
-1148 4.986583948135376
-1149 4.991182565689087
-1150 4.996233940124512
-1152 5.0005059242248535
-1152 5.006482124328613
-1154 5.011053562164307
-1155 5.015980005264282
-1156 5.020244121551514
-1157 5.0256664752960205
-1158 5.029828071594238
-1159 5.035179853439331
-1160 5.039250373840332
-1162 5.044275283813477
-1162 5.048402547836304
-1164 5.053542613983154
-1165 5.058776140213013
-1166 5.063879489898682
-1167 5.0680835247039795
-1168 5.073339462280273
-1169 5.077495336532593
-1170 5.08220648765564
-1172 5.093219041824341
-1174 5.0973734855651855
-1175 5.101706504821777
-1176 5.107613801956177
-1177 5.112793684005737
-1178 5.1171770095825195
-1180 5.121550798416138
-1180 5.126567602157593
-1182 5.131162166595459
-1183 5.1360743045806885
-1184 5.140323638916016
-1185 5.145742893218994
-1186 5.1499247550964355
-1187 5.155238151550293
-1188 5.1601574420928955
-1189 5.165407657623291
-1191 5.169598579406738
-1192 5.1746985912323
-1193 5.178693771362305
-1194 5.183800220489502
-1195 5.187872409820557
-1196 5.1932213306427
-1197 5.197419166564941
-1198 5.202146291732788
-1200 5.206812143325806
-1200 5.213210582733154
-1202 5.2173755168914795
-1203 5.221730709075928
-1204 5.226600646972656
-1205 5.2311811447143555
-1206 5.2360618114471436
-1207 5.240336179733276
-1208 5.245589971542358
-1210 5.249774694442749
-1210 5.255272150039673
-1212 5.260294675827026
-1213 5.265733480453491
-1214 5.269911527633667
-1215 5.275252342224121
-1216 5.279421806335449
-1217 5.284480571746826
-1218 5.2884681224823
-1220 5.29363489151001
-1220 5.298571825027466
-1222 5.30367636680603
-1223 5.307780742645264
-1224 5.313888311386108
-1225 5.318109750747681
-1226 5.323374032974243
-1228 5.327697515487671
-1230 5.3328022956848145
-1231 5.3410725593566895
-1232 5.346168518066406
-1233 5.350444078445435
-1234 5.355808258056641
-1236 5.361104726791382
-1236 5.366181373596191
-1238 5.370445966720581
-1238 5.375659465789795
-1240 5.379835605621338
-1241 5.385318994522095
-1242 5.389488220214844
-1243 5.394564390182495
-1244 5.398576498031616
-1245 5.403691291809082
-1246 5.407811880111694
-1248 5.413870573043823
-1248 5.418092727661133
-1250 5.423349857330322
-1250 5.427480220794678
-1252 5.432186603546143
-1253 5.436672925949097
-1254 5.441239595413208
-1255 5.446358919143677
-1256 5.450746059417725
-1257 5.455817461013794
-1259 5.459951400756836
-1260 5.465991735458374
-1261 5.470241546630859
-1262 5.475499629974365
-1263 5.4796669483184814
-1264 5.484741926193237
-1265 5.4887535572052
-1266 5.493846654891968
-1267 5.49808669090271
-1268 5.503332853317261
-1269 5.50760293006897
-1270 5.512694358825684
-1272 5.5178542137146
-1273 5.523198127746582
-1274 5.52738094329834
-1275 5.531700611114502
-1276 5.536553144454956
-1278 5.541125297546387
-1278 5.546000242233276
-1280 5.550224542617798
-1280 5.555460453033447
-1282 5.559625625610352
-1283 5.56586217880249
-1284 5.569976091384888
-1285 5.5753068923950195
-1286 5.579444169998169
-1287 5.584523677825928
-1288 5.588497877120972
-1289 5.5936243534088135
-1290 5.597703456878662
-1292 5.602755784988403
-1292 5.607077360153198
-1294 5.611467123031616
-1295 5.617356300354004
-1296 5.621701240539551
-1297 5.626741170883179
-1298 5.631333112716675
-1299 5.636239528656006
-1300 5.640527963638306
-1301 5.645905494689941
-1303 5.65013575553894
-1304 5.655394792556763
-1305 5.659552574157715
-1306 5.664656400680542
-1307 5.669885635375977
-1308 5.675184011459351
-1310 5.679267168045044
-1310 5.684505224227905
-1312 5.688534498214722
-1312 5.693669080734253
-1314 5.697753190994263
-1315 5.70305323600769
-1316 5.707166433334351
-1317 5.71147894859314
-1318 5.717456579208374
-1320 5.722168684005737
-1320 5.7266504764556885
-1322 5.731224536895752
-1324 5.73980975151062
-1324 5.74543833732605
-1326 5.749600887298584
-1327 5.75481104850769
-1328 5.7588183879852295
-1329 5.76427435874939
-1331 5.769576072692871
-1332 5.775060415267944
-1333 5.779080867767334
-1334 5.784181356430054
-1335 5.788149833679199
-1336 5.793400049209595
-1337 5.797521352767944
-1338 5.802243232727051
-1339 5.807137489318848
-1340 5.811507225036621
-1341 5.816365480422974
-1343 5.821743011474609
-1344 5.82657527923584
-1345 5.8311638832092285
-1346 5.8360373973846436
-1347 5.8402650356292725
-1348 5.845552206039429
-1349 5.8497278690338135
-1350 5.854822397232056
-1351 5.859071731567383
-1352 5.864311218261719
-1354 5.869462013244629
-1355 5.874541521072388
-1356 5.878557443618774
-1357 5.883685350418091
-1358 5.887799024581909
-1359 5.893105745315552
-1360 5.89722752571106
-1362 5.90158224105835
-1362 5.907489061355591
-1364 5.912221670150757
-1365 5.916694402694702
-1366 5.922755241394043
-1367 5.927251577377319
-1368 5.931627988815308
-1369 5.936534881591797
-1371 5.941139459609985
-1372 5.946035146713257
-1372 5.950245380401611
-1374 5.955508708953857
-1375 5.959659814834595
-1376 5.964756727218628
-1377 5.968771457672119
-1378 5.975274085998535
-1380 5.979434251785278
-1380 5.984638452529907
-1382 5.9886744022369385
-1382 5.993811368942261
-1384 5.997909784317017
