0 0.005732059478759766
0 0.01478886604309082
-1 0.0254209041595459
-2 0.03297781944274902
-5 0.04283952713012695
-6 0.06140708923339844
-7 0.06542372703552246
-8 0.07199907302856445
-9 0.07620811462402344
-10 0.0815424919128418
-11 0.0856776237487793
-12 0.09076142311096191
-13 0.09476613998413086
-14 0.0999453067779541
-15 0.10412383079528809
-16 0.10946321487426758
-18 0.1136007308959961
-19 0.11795616149902344
-21 0.12394285202026367
-22 0.12907671928405762
-23 0.13367128372192383
-24 0.13803648948669434
-26 0.142913818359375
-28 0.1474919319152832
-29 0.15262413024902344
-30 0.1569046974182129
-31 0.16214537620544434
-33 0.16629648208618164
-34 0.17166447639465332
-36 0.17676186561584473
-37 0.1819922924041748
-39 0.18618297576904297
-40 0.19163823127746582
-42 0.1957707405090332
-43 0.20084786415100098
-44 0.204880952835083
-46 0.21000885963439941
-48 0.21410608291625977
-49 0.2194983959197998
-50 0.22468829154968262
-52 0.22984600067138672
-54 0.2339787483215332
-55 0.23907852172851562
-56 0.24346256256103516
-58 0.24784445762634277
-59 0.2528553009033203
-61 0.2574186325073242
-62 0.2623453140258789
-64 0.26659631729125977
-66 0.2718973159790039
-68 0.27707386016845703
-69 0.2823007106781006
-70 0.28652381896972656
-71 0.2917516231536865
-73 0.29593873023986816
-74 0.3010377883911133
-76 0.3050405979156494
-78 0.31014490127563477
-79 0.31447577476501465
-82 0.32341456413269043
-83 0.32955241203308105
-85 0.3338353633880615
-86 0.33852052688598633
-88 0.34337830543518066
-90 0.3477311134338379
-91 0.35285019874572754
-93 0.3574187755584717
-94 0.3623068332672119
-96 0.3665437698364258
-97 0.37192630767822266
-98 0.377077579498291
-100 0.38218212127685547
-102 0.38629961013793945
-103 0.3916616439819336
-105 0.39583849906921387
-106 0.4009535312652588
-108 0.40500736236572266
-110 0.4101297855377197
-111 0.41446924209594727
-112 0.41973304748535156
-114 0.42386817932128906
-115 0.4300191402435303
-117 0.4344017505645752
-118 0.4396483898162842
-120 0.4438180923461914
-122 0.4485292434692383
-123 0.45299744606018066
-125 0.45760130882263184
-126 0.46252942085266113
-127 0.46678900718688965
-128 0.4720609188079834
-131 0.4762229919433594
-132 0.4830491542816162
-134 0.4876596927642822
-136 0.4926900863647461
-137 0.49706339836120605
-138 0.5021219253540039
-140 0.5062541961669922
-141 0.5115692615509033
-143 0.5156772136688232
-144 0.5207600593566895
-146 0.5247650146484375
-148 0.5309696197509766
-149 0.534970760345459
-151 0.5400998592376709
-152 0.5444490909576416
-153 0.5496687889099121
-155 0.5539851188659668
-156 0.5590717792510986
-158 0.5634284019470215
-160 0.5677852630615234
-161 0.5726780891418457
-163 0.577085018157959
-164 0.582939863204956
-166 0.5875177383422852
-168 0.5924108028411865
-169 0.5966992378234863
-170 0.6019103527069092
-172 0.606102705001831
-173 0.6115567684173584
-175 0.6156976222991943
-176 0.6207754611968994
-178 0.6248228549957275
-180 0.6310594081878662
-181 0.635094404220581
-182 0.6401705741882324
-184 0.6443872451782227
-185 0.6497187614440918
-186 0.6538670063018799
-188 0.6589629650115967
-190 0.6631112098693848
-192 0.6676764488220215
-193 0.6727712154388428
-195 0.677130937576294
-196 0.6829550266265869
-198 0.6875226497650146
-199 0.692420244216919
-200 0.6966867446899414
-202 0.7019228935241699
-204 0.706110954284668
-205 0.711397647857666
-207 0.7153933048248291
-210 0.7240159511566162
-211 0.729133129119873
-213 0.734684944152832
-214 0.7398254871368408
-216 0.7440862655639648
-217 0.7494046688079834
-218 0.7536969184875488
-220 0.7584290504455566
-222 0.7629210948944092
-224 0.7674906253814697
-225 0.7723662853240967
-226 0.7766010761260986
-228 0.7825977802276611
-230 0.7869381904602051
-231 0.7922842502593994
-232 0.7965354919433594
-234 0.8019375801086426
-236 0.8060939311981201
-237 0.8113894462585449
-239 0.815436601638794
-240 0.8205304145812988
-241 0.8246352672576904
-243 0.8297748565673828
-244 0.8349614143371582
-246 0.8401005268096924
-248 0.8442203998565674
-249 0.8495523929595947
-250 0.8538339138031006
-252 0.8585355281829834
-254 0.8630192279815674
-255 0.8676044940948486
-256 0.8725147247314453
-258 0.8767943382263184
-260 0.8820524215698242
-261 0.887122631072998
-263 0.8922679424285889
-264 0.8965983390808105
-266 0.9018690586090088
-267 0.9060482978820801
-269 0.9115042686462402
-270 0.9156265258789062
-272 0.9206094741821289
-273 0.9247562885284424
-275 0.9309697151184082
-277 0.9361717700958252
-278 0.941478967666626
-280 0.9454677104949951
-282 0.9505798816680908
-283 0.9547109603881836
-284 0.9598419666290283
-286 0.963958740234375
-287 0.9690628051757812
-288 0.973590612411499
-290 0.9779436588287354
-292 0.9828472137451172
-294 0.9885265827178955
-295 0.993013858795166
-297 0.9976010322570801
-298 1.0025269985198975
-299 1.0068209171295166
-300 1.0120272636413574
-302 1.016204833984375
-304 1.0215072631835938
-306 1.0257186889648438
-307 1.0309455394744873
-309 1.0349972248077393
-310 1.0411150455474854
-311 1.0451154708862305
-313 1.0504205226898193
-314 1.0544238090515137
-316 1.059659481048584
-318 1.0639536380767822
-319 1.0690665245056152
-320 1.0734024047851562
-322 1.0777575969696045
-324 1.082643985748291
-326 1.0879831314086914
-327 1.0930559635162354
-329 1.0976314544677734
-330 1.1025633811950684
-331 1.1068265438079834
-332 1.1120195388793945
-334 1.1161558628082275
-337 1.1248242855072021
-338 1.1299703121185303
-341 1.134225845336914
-342 1.1408212184906006
-343 1.1448853015899658
-345 1.1500003337860107
-346 1.1544182300567627
-348 1.159660816192627
-349 1.163844108581543
-351 1.1685383319854736
-352 1.1730520725250244
-354 1.1776213645935059
-355 1.1825087070465088
-357 1.1867940425872803
-358 1.1929388046264648
-360 1.197544813156128
-362 1.2024288177490234
-363 1.2067053318023682
-364 1.2120590209960938
-366 1.2162282466888428
-368 1.2215311527252197
-369 1.2256979942321777
-370 1.2307713031768799
-372 1.234804630279541
-374 1.2410602569580078
-375 1.2450857162475586
-376 1.2501637935638428
-378 1.2543790340423584
-380 1.2596220970153809
-381 1.2637383937835693
-383 1.268488883972168
-384 1.2731328010559082
-386 1.2777280807495117
-387 1.2826502323150635
-389 1.286921501159668
-390 1.2929089069366455
-392 1.2974932193756104
-394 1.3024437427520752
-395 1.306715726852417
-396 1.3119525909423828
-398 1.3161098957061768
-399 1.3215773105621338
-401 1.3256983757019043
-402 1.3309364318847656
-404 1.334956407546997
-406 1.3400943279266357
-407 1.34537935256958
-409 1.3504703044891357
-410 1.3546733856201172
-411 1.359832763671875
-413 1.363981008529663
-414 1.369070291519165
-416 1.3733763694763184
-418 1.3777453899383545
-419 1.3826537132263184
-421 1.3870489597320557
-422 1.3930950164794922
-424 1.397700548171997
-425 1.4027986526489258
-427 1.4073772430419922
-428 1.412269115447998
-430 1.4165525436401367
-431 1.4218621253967285
-433 1.4260601997375488
-434 1.4314420223236084
-436 1.4354588985443115
-438 1.4405527114868164
-439 1.445976734161377
-441 1.451463222503662
-443 1.455453634262085
-444 1.460533618927002
-445 1.4645040035247803
-446 1.469740390777588
-448 1.473865032196045
-450 1.478952407836914
-451 1.4830608367919922
-453 1.4876315593719482
-454 1.4925196170806885
-456 1.497899055480957
-457 1.5028080940246582
-459 1.5073626041412354
-460 1.512436866760254
-463 1.516707181930542
-465 1.525573492050171
-466 1.5309147834777832
-467 1.5349390506744385
-469 1.540067434310913
-471 1.5456745624542236
-472 1.5509271621704102
-474 1.5549919605255127
-475 1.5601167678833008
-477 1.5642304420471191
-478 1.5695827007293701
-480 1.5738844871520996
-482 1.5789859294891357
-483 1.5835356712341309
-485 1.5878794193267822
-486 1.5927529335021973
-488 1.598437786102295
-489 1.6029140949249268
-491 1.607487678527832
-492 1.6123745441436768
-494 1.6166486740112305
-495 1.6218862533569336
-497 1.626063585281372
-498 1.631577730178833
-500 1.6357061862945557
-501 1.6407911777496338
-503 1.6448190212249756
-504 1.6510324478149414
-506 1.655062198638916
-507 1.660151481628418
-509 1.6642343997955322
-510 1.6695959568023682
-511 1.6737115383148193
-513 1.678039312362671
-514 1.682903528213501
-516 1.6874773502349854
-518 1.692516803741455
-520 1.697892665863037
-526 1.7197515964508057
-528 1.7241184711456299
-529 1.7294297218322754
-530 1.733555555343628
-532 1.7378959655761719
-534 1.7428057193756104
-536 1.7473793029785156
-537 1.7533814907073975
-539 1.7577612400054932
-540 1.7626984119415283
-541 1.7670893669128418
-542 1.7721610069274902
-544 1.7763173580169678
-546 1.7816383838653564
-548 1.7857906818389893
-549 1.7908196449279785
-551 1.7948613166809082
-552 1.8010118007659912
-554 1.8050217628479004
-555 1.8101270198822021
-556 1.8144724369049072
-558 1.8197345733642578
-559 1.8238565921783447
-561 1.8289463520050049
-562 1.833082914352417
-564 1.837651014328003
-566 1.8425610065460205
-568 1.8468377590179443
-569 1.8529484272003174
-571 1.8575348854064941
-572 1.862419843673706
-573 1.8666982650756836
-574 1.8720691204071045
-576 1.8762362003326416
-578 1.8815383911132812
-580 1.8857421875
-581 1.8907980918884277
-582 1.8948392868041992
-584 1.8999814987182617
-585 1.9050250053405762
-586 1.9101505279541016
-588 1.9143860340118408
-591 1.9196531772613525
-593 1.9279265403747559
-595 1.933915376663208
-596 1.9390575885772705
-598 1.9435901641845703
-599 1.9479775428771973
-601 1.9540112018585205
-602 1.9591014385223389
-604 1.963446855545044
-606 1.9677937030792236
-607 1.9727003574371338
-609 1.9770863056182861
-610 1.982358694076538
-612 1.9866201877593994
-613 1.9920413494110107
-615 1.9961841106414795
-616 2.0015034675598145
-618 2.0065865516662598
-619 2.011852741241455
-621 2.0160481929779053
-622 2.0213592052459717
-624 2.025390386581421
-625 2.0304741859436035
-627 2.0344529151916504
-628 2.0396995544433594
-629 2.043823719024658
-631 2.0489180088043213
-633 2.054216146469116
-634 2.05959153175354
-636 2.063711643218994
-638 2.0680174827575684
-639 2.072908639907837
-641 2.0774986743927
-642 2.0823545455932617
-643 2.0865910053253174
-645 2.0918684005737305
-646 2.096074342727661
-648 2.101391315460205
-650 2.1062264442443848
-651 2.111722707748413
-653 2.1158599853515625
-654 2.120945453643799
-656 2.1249496936798096
-657 2.1300911903381348
-658 2.1341824531555176
-660 2.1395187377929688
-661 2.1436715126037598
-663 2.1480343341827393
-665 2.152899742126465
-666 2.1590688228607178
-668 2.163374900817871
-669 2.1677095890045166
-671 2.1727657318115234
-672 2.177110433578491
-673 2.182206153869629
-675 2.1864426136016846
-676 2.191704034805298
-678 2.1958296298980713
-680 2.2009289264678955
-682 2.206010103225708
-683 2.2110908031463623
-684 2.2151222229003906
-685 2.2202117443084717
-687 2.224456787109375
-688 2.2296957969665527
-690 2.2339720726013184
-692 2.239064931869507
-693 2.243621349334717
-695 2.247990131378174
-696 2.2528722286224365
-698 2.2585325241088867
-699 2.2629990577697754
-701 2.2675538063049316
-702 2.272484540939331
-704 2.276714324951172
-705 2.281968355178833
-707 2.286128044128418
-708 2.2915687561035156
-710 2.2957398891448975
-712 2.3008222579956055
-713 2.304863214492798
-715 2.3111159801483154
-716 2.315135955810547
-718 2.3204257488250732
-720 2.3280045986175537
-722 2.333052635192871
-724 2.337615966796875
-725 2.342679023742676
-727 2.3470537662506104
-728 2.352496385574341
-730 2.357816457748413
-731 2.362741231918335
-733 2.367100954055786
-734 2.3723394870758057
-736 2.376574993133545
-737 2.381854295730591
-739 2.3860247135162354
-740 2.391101837158203
-742 2.3951077461242676
-743 2.400428533554077
-745 2.4044315814971924
-746 2.4109199047088623
-748 2.4149527549743652
-749 2.420053482055664
-751 2.4241645336151123
-752 2.429509401321411
-754 2.433650255203247
-756 2.438009738922119
-757 2.442878007888794
-759 2.4474222660064697
-760 2.452312707901001
-762 2.456540584564209
-763 2.462523937225342
-764 2.4667704105377197
-766 2.4721784591674805
-768 2.4763519763946533
-769 2.4816954135894775
-771 2.4858462810516357
-772 2.4909398555755615
-773 2.4949522018432617
-775 2.5000874996185303
-776 2.504434823989868
-778 2.509692668914795
-780 2.514810562133789
-781 2.519960641860962
-783 2.5240671634674072
-784 2.5293526649475098
-786 2.5336644649505615
-787 2.538008451461792
-788 2.5428974628448486
-790 2.5475101470947266
-792 2.5524473190307617
-794 2.5567455291748047
-795 2.5626630783081055
-796 2.567047119140625
-798 2.572150707244873
-800 2.5762622356414795
-801 2.581554651260376
-803 2.5857036113739014
-804 2.5909440517425537
-805 2.5949556827545166
-806 2.6001009941101074
-808 2.6041903495788574
-810 2.609518527984619
-812 2.614656448364258
-813 2.619807243347168
-815 2.623955249786377
-816 2.629075050354004
-817 2.6335971355438232
-819 2.6379387378692627
-820 2.642849922180176
-822 2.6474454402923584
-824 2.6524856090545654
-825 2.6567952632904053
-827 2.662020206451416
-828 2.6673686504364014
-830 2.6722657680511475
-831 2.676508903503418
-832 2.681734085083008
-834 2.6858949661254883
-836 2.6909799575805664
-837 2.694974422454834
-838 2.7000718116760254
-840 2.704155445098877
-842 2.709521770477295
-844 2.7148282527923584
-845 2.7199690341949463
-848 2.724092721939087
-849 2.7329704761505127
-851 2.7375476360321045
-852 2.7426276206970215
-854 2.74690318107605
-855 2.752243757247925
-857 2.7564592361450195
-859 2.761909246444702
-861 2.7670938968658447
-862 2.7723443508148193
-863 2.7766082286834717
-864 2.781867265701294
-866 2.7860562801361084
-868 2.7911205291748047
-870 2.7951362133026123
-871 2.8004913330078125
-872 2.804450273513794
-873 2.8096911907196045
-875 2.8138060569763184
-876 2.819866418838501
-878 2.8239734172821045
-880 2.829089641571045
-881 2.83359956741333
-883 2.8379416465759277
-884 2.8428313732147217
-886 2.8474082946777344
-888 2.852308988571167
-889 2.8565218448638916
-890 2.8617703914642334
-892 2.866770029067993
-893 2.8720226287841797
-895 2.8762154579162598
-896 2.881532907485962
-898 2.8856685161590576
-900 2.8909404277801514
-901 2.8949575424194336
-902 2.9001011848449707
-904 2.9041945934295654
-905 2.9095280170440674
-907 2.913668394088745
-908 2.9198360443115234
-910 2.92394757270813
-912 2.9298832416534424
-914 2.934002161026001
-915 2.939074754714966
-916 2.943411111831665
-918 2.947751045227051
-919 2.9528138637542725
-921 2.9573771953582764
-922 2.962299108505249
-924 2.966550588607788
-926 2.972529649734497
-927 2.9767870903015137
-928 2.9820139408111572
-930 2.986194133758545
-932 2.9920196533203125
-933 2.99619722366333
-937 3.0029962062835693
-940 3.0174853801727295
-943 3.023977518081665
-944 3.031043529510498
-946 3.0350756645202637
-947 3.0401761531829834
-948 3.044351816177368
-950 3.0496277809143066
-951 3.053786516189575
-953 3.058499336242676
-954 3.0629796981811523
-956 3.067516326904297
-958 3.073559522628784
-960 3.077909469604492
-961 3.082836151123047
-962 3.0873613357543945
-964 3.092278003692627
-965 3.0965723991394043
-966 3.10186505317688
-968 3.1060802936553955
-970 3.111354351043701
-971 3.115375518798828
-973 3.121636390686035
-976 3.129946231842041
-977 3.134399890899658
-978 3.139641046524048
-980 3.143907070159912
-982 3.1490108966827393
-983 3.1536290645599365
-985 3.1580018997192383
-986 3.162916898727417
-988 3.167497158050537
-990 3.173090696334839
-991 3.177680253982544
-993 3.182586908340454
-994 3.1868953704833984
-996 3.1922755241394043
-997 3.196516513824463
-998 3.20172119140625
-1000 3.205894708633423
-1002 3.210970163345337
-1003 3.2150096893310547
-1005 3.2201366424560547
-1007 3.2254743576049805
-1008 3.2306058406829834
-1009 3.234726667404175
-1010 3.2398364543914795
-1012 3.244009256362915
-1014 3.2490878105163574
-1015 3.253603935241699
-1017 3.2579469680786133
-1018 3.262854814529419
-1020 3.2674026489257812
-1021 3.273122787475586
-1023 3.2777514457702637
-1024 3.2827916145324707
-1026 3.2873594760894775
-1027 3.2922537326812744
-1029 3.296515464782715
-1030 3.301769256591797
-1032 3.305919885635376
-1034 3.311356782913208
-1035 3.3153958320617676
-1038 3.32051944732666
-1039 3.3298604488372803
-1041 3.3339688777923584
-1042 3.339059591293335
-1044 3.343377113342285
-1046 3.347743034362793
-1047 3.352710247039795
-1048 3.357083559036255
-1050 3.362204074859619
-1051 3.3663461208343506
-1053 3.371873617172241
-1054 3.3769187927246094
-1056 3.382117509841919
-1058 3.386255979537964
-1059 3.3915281295776367
-1061 3.39566969871521
-1062 3.4007604122161865
-1063 3.4048163890838623
-1067 3.415447235107422
-1068 3.4205663204193115
-1070 3.424656391143799
-1072 3.4310989379882812
-1074 3.4353652000427246
-1075 3.440523147583008
-1076 3.444495677947998
-1078 3.4497501850128174
-1079 3.453895330429077
-1081 3.4590370655059814
-1082 3.463373899459839
-1084 3.467759132385254
-1085 3.472660779953003
-1087 3.4780290126800537
-1088 3.4829185009002686
-1090 3.487514019012451
-1092 3.4925525188446045
-1093 3.4968409538269043
-1094 3.502046823501587
-1096 3.506204128265381
-1097 3.5115084648132324
-1099 3.51568865776062
-1100 3.520794630050659
-1103 3.5247995853424072
-1105 3.534360647201538
-1106 3.5396761894226074
-1108 3.544053077697754
-1109 3.5494017601013184
-1110 3.5538063049316406
-1112 3.5585222244262695
-1114 3.5631377696990967
-1116 3.5677900314331055
-1117 3.572685480117798
-1119 3.5770626068115234
-1120 3.582913398742676
-1122 3.5874860286712646
-1124 3.5923759937286377
-1125 3.596654176712036
-1126 3.6019067764282227
-1128 3.6060965061187744
-1129 3.6115541458129883
-1131 3.6156721115112305
-1132 3.620769739151001
-1134 3.6248199939727783
-1136 3.631078004837036
-1137 3.635113477706909
-1139 3.640435218811035
-1140 3.644463062286377
-1141 3.6497414112091064
-1142 3.6538829803466797
-1144 3.658979654312134
-1146 3.663088798522949
-1148 3.6676559448242188
-1149 3.672720432281494
-1151 3.6770851612091064
-1152 3.682957410812378
-1154 3.687516212463379
-1155 3.692368268966675
-1156 3.696601390838623
-1158 3.701890230178833
-1160 3.70611310005188
-1161 3.711411714553833
-1163 3.7154204845428467
-1164 3.720555543899536
-1166 3.7246580123901367
-1168 3.729811906814575
-1169 3.7351372241973877
-1171 3.740461826324463
-1172 3.7444534301757812
-1173 3.749725341796875
-1174 3.753861665725708
-1176 3.7589378356933594
-1178 3.7630743980407715
-1180 3.767683744430542
-1181 3.7726082801818848
-1182 3.7768754959106445
-1184 3.7827954292297363
-1186 3.7874670028686523
-1187 3.7925002574920654
-1188 3.7967820167541504
-1190 3.802175760269165
-1192 3.8063104152679443
-1193 3.811638116836548
-1195 3.8157832622528076
-1196 3.8208367824554443
-1197 3.824873447418213
-1199 3.829996109008789
-1200 3.8351283073425293
-1202 3.8404505252838135
-1204 3.844477891921997
-1205 3.8497121334075928
-1207 3.8539810180664062
-1208 3.8590738773345947
-1210 3.8633837699890137
-1212 3.867734432220459
-1213 3.872657060623169
-1214 3.876922369003296
-1216 3.882093906402588
-1218 3.8874351978302
-1219 3.8922951221466064
-1220 3.896533489227295
-1222 3.901766061782837
-1224 3.9059128761291504
-1225 3.911135673522949
-1226 3.9151315689086914
-1228 3.9204163551330566
-1229 3.9244236946105957
-1232 3.934006452560425
-1234 3.9400737285614014
-1236 3.944391965866089
-1237 3.949648380279541
-1239 3.95394229888916
-1240 3.9590299129486084
-1242 3.963571548461914
-1243 3.9679067134857178
-1245 3.9729599952697754
-1246 3.977527379989624
-1248 3.9824752807617188
-1250 3.9878592491149902
-1251 3.9927449226379395
-1252 3.997095823287964
-1254 4.00219464302063
-1256 4.006328821182251
-1257 4.011693716049194
-1258 4.015844821929932
-1260 4.0209126472473145
-1261 4.024930477142334
-1263 4.030151128768921
-1265 4.034479856491089
-1266 4.04086971282959
-1268 4.044879674911499
-1269 4.050018787384033
-1271 4.054122686386108
-1272 4.059465646743774
-1273 4.063798427581787
-1275 4.068474769592285
-1276 4.072966575622559
-1278 4.077517986297607
-1280 4.082425117492676
-1282 4.087756633758545
-1283 4.092864990234375
-1285 4.097440958023071
-1286 4.1023149490356445
-1287 4.1065473556518555
-1289 4.111796855926514
-1290 4.115967273712158
-1292 4.1210596561431885
-1293 4.1250715255737305
-1294 4.130145788192749
-1297 4.1343629360198975
-1298 4.140575885772705
-1299 4.1446919441223145
-1301 4.149856805801392
-1302 4.154125928878784
-1304 4.159463167190552
-1305 4.163575649261475
-1307 4.167895078659058
-1308 4.1727614402771
-1310 4.177341938018799
-1312 4.182290077209473
-1314 4.1865293979644775
-1315 4.192546606063843
-1316 4.196810960769653
-1317 4.202038049697876
-1319 4.206188201904297
-1320 4.211636543273926
-1322 4.215783596038818
-1324 4.220825910568237
-1325 4.224859237670898
-1326 4.230000257492065
-1328 4.234116792678833
-1330 4.239436149597168
-1331 4.244430065155029
-1333 4.249701976776123
-1334 4.2538535594940186
-1336 4.258960008621216
-1337 4.263072490692139
-1339 4.26765775680542
-1340 4.272698402404785
-1342 4.277102708816528
-1344 4.2822346687316895
-1345 4.286496877670288
-1346 4.292395353317261
-1348 4.296658992767334
-1349 4.301878929138184
-1351 4.306065320968628
-1352 4.311427593231201
-1354 4.315438270568848
-1356 4.3207550048828125
-1357 4.324792385101318
-1360 4.32994270324707
-1361 4.3384552001953125
-1363 4.3440492153167725
-1364 4.3493757247924805
-1366 4.353742599487305
-1368 4.3584558963775635
-1369 4.363370180130005
-1371 4.367757320404053
-1372 4.372643947601318
-1374 4.376916885375977
-1375 4.382105112075806
-1376 4.386252164840698
-1378 4.391753196716309
-1380 4.396805763244629
-1381 4.402026176452637
-1383 4.406177997589111
-1384 4.411500930786133
-1386 4.4154815673828125
-1388 4.420583009719849
-1389 4.424720287322998
-1390 4.429847002029419
-1392 4.433959007263184
-1393 4.439075231552124
-1395 4.444202899932861
-1396 4.44962477684021
-1398 4.453924655914307
-1400 4.458987712860107
-1401 4.463088750839233
-1403 4.467661380767822
-1404 4.472536087036133
-1405 4.476860761642456
-1407 4.482058048248291
-1408 4.486217737197876
-1410 4.491521596908569
-1412 4.49654221534729
-1413 4.501861333847046
-1415 4.506049633026123
-1416 4.511508464813232
-1418 4.515631437301636
-1419 4.520662784576416
-1420 4.524751424789429
-1422 4.529938697814941
-1424 4.534115791320801
-1425 4.539446592330933
-1427 4.543618679046631
-1428 4.549764156341553
-1430 4.553890705108643
-1432 4.5590410232543945
-1433 4.5631303787231445
-1435 4.567704677581787
-1436 4.572789430618286
-1438 4.577133893966675
-1439 4.582382440567017
-1440 4.586680889129639
-1442 4.591923236846924
-1444 4.5970540046691895
-1445 4.60217547416687
-1447 4.606307029724121
-1448 4.61169171333313
-1450 4.615837812423706
-1451 4.620989084243774
-1452 4.6250083446502686
-1454 4.630102634429932
-1456 4.634426832199097
-1457 4.639710187911987
-1459 4.643836498260498
-1460 4.649935722351074
-1462 4.6540234088897705
-1463 4.659100532531738
-1464 4.663440227508545
-1466 4.6678056716918945
-1468 4.6727049350738525
-1469 4.677093744277954
-1470 4.682200908660889
-1472 4.686349630355835
-1474 4.691853284835815
-1476 4.696034669876099
-1477 4.702115774154663
-1479 4.706247806549072
-1480 4.711702108383179
-1482 4.715867757797241
-1483 4.7209367752075195
-1484 4.724977016448975
-1487 4.730089426040649
-1489 4.738057613372803
-1490 4.7430455684661865
-1492 4.749422311782837
-1493 4.753848075866699
-1495 4.758535861968994
-1496 4.7633888721466064
-1498 4.767745733261108
-1500 4.772626638412476
-1501 4.776902675628662
-1502 4.78209376335144
-1504 4.786245584487915
-1506 4.791539430618286
-1507 4.795663118362427
-1509 4.801757335662842
-1510 4.805927515029907
-1512 4.81135368347168
-1513 4.815359830856323
-1515 4.820445537567139
-1516 4.824422597885132
-1518 4.829671621322632
-1519 4.83382248878479
-1521 4.83851432800293
-1522 4.843413829803467
-1524 4.847755193710327
-1525 4.853543043136597
-1527 4.857883453369141
-1528 4.86280083656311
-1530 4.867336273193359
-1532 4.872379779815674
-1533 4.876622676849365
-1534 4.881855249404907
-1536 4.886011838912964
-1537 4.891092538833618
-1539 4.895087718963623
-1540 4.901531934738159
-1542 4.90567946434021
-1544 4.910773754119873
-1545 4.914827585220337
-1546 4.919961214065552
-1548 4.924065113067627
-1550 4.9300291538238525
-1552 4.934471607208252
-1553 4.939732074737549
-1554 4.943889617919922
-1556 4.948981046676636
-1558 4.954085111618042
-1559 4.95943808555603
-1560 4.9635491371154785
-1562 4.967900514602661
-1564 4.972968816757202
-1566 4.977558135986328
-1567 4.982477903366089
-1568 4.98675274848938
-1569 4.992116689682007
-1571 4.996256351470947
-1573 5.002323865890503
-1574 5.006636142730713
-1576 5.011866569519043
-1578 5.0160605907440186
-1579 5.021410226821899
-1581 5.025458097457886
-1582 5.030565023422241
-1583 5.034683704376221
-1584 5.039825677871704
-1586 5.043948650360107
-1590 5.054664611816406
-1591 5.059859275817871
-1593 5.063980579376221
-1594 5.069087505340576
-1596 5.073441505432129
-1597 5.0778093338012695
-1599 5.082730770111084
-1600 5.0871007442474365
-1601 5.092205762863159
-1603 5.096500396728516
-1605 5.1019017696380615
-1607 5.107055425643921
-1608 5.1123387813568115
-1610 5.116576433181763
-1611 5.1218297481536865
-1613 5.125982761383057
-1615 5.131046772003174
-1616 5.139845371246338
-1618 5.144111156463623
-1620 5.149409055709839
-1622 5.1537041664123535
-1623 5.159891605377197
-1625 5.16414213180542
-1626 5.169469356536865
-1627 5.1737611293792725
-1629 5.178475379943848
-1630 5.182987213134766
-1632 5.1875319480896
-1634 5.192461729049683
-1635 5.196739912033081
-1636 5.201971054077148
-1638 5.207129240036011
-1640 5.212280035018921
-1641 5.216594696044922
-1643 5.221874713897705
-1644 5.226085424423218
-1646 5.23158073425293
-1648 5.235727787017822
-1649 5.240788459777832
-1650 5.244836330413818
-1652 5.249955892562866
-1654 5.254065036773682
-1655 5.260166883468628
-1657 5.264378547668457
-1658 5.269630193710327
-1659 5.273775577545166
-1661 5.278500318527222
-1662 5.283041715621948
-1664 5.287650108337402
-1666 5.29271388053894
-1667 5.2971038818359375
-1668 5.302247047424316
-1671 5.306488752365112
-1672 5.31245231628418
-1673 5.3166961669921875
-1675 5.322381019592285
-1676 5.3267128467559814
-1678 5.331950426101685
-1680 5.336112976074219
-1681 5.341433525085449
-1683 5.345446586608887
-1684 5.350775718688965
-1687 5.354900360107422
-1688 5.362560272216797
-1689 5.3668601512908936
-1690 5.372202634811401
-1692 5.376349210739136
-1694 5.381864309310913
-1696 5.386061668395996
-1697 5.392162084579468
-1699 5.396440029144287
-1700 5.40189003944397
-1702 5.406068325042725
-1704 5.41243839263916
-1705 5.4167091846466064
-1706 5.422080993652344
-1708 5.426228046417236
-1710 5.431513071060181
-1712 5.435671329498291
-1713 5.440760850906372
-1714 5.444786310195923
-1715 5.449933052062988
-1717 5.454017400741577
-1718 5.459100723266602
-1720 5.4643800258636475
-1722 5.4696595668792725
-1724 5.473946571350098
-1725 5.47906494140625
-1726 5.483417272567749
-1728 5.487779140472412
-1730 5.492849826812744
-1731 5.497832298278809
-1733 5.502706050872803
-1734 5.507073879241943
-1736 5.512922286987305
-1738 5.517510175704956
-1739 5.522412300109863
-1740 5.526668310165405
-1744 5.532022476196289
-1745 5.540982007980347
-1746 5.544980525970459
-1748 5.550079345703125
-1749 5.554440021514893
-1751 5.559686183929443
-1752 5.564977169036865
-1754 5.570120334625244
-1756 5.574212551116943
-1757 5.579556465148926
-1758 5.583731412887573
-1760 5.5884459018707275
-1761 5.593112230300903
-1763 5.5976972579956055
-1764 5.602642297744751
-1766 5.606885671615601
-1768 5.612072467803955
-1770 5.617421627044678
-1771 5.62247633934021
-1772 5.62678074836731
-1774 5.63202977180481
-1775 5.636183738708496
-1777 5.641501188278198
-1778 5.64557409286499
-1780 5.650833368301392
-1781 5.654872179031372
-1782 5.659969329833984
-1784 5.665092468261719
-1786 5.670442819595337
-1788 5.674482345581055
-1789 5.679752349853516
-1790 5.683876037597656
-1792 5.688959360122681
-1793 5.693052291870117
-1795 5.697613716125488
-1796 5.702520370483398
-1798 5.706813097000122
-1800 5.712183713912964
-1802 5.717421531677246
-1803 5.722330808639526
-1804 5.72659158706665
-1805 5.731849431991577
-1807 5.736023902893066
-1808 5.741095066070557
-1810 5.74509859085083
-1812 5.750205039978027
-1813 5.754676580429077
-1814 5.759824991226196
-1816 5.763991355895996
-1818 5.770038843154907
-1819 5.774380207061768
-1821 5.7796571254730225
-1822 5.783806800842285
-1824 5.788499593734741
-1825 5.792998313903809
-1827 5.7975475788116455
-1828 5.802598714828491
-1830 5.806848764419556
-1831 5.812032222747803
-1833 5.817403316497803
-1835 5.822306156158447
-1836 5.826538801193237
-1837 5.83194637298584
-1839 5.836113214492798
-1840 5.8413896560668945
-1842 5.845423936843872
-1844 5.850526571273804
-1845 5.85457444190979
-1846 5.859764099121094
-1848 5.863897323608398
-1849 5.870064973831177
-1851 5.874170303344727
-1852 5.8794989585876465
-1854 5.8838019371032715
-1856 5.888512372970581
-1857 5.893385648727417
-1859 5.897761821746826
-1860 5.902674198150635
-1862 5.907033443450928
-1863 5.912123441696167
-1865 5.9162585735321045
-1866 5.922337293624878
-1868 5.9265758991241455
-1871 5.9324562549591064
-1872 5.941643714904785
-1874 5.945775747299194
-1876 5.951060056686401
-1877 5.955096483230591
-1879 5.960215330123901
-1880 5.964628458023071
-1882 5.97081184387207
-1883 5.9748523235321045
-1884 5.980015277862549
-1886 5.984127759933472
-1888 5.989444017410278
-1889 5.993581295013428
-1891 5.997910499572754
