0 0.00701594352722168
0 0.015544652938842773
-1 0.025367259979248047
-2 0.03528451919555664
-4 0.04554414749145508
-6 0.05355048179626465
-8 0.06545472145080566
-10 0.0734872817993164
-12 0.07901120185852051
-12 0.08404660224914551
-14 0.0881659984588623
-15 0.09330463409423828
-17 0.09758424758911133
-18 0.1029043197631836
-19 0.1070406436920166
-22 0.11137866973876953
-24 0.12014365196228027
-26 0.126267671585083
-28 0.13089895248413086
-30 0.13608002662658691
-32 0.1404714584350586
-33 0.1457350254058838
-34 0.14998602867126465
-36 0.15539836883544922
-38 0.15957331657409668
-40 0.16489434242248535
-42 0.169022798538208
-44 0.17403745651245117
-46 0.17935919761657715
-47 0.1844487190246582
-49 0.18845582008361816
-50 0.1936042308807373
-52 0.19769024848937988
-54 0.2030200958251953
-56 0.20714759826660156
-58 0.21149039268493652
-60 0.21654057502746582
-62 0.22115683555603027
-64 0.22611498832702637
-66 0.2319042682647705
-68 0.2364027500152588
-70 0.24096107482910156
-72 0.24586200714111328
-73 0.2501678466796875
-75 0.25538158416748047
-77 0.25955891609191895
-79 0.26505231857299805
-81 0.2692396640777588
-83 0.27448558807373047
-85 0.2796308994293213
-87 0.28496241569519043
-89 0.28914618492126465
-90 0.29421567916870117
-92 0.2982513904571533
-94 0.3034188747406006
-96 0.3075249195098877
-98 0.31284308433532715
-100 0.3169987201690674
-102 0.32135510444641113
-104 0.3262937068939209
-106 0.3324739933013916
-108 0.33698201179504395
-110 0.34134364128112793
-112 0.3462188243865967
-113 0.35058045387268066
-116 0.35570359230041504
-117 0.36000657081604004
-119 0.3652670383453369
-121 0.3694345951080322
-123 0.37479352951049805
-125 0.378828763961792
-127 0.3851144313812256
-129 0.38927340507507324
-131 0.39454174041748047
-132 0.398557186126709
-135 0.4038562774658203
-136 0.40787649154663086
-138 0.41316699981689453
-140 0.41733241081237793
-142 0.4224221706390381
-144 0.4268224239349365
-146 0.43298840522766113
-148 0.4371223449707031
-150 0.44148969650268555
-152 0.44640135765075684
-154 0.4509732723236084
-156 0.456012487411499
-158 0.4602844715118408
-159 0.4654979705810547
-162 0.4697239398956299
-163 0.47506189346313477
-166 0.47920894622802734
-167 0.4852914810180664
-170 0.4894378185272217
-171 0.4945087432861328
-173 0.49853944778442383
-174 0.5036227703094482
-177 0.5078327655792236
-180 0.5130941867828369
-182 0.5212600231170654
-184 0.5263893604278564
-186 0.5309641361236572
-188 0.5369832515716553
-191 0.5413508415222168
-192 0.5463576316833496
-195 0.5509662628173828
-196 0.5558412075042725
-198 0.5601093769073486
-200 0.5653402805328369
-202 0.5695421695709229
-204 0.5749993324279785
-206 0.579195499420166
-208 0.5852987766265869
-210 0.5895254611968994
-212 0.5950233936309814
-214 0.5991919040679932
-216 0.6042871475219727
-217 0.6083259582519531
-219 0.6134803295135498
-221 0.6175994873046875
-223 0.6229417324066162
-224 0.6270983219146729
-227 0.6314859390258789
-230 0.6374931335449219
-231 0.6425662040710449
-233 0.6469366550445557
-235 0.6512961387634277
-237 0.6563451290130615
-239 0.6609423160552979
-241 0.6658890247344971
-242 0.6701629161834717
-244 0.675391674041748
-246 0.679556131362915
-248 0.6848187446594238
-250 0.6899058818817139
-252 0.6953117847442627
-254 0.6995077133178711
-256 0.7045745849609375
-258 0.7085716724395752
-260 0.7138991355895996
-262 0.7179124355316162
-263 0.7231714725494385
-265 0.7273163795471191
-268 0.732438325881958
-270 0.7376248836517334
-272 0.7430019378662109
-273 0.7471315860748291
-276 0.7514879703521729
-277 0.7565391063690186
-280 0.7611656188964844
-281 0.7660737037658691
-283 0.7703750133514404
-284 0.7755653858184814
-287 0.7797048091888428
-289 0.7851917743682861
-291 0.7902846336364746
-292 0.7955114841461182
-295 0.7997086048126221
-296 0.8050081729888916
-299 0.8091468811035156
-300 0.8143999576568604
-302 0.8184292316436768
-304 0.8235535621643066
-306 0.8278110027313232
-308 0.8331036567687988
-310 0.8382391929626465
-312 0.8434121608734131
-314 0.8475165367126465
-316 0.8528432846069336
-318 0.8570060729980469
-320 0.8613753318786621
-322 0.8662929534912109
-324 0.8708465099334717
-326 0.8759355545043945
-327 0.8802587985992432
-330 0.8855054378509521
-332 0.8908355236053467
-334 0.8957560062408447
-335 0.9000005722045898
-337 0.905310869216919
-339 0.909538745880127
-342 0.9182887077331543
-344 0.923452615737915
-346 0.9276998043060303
-348 0.9330594539642334
-351 0.9374213218688965
-353 0.9435877799987793
-355 0.947930097579956
-357 0.9539506435394287
-359 0.9579534530639648
-360 0.96321702003479
-362 0.9673614501953125
-364 0.972489595413208
-366 0.9768283367156982
-368 0.9812169075012207
-370 0.9861280918121338
-372 0.9919357299804688
-374 0.9968273639678955
-376 1.0012030601501465
-378 1.006089210510254
-380 1.0103366374969482
-381 1.0155410766601562
-384 1.0197193622589111
-385 1.025071144104004
-388 1.029193639755249
-390 1.0342304706573486
-392 1.0382626056671143
-394 1.044936180114746
-396 1.0490343570709229
-398 1.0543363094329834
-399 1.0583488941192627
-401 1.0634431838989258
-403 1.0675456523895264
-405 1.0728905200958252
-406 1.0770132541656494
-409 1.0813572406768799
-410 1.0862195491790771
-413 1.0905840396881104
-414 1.0964443683624268
-417 1.1010351181030273
-418 1.1059532165527344
-420 1.1102168560028076
-422 1.1155757904052734
-424 1.1197161674499512
-426 1.1249969005584717
-428 1.1291859149932861
-430 1.1342408657073975
-432 1.1383092403411865
-434 1.1444010734558105
-436 1.1484224796295166
-437 1.1535556316375732
-440 1.1576673984527588
-441 1.1630215644836426
-443 1.1671855449676514
-445 1.1719470024108887
-447 1.1768975257873535
-449 1.1812293529510498
-451 1.1861293315887451
-453 1.1904981136322021
-455 1.1963813304901123
-457 1.2009577751159668
-459 1.2058284282684326
-460 1.2101144790649414
-462 1.2153558731079102
-464 1.2195582389831543
-466 1.224851131439209
-468 1.2288389205932617
-470 1.2340893745422363
-472 1.2382118701934814
-474 1.2433831691741943
-476 1.2484056949615479
-478 1.253533124923706
-480 1.2576215267181396
-482 1.2629704475402832
-483 1.267139196395874
-486 1.271458387374878
-487 1.276329755783081
-490 1.2809064388275146
-491 1.2857849597930908
-493 1.2900316715240479
-495 1.2961299419403076
-498 1.3005201816558838
-499 1.3057596683502197
-501 1.3100032806396484
-505 1.3152613639831543
-506 1.3242607116699219
-508 1.3283038139343262
-510 1.3334324359893799
-512 1.337693214416504
-515 1.3430533409118652
-516 1.3484420776367188
-519 1.3535397052764893
-520 1.3578827381134033
-522 1.3631203174591064
-524 1.3672504425048828
-526 1.3719606399536133
-528 1.376530408859253
-530 1.381120204925537
-532 1.386005163192749
-533 1.3902637958526611
-536 1.3954777717590332
-538 1.4008476734161377
-540 1.4057366847991943
-541 1.409989595413208
-543 1.4153807163238525
-545 1.419555425643921
-547 1.424833059310913
-550 1.4288733005523682
-551 1.4342050552368164
-553 1.438227891921997
-554 1.4434092044830322
-557 1.4484879970550537
-558 1.453610897064209
-561 1.4578266143798828
-562 1.4631061553955078
-564 1.4672491550445557
-566 1.4719533920288086
-568 1.4768340587615967
-570 1.4812049865722656
-572 1.4861195087432861
-574 1.490380048751831
-576 1.4955573081970215
-578 1.5009593963623047
-580 1.5058157444000244
-582 1.5101044178009033
-583 1.5153231620788574
-586 1.5195157527923584
-588 1.52485990524292
-590 1.5288677215576172
-592 1.534203052520752
-593 1.5382697582244873
-595 1.5434346199035645
-597 1.547565221786499
-600 1.5538883209228516
-601 1.5578856468200684
-603 1.5631599426269531
-605 1.5674521923065186
-607 1.572538137435913
-608 1.5768709182739258
-611 1.581200122833252
-612 1.5861101150512695
-615 1.59047532081604
-616 1.595759630203247
-619 1.6009883880615234
-620 1.605889081954956
-622 1.6101443767547607
-624 1.6153786182403564
-626 1.6195592880249023
-628 1.624870777130127
-630 1.6288862228393555
-632 1.6340055465698242
-634 1.6381332874298096
-635 1.6432714462280273
-638 1.6474025249481201
-640 1.653592586517334
-642 1.657930612564087
-643 1.66318941116333
-645 1.6673035621643066
-647 1.6719841957092285
-649 1.6764402389526367
-651 1.6810517311096191
-653 1.6859591007232666
-654 1.6902012825012207
-656 1.6955840587615967
-661 1.7069871425628662
-664 1.7113745212554932
-667 1.7164347171783447
-669 1.7257025241851807
-671 1.7299864292144775
-672 1.7354521751403809
-675 1.7396183013916016
-676 1.7450411319732666
-679 1.7492022514343262
-680 1.7552790641784668
-683 1.7594597339630127
-684 1.7645554542541504
-686 1.768559217453003
-689 1.773632526397705
-690 1.7780625820159912
-692 1.7832393646240234
-694 1.787367343902588
-696 1.7924907207489014
-698 1.7968292236328125
-700 1.8011829853057861
-702 1.8071112632751465
-704 1.8114829063415527
-706 1.8163373470306396
-708 1.8208997249603271
-710 1.8259353637695312
-711 1.8302137851715088
-713 1.835637092590332
-715 1.839916467666626
-717 1.845165729522705
-719 1.8493623733520508
-721 1.8554608821868896
-724 1.8596546649932861
-725 1.8650100231170654
-728 1.8691926002502441
-729 1.8742616176605225
-731 1.878300428390503
-732 1.883436679840088
-735 1.8875610828399658
-736 1.8929157257080078
-738 1.8972320556640625
-740 1.9019510746002197
-743 1.9075112342834473
-744 1.9125874042510986
-746 1.9169285297393799
-748 1.921278476715088
-750 1.9261517524719238
-752 1.9305458068847656
-753 1.9356763362884521
-756 1.9399094581604004
-757 1.945420503616333
-760 1.9496002197265625
-762 1.9568297863006592
-765 1.961214303970337
-766 1.9664716720581055
-769 1.971360206604004
-770 1.9762873649597168
-773 1.9808766841888428
-774 1.9857971668243408
-776 1.9900600910186768
-778 1.9953546524047852
-780 1.9995598793029785
-782 2.0048813819885254
-784 2.0099539756774902
-786 2.0153560638427734
-788 2.0195446014404297
-790 2.024852752685547
-792 2.0288798809051514
-794 2.0340089797973633
-795 2.0381417274475098
-797 2.0432939529418945
-800 2.0474202632904053
-801 2.0525171756744385
-804 2.0575110912323
-805 2.0629358291625977
-807 2.0671005249023438
-809 2.0714452266693115
-811 2.0764949321746826
-813 2.0810799598693848
-815 2.086167335510254
-816 2.090512752532959
-818 2.0955753326416016
-820 2.09971284866333
-823 2.1050686836242676
-824 2.1101133823394775
-826 2.1153719425201416
-830 2.1242177486419678
-832 2.1282644271850586
-834 2.133422374725342
-836 2.137849807739258
-838 2.143152952194214
-839 2.1473946571350098
-842 2.152456045150757
-844 2.156541109085083
-846 2.1625609397888184
-847 2.1669418811798096
-850 2.1712734699249268
-851 2.1761281490325928
-853 2.180488109588623
-854 2.185559034347534
-857 2.189687728881836
-858 2.195157051086426
-861 2.1992955207824707
-862 2.2044289112091064
-865 2.2084333896636963
-866 2.214958906173706
-869 2.219012498855591
-870 2.224008321762085
-872 2.228133201599121
-874 2.233285427093506
-876 2.237398624420166
-878 2.2425055503845215
-880 2.2468650341033936
-882 2.2512338161468506
-884 2.256300926208496
-886 2.2623934745788574
-888 2.26651930809021
-890 2.2710747718811035
-892 2.275968551635742
-893 2.2802484035491943
-895 2.2854621410369873
-897 2.28963303565979
-899 2.2949423789978027
-901 2.298933267593384
-903 2.304022789001465
-905 2.308104991912842
-907 2.3144991397857666
-908 2.318521022796631
-910 2.3236474990844727
-913 2.327843427658081
-914 2.333115577697754
-916 2.337244987487793
-920 2.3419294357299805
-922 2.350945472717285
-924 2.355907917022705
-926 2.3601787090301514
-928 2.366086721420288
-930 2.370361566543579
-932 2.3757760524749756
-934 2.380016803741455
-935 2.385331630706787
-938 2.3895339965820312
-939 2.394584894180298
-941 2.398808479309082
-944 2.403903007507324
-945 2.407888889312744
-948 2.4141030311584473
-949 2.4182674884796143
-951 2.4234120845794678
-953 2.4275214672088623
-955 2.432873010635376
-956 2.4371700286865234
-959 2.441920757293701
-960 2.4464168548583984
-963 2.450986385345459
-964 2.455869197845459
-967 2.4601314067840576
-968 2.466076612472534
-971 2.4703550338745117
-972 2.4757330417633057
-974 2.4800360202789307
-976 2.4852967262268066
-978 2.489466428756714
-980 2.494925022125244
-982 2.498926877975464
-984 2.5040221214294434
-986 2.5081262588500977
-988 2.5133023262023926
-991 2.51853084564209
-993 2.527216672897339
-995 2.5319056510925293
-997 2.5365536212921143
-999 2.541130304336548
-1001 2.5461950302124023
-1003 2.550567865371704
-1005 2.5559518337249756
-1006 2.5602359771728516
-1009 2.566237449645996
-1012 2.5708260536193848
-1013 2.5757601261138916
-1015 2.579991102218628
-1016 2.585249185562134
-1019 2.5894291400909424
-1020 2.594514846801758
-1022 2.598522663116455
-1024 2.603654623031616
-1026 2.608142137527466
-1028 2.6133077144622803
-1031 2.618847370147705
-1032 2.623974323272705
-1034 2.6280622482299805
-1036 2.6332428455352783
-1038 2.6373908519744873
-1040 2.6425249576568604
-1041 2.6468939781188965
-1044 2.6512436866760254
-1046 2.6561334133148193
-1047 2.6605310440063477
-1050 2.66560959815979
-1052 2.6708426475524902
-1054 2.6759307384490967
-1055 2.6801905632019043
-1057 2.685382127761841
-1059 2.689600944519043
-1061 2.6948893070220947
-1063 2.6989221572875977
-1065 2.704021453857422
-1066 2.7081291675567627
-1068 2.7133235931396484
-1070 2.718435525894165
-1072 2.7235827445983887
-1074 2.727691888809204
-1076 2.733023166656494
-1078 2.7373266220092773
-1080 2.742460250854492
-1082 2.7465431690216064
-1084 2.751103401184082
-1086 2.7559995651245117
-1088 2.760263204574585
-1090 2.765463352203369
-1092 2.770536422729492
-1093 2.775681972503662
-1096 2.7799434661865234
-1097 2.7851808071136475
-1100 2.7893519401550293
-1101 2.7948124408721924
-1104 2.7988719940185547
-1105 2.803966760635376
-1107 2.807957887649536
-1108 2.8131980895996094
-1111 2.8173327445983887
-1112 2.823404550552368
-1115 2.827587127685547
-1116 2.8329062461853027
-1118 2.8370461463928223
-1121 2.841423749923706
-1122 2.846302032470703
-1125 2.850874662399292
-1126 2.8559300899505615
-1128 2.860170602798462
-1130 2.8655569553375244
-1133 2.87090802192688
-1134 2.8757972717285156
-1136 2.8800578117370605
-1138 2.8853392601013184
-1140 2.8895325660705566
-1142 2.8945839405059814
-1143 2.8985843658447266
-1146 2.9039387702941895
-1147 2.9079301357269287
-1149 2.9131996631622314
-1153 2.9174587726593018
-1155 2.9272632598876953
-1157 2.931973934173584
-1159 2.9368598461151123
-1161 2.9412107467651367
-1163 2.9462552070617676
-1165 2.9508183002471924
-1167 2.9565086364746094
-1169 2.9611520767211914
-1171 2.9660816192626953
-1173 2.970351219177246
-1175 2.9764628410339355
-1177 2.9811184406280518
-1179 2.986070156097412
-1181 2.9903464317321777
-1183 2.9957239627838135
-1185 3.000012159347534
-1186 3.005258083343506
-1189 3.0093955993652344
-1190 3.0144646167755127
-1193 3.0185184478759766
-1194 3.024925708770752
-1197 3.02901554107666
-1198 3.0342652797698975
-1200 3.038274049758911
-1202 3.0434343814849854
-1204 3.047553300857544
-1206 3.0528597831726074
-1207 3.056995153427124
-1210 3.061343193054199
-1212 3.0662059783935547
-1214 3.070784568786621
-1216 3.0764853954315186
-1218 3.0810983180999756
-1220 3.0860092639923096
-1221 3.0902891159057617
-1223 3.095628499984741
-1225 3.099900007247925
-1227 3.1051647663116455
-1229 3.1093227863311768
-1231 3.11440110206604
-1232 3.1184232234954834
-1235 3.1235320568084717
-1237 3.129094362258911
-1239 3.1342082023620605
-1240 3.1382243633270264
-1242 3.1433920860290527
-1244 3.147510051727295
-1246 3.152550220489502
-1248 3.1571006774902344
-1250 3.1614465713500977
-1252 3.1663706302642822
-1254 3.170936346054077
-1256 3.1769440174102783
-1258 3.1813297271728516
-1260 3.186217784881592
-1262 3.1905739307403564
-1264 3.195728302001953
-1266 3.2000246047973633
-1267 3.205273389816284
-1270 3.2094709873199463
-1271 3.2149479389190674
-1274 3.21909236907959
-1275 3.224116325378418
-1278 3.2294459342956543
-1280 3.234510660171509
-1281 3.238544464111328
-1284 3.243664264678955
-1285 3.2478911876678467
-1287 3.253161907196045
-1289 3.2574386596679688
-1291 3.2625463008880615
-1292 3.2669177055358887
-1295 3.271245002746582
-1296 3.2772891521453857
-1299 3.2824323177337646
-1300 3.286529779434204
-1303 3.2911558151245117
-1304 3.2960925102233887
-1306 3.3003742694854736
-1308 3.305574417114258
-1310 3.3097236156463623
-1312 3.3150129318237305
-1314 3.3192126750946045
-1318 3.328885555267334
-1320 3.334324359893799
-1322 3.338346004486084
-1323 3.3434629440307617
-1326 3.347806930541992
-1327 3.3530802726745605
-1329 3.3573365211486816
-1334 3.3675448894500732
-1335 3.3729629516601562
-1338 3.377159595489502
-1339 3.3833019733428955
-1342 3.3875908851623535
-1343 3.3929452896118164
-1345 3.397282123565674
-1347 3.402379035949707
-1349 3.4065146446228027
-1351 3.4111135005950928
-1353 3.4160215854644775
-1355 3.420299530029297
-1356 3.425506830215454
-1360 3.4308714866638184
-1361 3.435772180557251
-1363 3.44000244140625
-1364 3.4452788829803467
-1367 3.4494566917419434
-1368 3.4549343585968018
-1371 3.459016799926758
-1372 3.4640116691589355
-1374 3.46811580657959
-1376 3.473278760910034
-1378 3.4774012565612793
-1380 3.483546495437622
-1382 3.4876513481140137
-1384 3.493030548095703
-1386 3.49717378616333
-1388 3.501474618911743
-1390 3.506348133087158
-1392 3.5109498500823975
-1394 3.51609206199646
-1395 3.520354986190796
-1397 3.525561571121216
-1400 3.52972674369812
-1402 3.5357460975646973
-1403 3.5400474071502686
-1405 3.545332193374634
-1407 3.5495336055755615
-1409 3.554823398590088
-1411 3.5588223934173584
-1413 3.563946485519409
-1415 3.5680675506591797
-1416 3.5732200145721436
-1419 3.577575206756592
-1421 3.583656072616577
-1423 3.5878617763519287
-1424 3.5931789875030518
-1426 3.5973269939422607
-1428 3.602450132369995
-1430 3.6065711975097656
-1432 3.6111581325531006
-1434 3.616081953048706
-1436 3.6203689575195312
-1437 3.625570774078369
-1440 3.62969970703125
-1442 3.6357994079589844
-1444 3.6400582790374756
-1445 3.6454756259918213
-1448 3.649693489074707
-1450 3.6550028324127197
-1452 3.659133195877075
-1454 3.6642208099365234
-1455 3.668243646621704
-1457 3.6734108924865723
-1459 3.6775710582733154
-1462 3.6828773021698
-1463 3.687875747680664
-1465 3.693131685256958
-1467 3.697399616241455
-1469 3.702543020248413
-1470 3.706864595413208
-1473 3.7112061977386475
-1474 3.716140031814575
-1476 3.7205209732055664
-1480 3.729308605194092
-1482 3.7355008125305176
-1484 3.7396912574768066
-1486 3.7451658248901367
-1488 3.7493364810943604
-1490 3.7548906803131104
-1492 3.7589147090911865
-1494 3.764009714126587
-1496 3.7681069374084473
-1497 3.7732534408569336
-1500 3.777543544769287
-1502 3.782888174057007
-1504 3.78794264793396
-1505 3.793174982070923
-1507 3.797332763671875
-1509 3.802414655685425
-1511 3.806515693664551
-1513 3.8111135959625244
-1515 3.816164255142212
-1516 3.8205270767211914
-1518 3.82558536529541
-1521 3.829709529876709
-1523 3.834998369216919
-1525 3.840101957321167
-1526 3.845327138900757
-1529 3.8494985103607178
-1530 3.854544162750244
-1532 3.8585312366485596
-1534 3.863624334335327
-1536 3.8678219318389893
-1538 3.8730809688568115
-1539 3.877352714538574
-1542 3.8824827671051025
-1544 3.8876535892486572
-1546 3.8930697441101074
-1548 3.8971877098083496
-1550 3.901909589767456
-1552 3.9065663814544678
-1554 3.911177635192871
-1556 3.9160773754119873
-1557 3.9203357696533203
-1559 3.9255568981170654
-1561 3.9297170639038086
-1564 3.9351806640625
-1565 3.9402172565460205
-1567 3.945451259613037
-1569 3.949645757675171
-1571 3.955569267272949
-1573 3.9597160816192627
-1575 3.9650444984436035
-1578 3.9692001342773438
-1579 3.9742987155914307
-1581 3.9784045219421387
-1582 3.9835171699523926
-1585 3.987623453140259
-1587 3.9940152168273926
-1589 3.9981589317321777
-1590 4.003295421600342
-1593 4.007449626922607
-1594 4.012526273727417
-1596 4.016862154006958
-1598 4.021198749542236
-1600 4.026134252548218
-1602 4.030500411987305
-1604 4.035794019699097
-1606 4.041128396987915
-1608 4.046038627624512
-1610 4.050280809402466
-1611 4.055644512176514
-1614 4.059788942337036
-1616 4.065148591995239
-1618 4.069301605224609
-1620 4.074404001235962
-1621 4.078416109085083
-1623 4.083544492721558
-1626 4.087630748748779
-1628 4.094014406204224
-1629 4.098108530044556
-1631 4.103229284286499
-1632 4.107372522354126
-1635 4.112459421157837
-1636 4.117002248764038
-1639 4.121340036392212
-1642 4.126236200332642
-1644 4.135312080383301
-1647 4.139477252960205
-1648 4.145739793777466
-1650 4.149980068206787
-1652 4.155338525772095
-1654 4.159546375274658
-1656 4.164994955062866
-1658 4.169156551361084
-1660 4.17437481880188
-1662 4.178405523300171
-1663 4.183507442474365
-1666 4.187611818313599
-1668 4.19389796257019
-1670 4.197913408279419
-1671 4.203167676925659
-1673 4.207350969314575
-1675 4.212476015090942
-1677 4.216820955276489
-1679 4.221194744110107
-1681 4.226100206375122
-1683 4.230373859405518
-1685 4.2357378005981445
-1688 4.2400572299957275
-1689 4.246079683303833
-1691 4.250351428985596
-1692 4.25556492805481
-1695 4.25970458984375
-1696 4.264972448348999
-1699 4.269116640090942
-1700 4.274209022521973
-1702 4.27822208404541
-1704 4.2833943367004395
-1706 4.287518501281738
-1708 4.292564153671265
-1710 4.297948122024536
-1712 4.303182125091553
-1713 4.307326078414917
-1716 4.312403440475464
-1717 4.3165295124053955
-1720 4.32110333442688
-1722 4.326029539108276
-1723 4.3303141593933105
-1725 4.335533857345581
-1727 4.33970832824707
-1730 4.345726728439331
-1731 4.349971771240234
-1733 4.355329751968384
-1735 4.35952091217041
-1737 4.364579200744629
-1739 4.368819952011108
-1741 4.373945474624634
-1742 4.378149747848511
-1744 4.383291244506836
-1746 4.3874194622039795
-1748 4.39251971244812
-1750 4.39765739440918
-1752 4.402981519699097
-1754 4.407134056091309
-1756 4.411471605300903
-1758 4.416512727737427
-1760 4.42111873626709
-1762 4.426180839538574
-1764 4.430553913116455
-1765 4.4356489181518555
-1768 4.43989896774292
-1770 4.445184707641602
-1772 4.4502854347229
-1773 4.45548677444458
-1776 4.459625005722046
-1777 4.464952707290649
-1780 4.469022512435913
-1782 4.474296808242798
-1784 4.478321075439453
-1786 4.484354734420776
-1787 4.4883646965026855
-1790 4.493514776229858
-1792 4.498892307281494
-1794 4.503993272781372
-1795 4.508026361465454
-1797 4.5131988525390625
-1798 4.517333745956421
-1801 4.5224103927612305
-1805 4.5265443325042725
-1806 4.535861015319824
-1808 4.540114402770996
-1810 4.545472860336304
-1813 4.550860404968262
-1814 4.555999040603638
-1816 4.560265779495239
-1818 4.565455436706543
-1820 4.569622993469238
-1822 4.574932813644409
-1824 4.579086065292358
-1826 4.584118604660034
-1828 4.5882182121276855
-1829 4.59338903427124
-1832 4.5976667404174805
-1834 4.603959083557129
-1836 4.6080851554870605
-1837 4.613245725631714
-1839 4.6173670291900635
-1841 4.622453212738037
-1843 4.626556873321533
-1845 4.6311328411102295
-1847 4.636075735092163
-1848 4.640319585800171
-1850 4.645498991012573
-1854 4.650800704956055
-1855 4.655869007110596
-1857 4.6601457595825195
-1858 4.665387392044067
-1861 4.669569492340088
-1862 4.674844980239868
-1865 4.67885422706604
-1866 4.684120178222656
-1868 4.6882195472717285
-1870 4.693406581878662
-1873 4.697521448135376
-1874 4.7039313316345215
-1876 4.707910776138306
-1878 4.713177919387817
-1880 4.717474699020386
-1882 4.722551584243774
-1883 4.726907730102539
-1886 4.731230020523071
-1888 4.736107110977173
-1889 4.740370988845825
-1891 4.745582342147827
-1894 4.749737024307251
-1896 4.755807399749756
-1897 4.760048151016235
-1899 4.765305280685425
-1901 4.76947546005249
-1903 4.774949312210083
-1905 4.77893590927124
-1907 4.7839813232421875
-1908 4.7880775928497314
-1910 4.793241024017334
-1912 4.797375440597534
-1914 4.803502559661865
-1916 4.807587146759033
-1918 4.812948942184448
-1920 4.817262649536133
-1922 4.821983575820923
-1924 4.826469659805298
-1926 4.8310747146606445
-1928 4.83612322807312
-1930 4.8405022621154785
-1931 4.845594882965088
-1934 4.84974217414856
-1936 4.855786085128784
-1938 4.860056638717651
-1939 4.865327835083008
-1942 4.869525671005249
-1943 4.874802350997925
-1946 4.878828287124634
-1948 4.88396954536438
-1949 4.887946605682373
-1951 4.893179893493652
-1953 4.897444486618042
-1955 4.9025232791900635
-1957 4.907696485519409
-1959 4.913073778152466
-1960 4.917199373245239
-1963 4.921931028366089
-1966 4.926393032073975
-1968 4.935616731643677
-1970 4.939727783203125
-1972 4.9453911781311035
-1975 4.949547052383423
-1976 4.956494092941284
-1979 4.961118936538696
-1981 4.966050863265991
-1982 4.970314025878906
-1984 4.975508689880371
-1986 4.979672908782959
-1988 4.985023498535156
-1990 4.989208221435547
-1992 4.994287729263306
-1994 4.998311519622803
-2002 5.019542932510376
-2004 5.024881362915039
-2006 5.028860330581665
-2008 5.033963918685913
-2010 5.0379486083984375
-2011 5.043264627456665
-2014 5.04739236831665
-2016 5.052503824234009
-2018 5.057661533355713
-2020 5.0630340576171875
-2021 5.0672078132629395
-2024 5.071949243545532
-2025 5.076869249343872
-2028 5.081204414367676
-2029 5.086104393005371
-2031 5.090471506118774
-2032 5.095577955245972
-2035 5.09973669052124
-2037 5.105132341384888
-2039 5.11019492149353
-2040 5.115438222885132
-2043 5.119606018066406
-2044 5.124919176101685
-2047 5.128921270370483
-2048 5.134246110916138
-2050 5.138262987136841
-2052 5.143446207046509
-2054 5.147531986236572
-2056 5.152850151062012
-2058 5.157824516296387
-2060 5.163113832473755
-2062 5.167246103286743
-2064 5.171958684921265
-2066 5.176456689834595
-2068 5.181058645248413
-2070 5.185966730117798
-2071 5.190232515335083
-2073 5.195562839508057
-2075 5.199711561203003
-2078 5.205165863037109
-2079 5.210240125656128
-2081 5.215471982955933
-2084 5.219619989395142
-2085 5.224945068359375
-2088 5.229074478149414
-2089 5.234205007553101
-2091 5.238213539123535
-2092 5.243421792984009
-2095 5.247577667236328
-2096 5.25290322303772
-2099 5.257186651229858
-2100 5.263397693634033
-2103 5.267529010772705
-2104 5.2728612422943115
-2106 5.276996374130249
-2108 5.281347990036011
-2110 5.2862584590911865
-2112 5.290850400924683
-2114 5.295752286911011
-2116 5.300008535385132
-2118 5.30524754524231
-2120 5.310231685638428
-2122 5.315672159194946
-2124 5.31993556022644
-2126 5.3252012729644775
-2130 5.333426475524902
-2131 5.337894916534424
-2134 5.343183755874634
-2135 5.34811544418335
-2137 5.3532633781433105
-2139 5.357583045959473
-2142 5.363866567611694
-2143 5.367858171463013
-2145 5.373135805130005
-2148 5.377469539642334
-2149 5.382565259933472
-2151 5.386902332305908
-2153 5.391242504119873
-2155 5.396122217178345
-2156 5.400531768798828
-2158 5.405638217926025
-2161 5.4099037647247314
-2163 5.415833950042725
-2164 5.420089244842529
-2166 5.425365447998047
-2168 5.429551362991333
-2170 5.434980392456055
-2172 5.439108371734619
-2174 5.44420862197876
-2176 5.448268890380859
-2177 5.453438758850098
-2180 5.457517623901367
-2182 5.463507413864136
-2184 5.467872381210327
-2186 5.47312068939209
-2187 5.477233171463013
-2190 5.481966495513916
-2191 5.486404657363892
-2194 5.490956544876099
-2195 5.496001958847046
-2197 5.500258922576904
-2198 5.505493402481079
-2202 5.509681940078735
-2203 5.515754461288452
-2205 5.519970178604126
-2206 5.525179862976074
-2209 5.529311656951904
-2210 5.534427881240845
-2212 5.538461923599243
-2214 5.54357647895813
-2216 5.547673940658569
-2218 5.553015947341919
-2220 5.557309865951538
-2222 5.562416076660156
-2224 5.567519903182983
-2226 5.572839260101318
-2228 5.576990842819214
-2230 5.581343173980713
-2232 5.586215496063232
-2234 5.590818166732788
-2236 5.59588623046875
-2237 5.600174903869629
-2239 5.605387210845947
-2241 5.609555959701538
-2244 5.615718364715576
-2246 5.620023012161255
-2247 5.625280857086182
-2250 5.629475116729736
-2251 5.634533405303955
-2253 5.638551235198975
-2254 5.64362645149231
-2257 5.647829532623291
-2258 5.653095722198486
-2260 5.657222747802734
-2262 5.661911964416504
-2265 5.667460680007935
-2266 5.6725828647613525
-2268 5.677095413208008
-2270 5.681451320648193
-2272 5.686316013336182
-2274 5.690895318984985
-2276 5.695757150650024
-2278 5.700019359588623
-2280 5.705328702926636
-2282 5.709508180618286
-2284 5.714844703674316
-2286 5.7198967933654785
-2288 5.72532844543457
-2292 5.72955584526062
-2293 5.738209247589111
-2295 5.743394374847412
-2297 5.747690677642822
-2299 5.753058433532715
-2300 5.757325887680054
-2303 5.762399196624756
-2305 5.767572641372681
-2307 5.772946119308472
-2308 5.777085542678833
-2311 5.781428813934326
-2313 5.786335229873657
-2315 5.790890455245972
-2317 5.7959303855896
-2318 5.8001792430877686
-2320 5.8053929805755615
-2322 5.809593439102173
-2324 5.814908742904663
-2326 5.819922924041748
-2328 5.825171947479248
-2330 5.829343557357788
-2332 5.834430694580078
-2334 5.838459491729736
-2335 5.843558073043823
-2338 5.84766149520874
-2339 5.853008985519409
-2341 5.857351303100586
-2344 5.862452030181885
-2346 5.866579055786133
-2348 5.872901678085327
-2349 5.87702202796936
-2352 5.881373882293701
-2353 5.886268854141235
-2356 5.890821218490601
-2357 5.895752668380737
-2359 5.8999645709991455
-2360 5.9051947593688965
-2363 5.909363746643066
-2364 5.91480016708374
-2367 5.9185802936553955
-2368 5.924964427947998
-2371 5.929074764251709
-2372 5.934028387069702
-2374 5.938139200210571
-2376 5.943264007568359
-2378 5.947404146194458
-2380 5.953341960906982
-2382 5.95747184753418
-2384 5.9625403881073
-2386 5.966867923736572
-2388 5.97305703163147
-2390 5.977346420288086
-2392 5.982442378997803
-2394 5.986970901489258
-2396 5.99135684967041
-2398 5.996257543563843
