0 0.0033817291259765625
-1 0.015763521194458008
-2 0.026245832443237305
-3 0.03640270233154297
-6 0.045197486877441406
-8 0.056684255599975586
-10 0.06687140464782715
-12 0.07387542724609375
-13 0.07916021347045898
-15 0.08335137367248535
-17 0.08843445777893066
-18 0.09240984916687012
-20 0.09776544570922852
-22 0.10176634788513184
-23 0.10705733299255371
-25 0.1111907958984375
-27 0.11628532409667969
-30 0.12086653709411621
-31 0.12698602676391602
-33 0.13112640380859375
-36 0.13584256172180176
-37 0.1403205394744873
-40 0.1449735164642334
-42 0.14987969398498535
-43 0.1541612148284912
-45 0.1593608856201172
-48 0.16356778144836426
-50 0.16890645027160645
-52 0.17305326461791992
-54 0.17939996719360352
-57 0.18356108665466309
-59 0.18885302543640137
-62 0.19298338890075684
-63 0.19808030128479004
-65 0.20210480690002441
-67 0.20728349685668945
-70 0.21141505241394043
-72 0.21675562858581543
-74 0.22088408470153809
-76 0.2270374298095703
-78 0.23120498657226562
-81 0.23633193969726562
-83 0.24086833000183105
-86 0.245225191116333
-88 0.2501077651977539
-90 0.2546563148498535
-93 0.25957703590393066
-95 0.2639486789703369
-97 0.2691924571990967
-100 0.27337193489074707
-102 0.27943921089172363
-104 0.28359103202819824
-106 0.2889831066131592
-109 0.2931666374206543
-111 0.2984182834625244
-113 0.3024332523345947
-118 0.3079187870025635
-120 0.316866397857666
-122 0.3211631774902344
-125 0.3262932300567627
-128 0.33146190643310547
-130 0.33684730529785156
-132 0.34114933013916016
-134 0.34626221656799316
-136 0.35037899017333984
-140 0.35497260093688965
-141 0.3600313663482666
-143 0.36440014839172363
-145 0.3694915771484375
-149 0.3737754821777344
-151 0.379833459854126
-153 0.3840932846069336
-155 0.38931775093078613
-158 0.3935074806213379
-160 0.3989295959472656
-163 0.4030747413635254
-165 0.4081432819366455
-167 0.412189245223999
-169 0.41731858253479004
-172 0.42170238494873047
-174 0.4270031452178955
-176 0.4320652484893799
-178 0.43723630905151367
-181 0.44153833389282227
-183 0.44688916206359863
-185 0.4510643482208252
-188 0.45582151412963867
-190 0.4602937698364258
-193 0.46483850479125977
-195 0.4697916507720947
-197 0.4740560054779053
-200 0.48022890090942383
-203 0.4848287105560303
-205 0.4896879196166992
-207 0.4939436912536621
-209 0.4991765022277832
-212 0.5033383369445801
-214 0.5084400177001953
-216 0.5126655101776123
-218 0.5177478790283203
-220 0.5217564105987549
-224 0.5270082950592041
-225 0.5321848392486572
-227 0.5373196601867676
-230 0.5416812896728516
-232 0.5469298362731934
-234 0.5510547161102295
-237 0.5557875633239746
-239 0.5602667331695557
-242 0.5648691654205322
-244 0.569939374923706
-246 0.5742199420928955
-249 0.5794219970703125
-252 0.5848171710968018
-254 0.5896706581115723
-256 0.5939979553222656
-258 0.5993747711181641
-261 0.6035518646240234
-263 0.6088528633117676
-266 0.6130111217498779
-268 0.6180977821350098
-270 0.6221704483032227
-271 0.6273033618927002
-275 0.6324334144592285
-277 0.6377990245819092
-279 0.6418066024780273
-281 0.6470797061920166
-284 0.6512582302093506
-286 0.6563799381256104
-288 0.6609117984771729
-291 0.6652734279632568
-293 0.670177698135376
-296 0.6748085021972656
-298 0.679678201675415
-301 0.6850433349609375
-303 0.6899607181549072
-306 0.6942243576049805
-308 0.6995940208435059
-310 0.703864574432373
-314 0.7091050148010254
-316 0.7179629802703857
-318 0.7220838069915771
-320 0.7272624969482422
-324 0.731665849685669
-326 0.7380986213684082
-328 0.7421679496765137
-330 0.7472968101501465
-333 0.751399040222168
-335 0.7567706108093262
-337 0.7609243392944336
-340 0.7652971744537354
-342 0.7701618671417236
-345 0.7747020721435547
-347 0.779801607131958
-350 0.7852065563201904
-352 0.7900862693786621
-354 0.7946739196777344
-357 0.7995834350585938
-358 0.8038339614868164
-360 0.8090848922729492
-364 0.8132953643798828
-366 0.8183767795562744
-368 0.8223886489868164
-370 0.8274893760681152
-373 0.831989049911499
-375 0.838670015335083
-377 0.8426759243011475
-380 0.8477475643157959
-382 0.851733922958374
-384 0.8569824695587158
-386 0.861107587814331
-389 0.8658192157745361
-391 0.8703196048736572
-394 0.8749234676361084
-396 0.8798599243164062
-399 0.8841209411621094
-401 0.8903172016143799
-404 0.8949136734008789
-406 0.8999893665313721
-408 0.9043927192687988
-410 0.9094860553741455
-412 0.9136409759521484
-414 0.918980598449707
-418 0.9231932163238525
-420 0.9282734394073486
-421 0.9323012828826904
-424 0.9387054443359375
-427 0.9427409172058105
-429 0.9478552341461182
-431 0.952012300491333
-433 0.9571542739868164
-436 0.9614672660827637
-438 0.9668159484863281
-441 0.9712224006652832
-444 0.9777910709381104
-446 0.9818103313446045
-449 0.9870457649230957
-451 0.9921951293945312
-453 0.9973180294036865
-456 1.0014209747314453
-458 1.0068013668060303
-460 1.0109317302703857
-462 1.015303134918213
-464 1.0204083919525146
-468 1.0249826908111572
-470 1.0299572944641113
-472 1.034219741821289
-474 1.0401160717010498
-476 1.0446922779083252
-479 1.049583911895752
-481 1.0538909435272217
-483 1.0592010021209717
-486 1.063399314880371
-488 1.068671703338623
-491 1.072671890258789
-493 1.0779495239257812
-495 1.0820586681365967
-498 1.0872406959533691
-501 1.0927584171295166
-503 1.097862958908081
-505 1.1019744873046875
-507 1.1071581840515137
-512 1.1113104820251465
-514 1.1203033924102783
-516 1.1248643398284912
-518 1.1299364566802979
-521 1.134218454360962
-523 1.1406915187835693
-526 1.1450319290161133
-528 1.1499576568603516
-530 1.1542365550994873
-532 1.1594297885894775
-535 1.1635711193084717
-537 1.1689794063568115
-540 1.1731247901916504
-542 1.1781954765319824
-544 1.1822381019592285
-547 1.1874301433563232
-550 1.1929574012756348
-552 1.1982440948486328
-554 1.202268362045288
-556 1.2073664665222168
-558 1.2114789485931396
-560 1.2168192863464355
-562 1.2211236953735352
-565 1.225839614868164
-567 1.2303969860076904
-570 1.23496413230896
-572 1.2398574352264404
-575 1.245234727859497
-577 1.250143051147461
-580 1.2546768188476562
-582 1.259749412536621
-584 1.2640161514282227
-586 1.269244909286499
-589 1.2734014987945557
-591 1.2787108421325684
-594 1.282715082168579
-596 1.2878389358520508
-599 1.2930042743682861
-601 1.2980952262878418
-602 1.3021020889282227
-604 1.3072881698608398
-608 1.311382532119751
-610 1.3167057037353516
-612 1.3210089206695557
-614 1.3253304958343506
-616 1.330212116241455
-619 1.3348109722137451
-621 1.3396902084350586
-624 1.345045804977417
-626 1.3501105308532715
-629 1.35467529296875
-631 1.3596153259277344
-633 1.3638615608215332
-638 1.3727664947509766
-640 1.3780994415283203
-642 1.3821418285369873
-644 1.3872807025909424
-647 1.3913874626159668
-650 1.3974902629852295
-652 1.401742696762085
-654 1.4069886207580566
-656 1.4111299514770508
-658 1.416245698928833
-660 1.4203662872314453
-664 1.4249439239501953
-666 1.429856538772583
-668 1.434136152267456
-669 1.439530372619629
-673 1.4437527656555176
-675 1.4497570991516113
-677 1.4540295600891113
-679 1.4592387676239014
-682 1.4634063243865967
-684 1.4686915874481201
-687 1.4727041721343994
-689 1.4780573844909668
-691 1.4820992946624756
-693 1.4872543811798096
-696 1.4913299083709717
-699 1.4974510669708252
-701 1.5018041133880615
-703 1.5070691108703613
-708 1.5112128257751465
-710 1.5200788974761963
-712 1.524432897567749
-714 1.5296719074249268
-716 1.533907413482666
-718 1.5392823219299316
-721 1.5434753894805908
-723 1.549462080001831
-726 1.5535926818847656
-728 1.5591161251068115
-731 1.563262701034546
-733 1.5683414936065674
-735 1.5723471641540527
-737 1.5774648189544678
-740 1.581681728363037
-742 1.5869390964508057
-744 1.5910563468933105
-747 1.5957746505737305
-750 1.6013426780700684
-752 1.6067523956298828
-754 1.611067295074463
-756 1.615786075592041
-758 1.620438575744629
-762 1.6250436305999756
-764 1.6299657821655273
-765 1.6343510150909424
-767 1.639441967010498
-770 1.6435582637786865
-773 1.6495890617370605
-775 1.6539227962493896
-777 1.6592059135437012
-780 1.6634089946746826
-782 1.6686787605285645
-785 1.6727039813995361
-787 1.6779749393463135
-789 1.6821162700653076
-791 1.687279462814331
-794 1.6913659572601318
-797 1.696662425994873
-799 1.7017238140106201
-804 1.712165117263794
-806 1.717428207397461
-808 1.7215237617492676
-810 1.7268507480621338
-812 1.7310035228729248
-815 1.7357368469238281
-817 1.7404098510742188
-820 1.7450189590454102
-822 1.7509784698486328
-825 1.7553610801696777
-827 1.7602214813232422
-830 1.7648074626922607
-832 1.769735336303711
-834 1.7740049362182617
-836 1.7792437076568604
-839 1.7834155559539795
-841 1.7887284755706787
-844 1.792776346206665
-846 1.7981274127960205
-848 1.8033244609832764
-850 1.8084020614624023
-852 1.8123981952667236
-856 1.8175225257873535
-858 1.8217144012451172
-860 1.8270156383514404
-862 1.8311526775360107
-864 1.8362712860107422
-866 1.8403985500335693
-869 1.8449921607971191
-871 1.849940299987793
-874 1.8557400703430176
-876 1.8604121208190918
-879 1.865006923675537
-881 1.8701047897338867
-883 1.874680995941162
-886 1.879608154296875
-888 1.8838493824005127
-890 1.889134168624878
-893 1.8932888507843018
-895 1.8983728885650635
-898 1.903451681137085
-900 1.9088096618652344
-904 1.9129462242126465
-906 1.9214181900024414
-908 1.9267213344573975
-910 1.9310100078582764
-913 1.9357614517211914
-915 1.9406976699829102
-918 1.9450616836547852
-920 1.950108528137207
-923 1.955740213394165
-925 1.9602386951446533
-928 1.9648163318634033
-930 1.9697034358978271
-933 1.9739630222320557
-935 1.9799482822418213
-937 1.9842419624328613
-939 1.989457130432129
-942 1.9936106204986572
-944 1.999122142791748
-947 2.0032811164855957
-949 2.009376049041748
-952 2.0135250091552734
-954 2.0188441276550293
-956 2.022984266281128
-958 2.028059482574463
-960 2.0320584774017334
-962 2.03716778755188
-965 2.0414228439331055
-967 2.046800374984741
-970 2.050929307937622
-972 2.0570807456970215
-975 2.0612356662750244
-977 2.06634259223938
-979 2.0704405307769775
-982 2.075059413909912
-984 2.0799434185028076
-986 2.0841927528381348
-988 2.0894200801849365
-991 2.093562126159668
-993 2.0990259647369385
-996 2.103201150894165
-998 2.109302282333374
-1000 2.1134324073791504
-1002 2.1187081336975098
-1006 2.1227307319641113
-1008 2.1281020641326904
-1009 2.1321654319763184
-1011 2.137284278869629
-1014 2.141388177871704
-1016 2.1466925144195557
-1018 2.1508023738861084
-1021 2.1551742553710938
-1023 2.161205530166626
-1026 2.166318416595459
-1028 2.170407295227051
-1031 2.174992561340332
-1033 2.1799018383026123
-1035 2.1842057704925537
-1037 2.1893656253814697
-1040 2.1935019493103027
-1042 2.1988039016723633
-1045 2.2028868198394775
-1047 2.2090516090393066
-1050 2.2132089138031006
-1052 2.2184255123138428
-1054 2.2224104404449463
-1056 2.227506399154663
-1058 2.231706380844116
-1060 2.236999750137329
-1062 2.24112868309021
-1065 2.245812177658081
-1067 2.2502927780151367
-1070 2.2548940181732178
-1072 2.260913610458374
-1075 2.2653069496154785
-1077 2.2701785564422607
-1080 2.2747485637664795
-1082 2.279798984527588
-1084 2.284080743789673
-1086 2.2893025875091553
-1089 2.2935049533843994
-1091 2.298813581466675
-1094 2.303013563156128
-1096 2.3080852031707764
-1100 2.313323497772217
-1102 2.3220677375793457
-1104 2.327293872833252
-1107 2.331650733947754
-1109 2.3369131088256836
-1112 2.3412625789642334
-1114 2.3463873863220215
-1116 2.350874423980713
-1119 2.3552064895629883
-1121 2.36114501953125
-1124 2.36582612991333
-1126 2.3703107833862305
-1129 2.374927043914795
-1131 2.379802942276001
-1133 2.3841054439544678
-1135 2.3894786834716797
-1138 2.3936398029327393
-1140 2.3992209434509277
-1143 2.4033877849578857
-1146 2.408921003341675
-1148 2.41401743888855
-1150 2.419232130050659
-1152 2.4233996868133545
-1154 2.428711175918579
-1158 2.432739734649658
-1160 2.437842845916748
-1161 2.4419302940368652
-1163 2.447072744369507
-1166 2.451213836669922
-1168 2.4563651084899902
-1171 2.4608523845672607
-1173 2.4669885635375977
-1175 2.4711220264434814
-1178 2.4758174419403076
-1180 2.480313539505005
-1183 2.4849257469177246
-1185 2.4897942543029785
-1187 2.4940390586853027
-1189 2.4992966651916504
-1192 2.5034661293029785
-1194 2.5087990760803223
-1197 2.5137827396392822
-1199 2.5192041397094727
-1202 2.5233798027038574
-1204 2.5284368991851807
-1206 2.5326576232910156
-1208 2.5377907752990723
-1210 2.5417726039886475
-1212 2.547011137008667
-1214 2.5511584281921387
-1217 2.556257486343384
-1220 2.560375928878784
-1222 2.5668118000030518
-1224 2.5709667205810547
-1227 2.5753118991851807
-1229 2.5803775787353516
-1232 2.5849552154541016
-1234 2.589857578277588
-1236 2.5941364765167236
-1238 2.5993549823760986
-1241 2.603503704071045
-1243 2.6088109016418457
-1246 2.6129302978515625
-1248 2.619093179702759
-1250 2.623243808746338
-1252 2.628312110900879
-1254 2.6323153972625732
-1258 2.6374168395996094
-1259 2.6417739391326904
-1261 2.6470484733581543
-1264 2.6513264179229736
-1266 2.656409502029419
-1268 2.660755157470703
-1271 2.666910171508789
-1273 2.671041250228882
-1276 2.675779104232788
-1278 2.6802868843078613
-1281 2.6848907470703125
-1283 2.6897947788238525
-1285 2.6940484046936035
-1287 2.6994104385375977
-1290 2.7035791873931885
-1292 2.7088699340820312
-1297 2.7130489349365234
-1298 2.7222812175750732
-1302 2.7274134159088135
-1304 2.7319655418395996
-1305 2.737114429473877
-1308 2.741361379623413
-1310 2.746706008911133
-1312 2.7509925365448
-1315 2.7553277015686035
-1317 2.760375499725342
-1320 2.7649598121643066
-1322 2.7707295417785645
-1325 2.775087356567383
-1327 2.7801313400268555
-1330 2.784686803817749
-1332 2.789588212966919
-1334 2.7938790321350098
-1336 2.799137830734253
-1339 2.803298234939575
-1341 2.8083536624908447
-1343 2.8124070167541504
-1346 2.818950891494751
-1348 2.8231360912323
-1350 2.8282132148742676
-1352 2.8322248458862305
-1354 2.8373196125030518
-1357 2.841461658477783
-1359 2.8468151092529297
-1361 2.8509583473205566
-1364 2.855325937271118
-1366 2.8601887226104736
-1369 2.864794969558716
-1371 2.8704349994659424
-1374 2.8750174045562744
-1376 2.8800950050354004
-1378 2.8844361305236816
-1380 2.8895514011383057
-1383 2.8938210010528564
-1385 2.8990447521209717
-1388 2.903204917907715
-1390 2.9086556434631348
-1392 2.9126641750335693
-1394 2.9177286624908447
-1398 2.9230549335479736
-1400 2.928117275238037
-1402 2.932124614715576
-1404 2.937257766723633
-1406 2.9415411949157715
-1408 2.946909189224243
-1410 2.9510629177093506
-1413 2.955772638320923
-1415 2.960251569747925
-1418 2.9648096561431885
-1420 2.970741033554077
-1423 2.975116491317749
-1425 2.9808766841888428
-1428 2.985227346420288
-1430 2.9901301860809326
-1433 2.9946835041046143
-1435 2.999774694442749
-1437 3.0040547847747803
-1439 3.009267568588257
-1442 3.013460636138916
-1445 3.0187478065490723
-1446 3.023831605911255
-1448 3.029068946838379
-1452 3.033257484436035
-1454 3.0387420654296875
-1456 3.042764902114868
-1458 3.0478641986846924
-1460 3.0520029067993164
-1462 3.057121515274048
-1465 3.061418294906616
-1467 3.066725730895996
-1470 3.0716726779937744
-1472 3.0769712924957275
-1474 3.081109046936035
-1477 3.085806369781494
-1479 3.090360164642334
-1482 3.094956636428833
-1484 3.099853038787842
-1486 3.1041057109832764
-1488 3.1093225479125977
-1491 3.113478183746338
-1496 3.1233932971954346
-1498 3.128844976425171
-1500 3.132957935333252
-1502 3.138214111328125
-1504 3.1422667503356934
-1507 3.1473655700683594
-1509 3.1517105102539062
-1511 3.1569631099700928
-1513 3.161104202270508
-1516 3.1657934188842773
-1519 3.1706838607788086
-1521 3.176858901977539
-1523 3.1811630725860596
-1526 3.1862642765045166
-1528 3.190397262573242
-1531 3.1950154304504395
-1533 3.199925422668457
-1535 3.204195022583008
-1537 3.2094247341156006
-1540 3.213571786880493
-1542 3.218881130218506
-1544 3.223057270050049
-1546 3.2291791439056396
-1550 3.2333600521087646
-1552 3.2388150691986084
-1554 3.24294114112854
-1556 3.247971534729004
-1558 3.252079486846924
-1560 3.2572405338287354
-1563 3.2613425254821777
-1565 3.2664170265197754
-1567 3.2707815170288086
-1570 3.276965379714966
-1572 3.281095266342163
-1575 3.285825490951538
-1577 3.290304183959961
-1580 3.294870138168335
-1582 3.299936056137085
-1584 3.3041999340057373
-1586 3.309438705444336
-1589 3.31357479095459
-1590 3.3188326358795166
-1594 3.322981119155884
-1596 3.3290855884552
-1598 3.3332512378692627
-1600 3.3383419513702393
-1605 3.3488259315490723
-1608 3.3529951572418213
-1610 3.3582329750061035
-1612 3.362278938293457
-1614 3.3674020767211914
-1617 3.371511220932007
-1620 3.3777976036071777
-1622 3.381803512573242
-1624 3.387068271636963
-1626 3.391221761703491
-1629 3.396329879760742
-1631 3.4007577896118164
-1634 3.405097484588623
-1636 3.410001754760742
-1638 3.414389133453369
-1640 3.419675350189209
-1644 3.4239025115966797
-1646 3.430110454559326
-1648 3.4346790313720703
-1650 3.439589262008667
-1652 3.443862199783325
-1654 3.449183702468872
-1657 3.453399419784546
-1659 3.458658218383789
-1661 3.4626882076263428
-1664 3.4677860736846924
-1666 3.471947193145752
-1669 3.4792137145996094
-1672 3.4834136962890625
-1674 3.488697052001953
-1677 3.4927022457122803
-1679 3.4978291988372803
-1681 3.5019173622131348
-1683 3.5070416927337646
-1685 3.5111546516418457
-1688 3.5158591270446777
-1693 3.5246477127075195
-1694 3.5307626724243164
-1698 3.5351359844207764
-1700 3.540250539779663
-1702 3.5448081493377686
-1704 3.549867868423462
-1706 3.5541529655456543
-1708 3.5594892501831055
-1711 3.5636420249938965
-1713 3.568962812423706
-1716 3.573124408721924
-1718 3.5782744884490967
-1721 3.5835180282592773
-1723 3.5888173580169678
-1726 3.592937707901001
-1728 3.598210573196411
-1730 3.6022331714630127
-1732 3.607389450073242
-1735 3.6114654541015625
-1737 3.6168086528778076
-1739 3.620955228805542
-1742 3.625314950942993
-1744 3.6312344074249268
-1746 3.636408805847168
-1748 3.64077091217041
-1751 3.6451098918914795
-1753 3.650012969970703
-1756 3.654374599456787
-1758 3.6596426963806152
-1760 3.6638784408569336
-1762 3.6691231727600098
-1765 3.6732866764068604
-1767 3.6783549785614014
-1770 3.6835479736328125
-1772 3.6890411376953125
-1775 3.6932260990142822
-1777 3.698270559310913
-1779 3.702312469482422
-1781 3.707423448562622
-1784 3.7115371227264404
-1786 3.7169387340545654
-1789 3.721256971359253
-1791 3.72636342048645
-1794 3.7307238578796387
-1796 3.736816644668579
-1798 3.7409348487854004
-1800 3.7453277111053467
-1802 3.7502379417419434
-1805 3.754793643951416
-1807 3.759754180908203
-1809 3.7640209197998047
-1811 3.7692434787750244
-1814 3.773420810699463
-1816 3.778895854949951
-1819 3.783935546875
-1821 3.7891716957092285
-1824 3.793339729309082
-1826 3.7986605167388916
-1828 3.8026649951934814
-1831 3.8077502250671387
-1833 3.8117220401763916
-1835 3.8169755935668945
-1838 3.8212480545043945
-1840 3.826364517211914
-1842 3.8307151794433594
-1844 3.836893320083618
-1846 3.8411946296691895
-1850 3.8462536334991455
-1852 3.8503832817077637
-1854 3.8549811840057373
-1856 3.8598530292510986
-1858 3.8641304969787598
-1860 3.8693459033966064
-1863 3.8735249042510986
-1865 3.8788225650787354
-1868 3.8829967975616455
-1870 3.8892128467559814
-1873 3.8933873176574707
-1875 3.8988611698150635
-1878 3.903050184249878
-1880 3.90813946723938
-1882 3.912165880203247
-1884 3.9172964096069336
-1889 3.925240993499756
-1891 3.9302563667297363
-1894 3.9348373413085938
-1896 3.940861225128174
-1898 3.9451980590820312
-1900 3.9504120349884033
-1904 3.954970121383667
-1906 3.9600136280059814
-1907 3.9644434452056885
-1910 3.9695770740509033
-1913 3.973816394805908
-1915 3.9796347618103027
-1918 3.983880043029785
-1920 3.9898836612701416
-1922 3.9941701889038086
-1924 3.9993677139282227
-1927 4.003536939620972
-1929 4.00883936882019
-1932 4.0129616260528564
-1934 4.018239259719849
-1936 4.02226185798645
-1938 4.027393102645874
-1941 4.031470060348511
-1944 4.036810398101807
-1946 4.041936159133911
-1948 4.047119617462158
-1950 4.0512120723724365
-1952 4.056315898895264
-1954 4.0603978633880615
-1957 4.064977407455444
-1959 4.069899797439575
-1962 4.074198961257935
-1964 4.0796003341674805
-1966 4.083824634552002
-1969 4.0897533893585205
-1971 4.0940306186676025
-1973 4.099272012710571
-1976 4.103429317474365
-1978 4.108714818954468
-1981 4.112702369689941
-1983 4.1178059577941895
-1985 4.12179708480835
-1987 4.12707257270813
-1989 4.131196975708008
-1993 4.136288642883301
-1995 4.141705751419067
-1996 4.146942853927612
-1998 4.151054859161377
-2002 4.15581202507019
-2004 4.160282135009766
-2006 4.164831161499023
-2008 4.169720888137817
-2010 4.17399263381958
-2012 4.179231405258179
-2015 4.183420658111572
-2018 4.188760757446289
-2020 4.193831205368042
-2022 4.1992027759552
-2025 4.203393936157227
-2027 4.208881616592407
-2030 4.213009595870972
-2032 4.218090534210205
-2034 4.222098350524902
-2036 4.227242946624756
-2039 4.231315612792969
-2041 4.236441135406494
-2044 4.241706609725952
-2046 4.246993541717529
-2048 4.251112461090088
-2050 4.2558252811431885
-2052 4.260702610015869
-2056 4.265096664428711
-2058 4.26999568939209
-2060 4.274352550506592
-2062 4.279439210891724
-2064 4.283587217330933
-2067 4.288973093032837
-2069 4.294044733047485
-2071 4.299251556396484
-2074 4.30341100692749
-2076 4.3086676597595215
-2079 4.312688589096069
-2081 4.317964553833008
-2085 4.3268187046051025
-2087 4.331113576889038
-2090 4.335804224014282
-2093 4.340785264968872
-2095 4.34693455696106
-2097 4.351218223571777
-2100 4.356313943862915
-2102 4.360395669937134
-2104 4.364966869354248
-2106 4.369833946228027
-2108 4.374111175537109
-2110 4.37946343421936
-2114 4.383587837219238
-2115 4.388901948928833
-2118 4.3939173221588135
-2120 4.399241209030151
-2123 4.4034342765808105
-2125 4.408745288848877
-2128 4.41274619102478
-2130 4.417856454849243
-2132 4.421970844268799
-2134 4.42709755897522
-2137 4.431241512298584
-2139 4.436323642730713
-2142 4.440840482711792
-2144 4.447031736373901
-2146 4.451166152954102
-2149 4.456268310546875
-2151 4.460398435592651
-2154 4.464980840682983
-2156 4.470088243484497
-2158 4.474435091018677
-2160 4.47955060005188
-2162 4.483793020248413
-2164 4.489044904708862
-2167 4.493223428726196
-2169 4.499489784240723
-2172 4.503632068634033
-2174 4.508936166763306
-2177 4.513124942779541
-2179 4.518186092376709
-2181 4.5222084522247314
-2183 4.5273144245147705
-2186 4.53143048286438
-2188 4.536757230758667
-2190 4.54090690612793
-2193 4.547030687332153
-2195 4.55119776725769
-2198 4.556309700012207
-2200 4.560840606689453
-2203 4.565193176269531
-2205 4.570152521133423
-2208 4.574687719345093
-2210 4.579616546630859
-2212 4.583857536315918
-2213 4.589105606079102
-2216 4.593240022659302
-2218 4.599371671676636
-2221 4.603547811508179
-2223 4.608843564987183
-2226 4.612973928451538
-2228 4.618238925933838
-2230 4.622319221496582
-2232 4.627439022064209
-2235 4.631555557250977
-2237 4.636898756027222
-2239 4.641039609909058
-2242 4.6457648277282715
-2245 4.651362180709839
-2247 4.6566643714904785
-2249 4.660806894302368
-2252 4.66516637802124
-2254 4.670031785964966
-2256 4.6744065284729
-2258 4.6796722412109375
-2260 4.6839282512664795
-2262 4.689184188842773
-2266 4.693374156951904
-2267 4.699375629425049
-2270 4.7035417556762695
-2272 4.708876609802246
-2275 4.713012933731079
-2277 4.718084335327148
-2281 4.722116947174072
-2283 4.731070280075073
-2286 4.735779523849487
-2288 4.740776062011719
-2291 4.745113849639893
-2293 4.751098155975342
-2296 4.755831241607666
-2298 4.760373115539551
-2301 4.764954328536987
-2303 4.769820690155029
-2305 4.7740867137908936
-2307 4.7793145179748535
-2310 4.783483028411865
-2312 4.788815498352051
-2314 4.79288125038147
-2316 4.798106908798218
-2320 4.803406000137329
-2321 4.808704376220703
-2324 4.812736988067627
-2326 4.817858695983887
-2328 4.821969509124756
-2330 4.82711935043335
-2332 4.831231594085693
-2335 4.836292266845703
-2337 4.840432405471802
-2340 4.8450586795806885
-2342 4.8510212898254395
-2345 4.855763912200928
-2347 4.860687971115112
-2350 4.865049839019775
-2352 4.869951963424683
-2354 4.874241352081299
-2356 4.8794169425964355
-2359 4.8835484981536865
-2360 4.888848543167114
-2364 4.892980337142944
-2366 4.898080348968506
-2368 4.903157949447632
-2370 4.9082396030426025
-2372 4.912274599075317
-2375 4.917374610900879
-2377 4.921738147735596
-2379 4.927011013031006
-2381 4.931151628494263
-2384 4.936216115951538
-2386 4.940359115600586
-2389 4.944950580596924
-2391 4.949822187423706
-2394 4.955266952514648
-2396 4.960142135620117
-2398 4.964672327041626
-2401 4.969553709030151
-2404 4.973790168762207
-2406 4.979797124862671
-2410 4.990041017532349
-2412 4.994656085968018
-2416 4.999570369720459
-2418 5.004837274551392
-2420 5.009777545928955
-2422 5.014075994491577
-2424 5.0192787647247314
-2427 5.023436069488525
-2429 5.02872633934021
-2432 5.032765865325928
-2434 5.038103103637695
-2436 5.042140960693359
-2438 5.0472729206085205
-2441 5.051393032073975
-2444 5.057722091674805
-2446 5.061727523803711
-2448 5.067004442214966
-2450 5.071194648742676
-2453 5.076318740844727
-2455 5.080425024032593
-2458 5.085004091262817
-2460 5.089956045150757
-2462 5.094218015670776
-2464 5.099645376205444
-2468 5.105043888092041
-2470 5.109954833984375
-2472 5.114330530166626
-2474 5.119603633880615
-2478 5.123854875564575
-2480 5.1322386264801025
-2482 5.1373491287231445
-2485 5.141703128814697
-2487 5.146976470947266
-2490 5.151248931884766
-2493 5.157408237457275
-2495 5.16194486618042
-2497 5.167109966278076
-2500 5.171283006668091
-2502 5.1763811111450195
-2504 5.180732488632202
-2507 5.185083389282227
-2509 5.189965486526489
-2511 5.194233179092407
-2513 5.199439525604248
-2516 5.203585863113403
-2518 5.2096848487854
-2520 5.213926315307617
-2522 5.219331979751587
-2525 5.223496198654175
-2527 5.228819370269775
-2530 5.2329699993133545
-2532 5.238061904907227
-2534 5.2420899868011475
-2536 5.247255563735962
-2539 5.2515199184417725
-2542 5.257820129394531
-2544 5.261817216873169
-2546 5.2670533657073975
-2548 5.271179437637329
-2551 5.276294231414795
-2553 5.28082537651062
-2556 5.285176753997803
-2558 5.290105819702148
-2560 5.294657230377197
-2562 5.299555540084839
-2566 5.303792953491211
-2568 5.309839487075806
-2570 5.314121723175049
-2572 5.319333791732788
-2574 5.323497533798218
-2576 5.328809976577759
-2579 5.332939863204956
-2581 5.33823823928833
-2583 5.342288017272949
-2585 5.347412109375
-2588 5.351501226425171
-2591 5.356853723526001
-2593 5.361928701400757
-2596 5.367112636566162
-2598 5.3717968463897705
-2600 5.377056837081909
-2603 5.381322383880615
-2605 5.386415958404541
-2607 5.390794992446899
-2610 5.395166397094727
-2612 5.400235891342163
-2615 5.404795408248901
-2616 5.410769939422607
-2620 5.41513466835022
-2622 5.4200520515441895
-2624 5.424422979354858
-2626 5.429512977600098
-2628 5.433745861053467
-2630 5.4389708042144775
-2633 5.443098783493042
-2635 5.4481894969940186
-2637 5.452194690704346
-2640 5.457342863082886
-2643 5.463042259216309
-2645 5.4680938720703125
-2647 5.472113847732544
-2649 5.477252244949341
-2652 5.481415748596191
-2654 5.486713647842407
-2656 5.490843057632446
-2659 5.495199918746948
-2661 5.500067710876465
-2664 5.504642963409424
-2666 5.509713649749756
-2669 5.515082120895386
-2670 5.520140647888184
-2674 5.524716377258301
-2678 5.533407688140869
-2680 5.5388524532318115
-2682 5.542977333068848
-2684 5.548233509063721
-2686 5.552248954772949
-2689 5.557384490966797
-2692 5.5629541873931885
-2694 5.568061590194702
-2696 5.572084426879883
-2698 5.577247858047485
-2701 5.581527233123779
-2703 5.5868706703186035
-2705 5.591022729873657
-2708 5.595752716064453
-2710 5.600249767303467
-2713 5.604866981506348
-2715 5.609801292419434
-2718 5.615185499191284
-2720 5.620077133178711
-2722 5.624433517456055
-2724 5.629545211791992
-2726 5.633780002593994
-2728 5.6392292976379395
-2732 5.643412351608276
-2734 5.648688793182373
-2736 5.652711391448975
-2738 5.657839298248291
-2741 5.661943435668945
-2743 5.668188810348511
-2745 5.6722023487091064
-2747 5.6773011684417725
-2750 5.681386947631836
-2752 5.686709403991699
-2754 5.690871953964233
-2757 5.695249557495117
-2759 5.700298547744751
-2762 5.704885005950928
-2764 5.709803104400635
-2767 5.715208053588867
-2769 5.720142602920532
-2772 5.724671840667725
-2774 5.729611873626709
-2776 5.7338786125183105
-2778 5.739160060882568
-2780 5.743316650390625
-2782 5.7484211921691895
-2784 5.752432823181152
-2787 5.757890939712524
-2790 5.762012958526611
-2792 5.76870059967041
-2795 5.772698402404785
-2797 5.777824640274048
-2799 5.781808376312256
-2801 5.787030458450317
-2803 5.791172742843628
-2806 5.796237945556641
-2808 5.800367832183838
-2811 5.804978370666504
-2813 5.809859752655029
-2816 5.814128398895264
-2818 5.820262670516968
-2821 5.824816942214966
-2822 5.829747915267944
-2824 5.834033250808716
-2826 5.839237928390503
-2830 5.843404531478882
-2832 5.848674774169922
-2834 5.852674961090088
-2836 5.857808589935303
-2838 5.86179256439209
-2841 5.867957830429077
-2843 5.872079849243164
-2845 5.877247333526611
-2848 5.881540775299072
-2850 5.886930227279663
-2852 5.891057252883911
-2855 5.8957672119140625
-2857 5.9004292488098145
-2860 5.905041456222534
-2862 5.909937143325806
-2865 5.914222002029419
-2867 5.920227527618408
-2875 5.924794673919678
-2878 5.943268299102783
-2880 5.949336528778076
-2884 5.95348048210144
-2886 5.95897102355957
-2888 5.9631288051605225
-2890 5.969198942184448
-2894 5.973410606384277
-2896 5.979663610458374
-2899 5.984699010848999
-2901 5.989602327346802
-2903 5.993851184844971
-2905 5.999297380447388
