0 0.005575656890869141
-1 0.017120838165283203
-2 0.027248620986938477
-4 0.03582930564880371
-7 0.046059370040893555
-9 0.05611753463745117
-13 0.06445956230163574
-14 0.07556939125061035
-16 0.0797421932220459
-18 0.08522844314575195
-20 0.08939957618713379
-22 0.0944674015045166
-23 0.0984795093536377
-25 0.10359358787536621
-30 0.11141657829284668
-32 0.11647725105285645
-35 0.12105083465576172
-37 0.12699675559997559
-39 0.13135361671447754
-41 0.13648223876953125
-44 0.1410691738128662
-47 0.14615249633789062
-49 0.15041828155517578
-51 0.15564846992492676
-54 0.15978455543518066
-56 0.16511750221252441
-59 0.1692976951599121
-61 0.17439866065979004
-64 0.1794893741607666
-67 0.18459558486938477
-69 0.18860507011413574
-72 0.19393301010131836
-74 0.1979384422302246
-76 0.2031712532043457
-79 0.2074570655822754
-82 0.21257948875427246
-84 0.21692466735839844
-92 0.2212982177734375
-94 0.23414039611816406
-96 0.2382514476776123
-99 0.24336886405944824
-102 0.2475118637084961
-104 0.25261878967285156
-106 0.25699591636657715
-110 0.2613656520843506
-112 0.26641845703125
-115 0.27100706100463867
-117 0.27596426010131836
-121 0.28136110305786133
-123 0.28623247146606445
-125 0.29061007499694824
-128 0.29573678970336914
-131 0.29998278617858887
-133 0.3052396774291992
-137 0.30942583084106445
-139 0.3145020008087158
-141 0.3185238838195801
-145 0.3236548900604248
-148 0.32918763160705566
-151 0.3355560302734375
-154 0.33972692489624023
-156 0.34505128860473633
-160 0.34917426109313965
-162 0.35426998138427734
-164 0.3583214282989502
-167 0.3634815216064453
-170 0.3676021099090576
-172 0.3729093074798584
-176 0.37705135345458984
-178 0.3832399845123291
-181 0.3875279426574707
-186 0.392594575881958
-189 0.4008769989013672
-192 0.4058868885040283
-194 0.41014695167541504
-197 0.4154171943664551
-200 0.41959381103515625
-202 0.4249584674835205
-206 0.4299919605255127
-208 0.4352872371673584
-211 0.43947815895080566
-214 0.44495415687561035
-217 0.4489607810974121
-219 0.4540896415710449
-222 0.4582223892211914
-224 0.46337389945983887
-227 0.46751952171325684
-230 0.4725790023803711
-233 0.4769294261932373
-235 0.48311829566955566
-238 0.48725223541259766
-241 0.4919593334197998
-243 0.4964756965637207
-247 0.501021146774292
-251 0.5060703754425049
-254 0.515230655670166
-257 0.519392728805542
-260 0.5249454975128174
-263 0.5289413928985596
-265 0.535226583480835
-269 0.5393762588500977
-271 0.5444648265838623
-273 0.5485045909881592
-276 0.553619384765625
-279 0.5577478408813477
-281 0.5630972385406494
-284 0.567399263381958
-287 0.5725533962249756
-289 0.5769264698028564
-293 0.582958459854126
-295 0.5870726108551025
-299 0.5914263725280762
-301 0.5963461399078369
-305 0.6009190082550049
-307 0.605811357498169
-309 0.6100494861602783
-311 0.6152987480163574
-315 0.619452714920044
-317 0.6248900890350342
-321 0.6289322376251221
-323 0.6351394653320312
-326 0.6392822265625
-329 0.6443376541137695
-331 0.6483845710754395
-333 0.653512716293335
-337 0.6578998565673828
-339 0.6631667613983154
-341 0.667365550994873
-345 0.6724257469177246
-347 0.6765849590301514
-351 0.6811826229095459
-353 0.6872351169586182
-356 0.6919524669647217
-359 0.6964449882507324
-362 0.7010226249694824
-364 0.7059118747711182
-367 0.7101802825927734
-369 0.7154533863067627
-372 0.7196242809295654
-375 0.7249438762664795
-378 0.728952169418335
-381 0.7355222702026367
-384 0.739729642868042
-386 0.7452030181884766
-390 0.7493584156036377
-392 0.7544660568237305
-394 0.7584843635559082
-397 0.7636044025421143
-400 0.767693281173706
-402 0.7731010913848877
-405 0.7772469520568848
-408 0.7819764614105225
-411 0.7876336574554443
-414 0.792973518371582
-416 0.7971382141113281
-419 0.8014683723449707
-422 0.8065042495727539
-425 0.8110513687133789
-428 0.8159584999084473
-430 0.8202388286590576
-432 0.8254945278167725
-436 0.8296561241149902
-438 0.8349647521972656
-441 0.8399899005889893
-444 0.845245361328125
-447 0.8494246006011963
-449 0.8545382022857666
-452 0.8585755825042725
-455 0.8636674880981445
-457 0.8680160045623779
-460 0.8732688426971436
-463 0.8774633407592773
-466 0.8825938701629639
-469 0.8878991603851318
-471 0.8932042121887207
-474 0.8973526954650879
-477 0.9020419120788574
-482 0.9066340923309326
-484 0.9156615734100342
-487 0.9197897911071777
-490 0.9253957271575928
-493 0.9295718669891357
-497 0.9350388050079346
-499 0.9401452541351318
-501 0.945385217666626
-505 0.949570894241333
-507 0.9549028873443604
-511 0.9589676856994629
-513 0.9640679359436035
-515 0.9681997299194336
-517 0.9733507633209229
-521 0.9774680137634277
-523 0.9825890064239502
-527 0.9871141910552979
-529 0.9932835102081299
-531 0.9974241256713867
-535 1.0033423900604248
-538 1.007502794265747
-541 1.0126173496246338
-543 1.0169777870178223
-546 1.021286964416504
-549 1.0261874198913574
-551 1.030590295791626
-554 1.0357022285461426
-558 1.0410361289978027
-560 1.046133041381836
-562 1.0503778457641602
-565 1.0555639266967773
-568 1.0597317218780518
-570 1.0650339126586914
-574 1.0691895484924316
-576 1.0742738246917725
-578 1.0782792568206787
-581 1.0834412574768066
-584 1.087531328201294
-587 1.09364914894104
-590 1.0977578163146973
-592 1.1031427383422852
-595 1.1074297428131104
-598 1.1125948429107666
-600 1.1169624328613281
-604 1.1212852001190186
-606 1.1261968612670898
-608 1.1305804252624512
-611 1.1356604099273682
-615 1.1410329341888428
-617 1.1459364891052246
-620 1.1502256393432617
-622 1.1554834842681885
-625 1.1596674919128418
-628 1.1651558876037598
-631 1.1692745685577393
-634 1.1745123863220215
-636 1.178539514541626
-638 1.1836674213409424
-643 1.1878852844238281
-645 1.1941337585449219
-647 1.1982331275939941
-650 1.2033758163452148
-653 1.2074925899505615
-655 1.2126133441925049
-658 1.216966152191162
-661 1.2213037014007568
-663 1.2263402938842773
-667 1.2308909893035889
-669 1.235809326171875
-673 1.2400274276733398
-675 1.245995044708252
-677 1.2502317428588867
-680 1.255455732345581
-683 1.2596256732940674
-685 1.2649197578430176
-689 1.2689428329467773
-691 1.274076223373413
-693 1.2781713008880615
-696 1.2833304405212402
-699 1.2876136302947998
-703 1.2936830520629883
-705 1.2979323863983154
-707 1.3031659126281738
-713 1.3074560165405273
-715 1.3161046504974365
-718 1.3203871250152588
-720 1.325723648071289
-723 1.329970359802246
-726 1.3353888988494873
-731 1.3395733833312988
-733 1.3458921909332275
-735 1.35017991065979
-737 1.355437994003296
-741 1.3596272468566895
-743 1.3649132251739502
-747 1.3689353466033936
-749 1.374058485031128
-751 1.3781559467315674
-753 1.3833198547363281
-756 1.38743257522583
-759 1.392491340637207
-763 1.397568702697754
-765 1.4029138088226318
-767 1.4072189331054688
-771 1.4115328788757324
-773 1.416430950164795
-777 1.4209895133972168
-779 1.4259672164916992
-781 1.430229663848877
-783 1.435581922531128
-787 1.4397246837615967
-790 1.4457542896270752
-793 1.4500832557678223
-795 1.4553849697113037
-798 1.459589958190918
-801 1.4650352001190186
-804 1.4691591262817383
-807 1.4742650985717773
-809 1.4783060550689697
-811 1.4834864139556885
-815 1.4875807762145996
-818 1.49288010597229
-820 1.4979300498962402
-823 1.5031800270080566
-825 1.5072956085205078
-829 1.5120458602905273
-834 1.518306016921997
-836 1.526191234588623
-839 1.5305850505828857
-841 1.5357224941253662
-844 1.5398602485656738
-848 1.5452041625976562
-850 1.5503098964691162
-853 1.5555970668792725
-856 1.559777021408081
-858 1.5652744770050049
-861 1.5694236755371094
-864 1.5744822025299072
-866 1.5784928798675537
-869 1.5836169719696045
-872 1.5879414081573486
-874 1.593249797821045
-878 1.5983846187591553
-880 1.6035425662994385
-883 1.6076374053955078
-886 1.612992763519287
-888 1.6171507835388184
-891 1.6215217113494873
-894 1.6263957023620605
-897 1.6310114860534668
-899 1.6359586715698242
-902 1.6402223110198975
-905 1.645615816116333
-907 1.6508793830871582
-911 1.6557841300964355
-913 1.6600847244262695
-915 1.66538405418396
-919 1.6695680618286133
-921 1.6746420860290527
-924 1.6786394119262695
-927 1.6840007305145264
-929 1.6880037784576416
-932 1.693258285522461
-935 1.6975281238555908
-939 1.7036545276641846
-941 1.7079834938049316
-945 1.7163777351379395
-951 1.727219581604004
-955 1.7319860458374023
-957 1.7368831634521484
-961 1.7412548065185547
-963 1.7463090419769287
-966 1.7524843215942383
-969 1.7566194534301758
-972 1.7611823081970215
-974 1.7662367820739746
-977 1.7706255912780762
-980 1.775785207748413
-982 1.7801129817962646
-985 1.7853789329528809
-988 1.7895457744598389
-991 1.7945926189422607
-994 1.7985999584197998
-996 1.8050615787506104
-1000 1.8092610836029053
-1002 1.8143360614776611
-1004 1.8183836936950684
-1007 1.8235182762145996
-1010 1.8279759883880615
-1012 1.8332326412200928
-1015 1.837378978729248
-1018 1.8424670696258545
-1020 1.8465933799743652
-1024 1.851212739944458
-1026 1.857060194015503
-1029 1.8613927364349365
-1032 1.8663280010223389
-1035 1.8708806037902832
-1037 1.8758141994476318
-1040 1.880061388015747
-1042 1.8854618072509766
-1046 1.8896563053131104
-1048 1.8949170112609863
-1051 1.8989551067352295
-1054 1.9050581455230713
-1057 1.9092113971710205
-1059 1.914297103881836
-1062 1.9183599948883057
-1064 1.9234833717346191
-1067 1.927612066268921
-1070 1.932917594909668
-1072 1.937042236328125
-1075 1.9413964748382568
-1078 1.9464619159698486
-1081 1.951068639755249
-1084 1.9571545124053955
-1087 1.9615306854248047
-1089 1.9664077758789062
-1093 1.970977544784546
-1095 1.975877046585083
-1097 1.9801099300384521
-1100 1.9853787422180176
-1103 1.9895851612091064
-1105 1.9948639869689941
-1109 1.9988799095153809
-1113 2.005819082260132
-1115 2.010115385055542
-1117 2.0153863430023193
-1121 2.0195674896240234
-1123 2.0246267318725586
-1126 2.028873920440674
-1129 2.0339958667755127
-1131 2.0379884243011475
-1133 2.0432393550872803
-1135 2.0473718643188477
-1139 2.0524611473083496
-1143 2.0576565265655518
-1145 2.063009738922119
-1147 2.067310094833374
-1151 2.0720152854919434
-1153 2.0765016078948975
-1156 2.081059217453003
-1159 2.086155414581299
-1161 2.0904364585876465
-1163 2.0956010818481445
-1167 2.0997495651245117
-1170 2.1050446033477783
-1175 2.11012864112854
-1178 2.1189329624176025
-1181 2.124370813369751
-1183 2.1283867359161377
-1185 2.1334924697875977
-1189 2.1378777027130127
-1191 2.143144130706787
-1193 2.1474170684814453
-1197 2.152519702911377
-1200 2.1579854488372803
-1202 2.163283586502075
-1205 2.167412519454956
-1208 2.172485828399658
-1210 2.1765899658203125
-1214 2.181161642074585
-1216 2.186196804046631
-1218 2.1905527114868164
-1221 2.1956520080566406
-1224 2.1997764110565186
-1227 2.205052614212036
-1230 2.2100930213928223
-1232 2.2155094146728516
-1235 2.2196736335754395
-1238 2.224961996078491
-1241 2.228956937789917
-1243 2.234036922454834
-1246 2.2380073070526123
-1248 2.2432520389556885
-1252 2.2475473880767822
-1254 2.2529215812683105
-1257 2.2570488452911377
-1260 2.2631609439849854
-1262 2.267305612564087
-1265 2.271998643875122
-1268 2.276512622833252
-1271 2.281076192855835
-1273 2.2859835624694824
-1276 2.2902588844299316
-1278 2.295471668243408
-1281 2.2996301651000977
-1284 2.3051366806030273
-1287 2.310169219970703
-1290 2.315417528152466
-1293 2.3195931911468506
-1295 2.3248703479766846
-1299 2.3289036750793457
-1301 2.3340373039245605
-1303 2.338191270828247
-1306 2.343339204788208
-1309 2.3476035594940186
-1311 2.3528926372528076
-1315 2.357032537460327
-1317 2.3632254600524902
-1321 2.3674912452697754
-1323 2.3725907802581787
-1325 2.3769307136535645
-1329 2.381290912628174
-1331 2.3862011432647705
-1333 2.390594959259033
-1336 2.395745038986206
-1339 2.3999977111816406
-1341 2.4052131175994873
-1345 2.4093778133392334
-1347 2.4155218601226807
-1351 2.4196884632110596
-1353 2.42526912689209
-1357 2.429450750350952
-1359 2.4345622062683105
-1361 2.438591241836548
-1363 2.4436914920806885
-1367 2.4479100704193115
-1369 2.4531702995300293
-1371 2.4572975635528564
-1375 2.4634311199188232
-1378 2.467525005340576
-1381 2.4726452827453613
-1383 2.4771978855133057
-1386 2.481529712677002
-1390 2.48755145072937
-1392 2.4928739070892334
-1395 2.4970173835754395
-1398 2.5013887882232666
-1400 2.5062758922576904
-1406 2.510634183883667
-1408 2.520348072052002
-1411 2.5256829261779785
-1414 2.5298142433166504
-1416 2.535346508026123
-1420 2.539508581161499
-1422 2.5451252460479736
-1425 2.5492734909057617
-1428 2.5543220043182373
-1430 2.558333158493042
-1433 2.5645997524261475
-1437 2.568885564804077
-1439 2.5740182399749756
-1441 2.5781197547912598
-1444 2.583280563354492
-1446 2.5874276161193848
-1450 2.592519998550415
-1452 2.596601724624634
-1455 2.6012043952941895
-1458 2.6063108444213867
-1461 2.6108899116516113
-1463 2.6165084838867188
-1467 2.6211063861846924
-1469 2.6260387897491455
-1471 2.630333185195923
-1474 2.6355416774749756
-1477 2.639676332473755
-1480 2.645005464553833
-1483 2.6491360664367676
-1485 2.6541588306427
-1488 2.658268451690674
-1491 2.663404941558838
-1495 2.668926477432251
-1497 2.6740808486938477
-1499 2.6782095432281494
-1501 2.6834020614624023
-1505 2.6875171661376953
-1507 2.6926143169403076
-1509 2.6969692707061768
-1513 2.7013320922851562
-1515 2.7062063217163086
-1518 2.7106149196624756
-1521 2.7165277004241943
-1525 2.7211499214172363
-1527 2.726210594177246
-1530 2.7305965423583984
-1533 2.735877752304077
-1535 2.740177631378174
-1537 2.74542236328125
-1541 2.749624729156494
-1543 2.754951000213623
-1547 2.758965015411377
-1549 2.7640628814697266
-1552 2.7694430351257324
-1555 2.7745256423950195
-1557 2.778527021408081
-1560 2.78364634513855
-1563 2.7879953384399414
-1565 2.7932868003845215
-1567 2.7974185943603516
-1571 2.8025400638580322
-1573 2.8066298961639404
-1576 2.811215400695801
-1579 2.816152811050415
-1582 2.821932315826416
-1584 2.826436996459961
-1588 2.8310132026672363
-1590 2.8359005451202393
-1593 2.840153455734253
-1595 2.845524311065674
-1598 2.849698066711426
-1601 2.8550167083740234
-1604 2.8592031002044678
-1606 2.8644473552703857
-1610 2.8695778846740723
-1612 2.8749096393585205
-1615 2.8789377212524414
-1618 2.884035348892212
-1620 2.8880205154418945
-1622 2.89324688911438
-1625 2.8973708152770996
-1628 2.9024600982666016
-1631 2.907032012939453
-1636 2.9113686084747314
-1640 2.9212005138397217
-1642 2.926276206970215
-1645 2.930847644805908
-1648 2.9359147548675537
-1650 2.940192699432373
-1652 2.945547342300415
-1656 2.949726104736328
-1658 2.9550440311431885
-1661 2.9592020511627197
-1664 2.964449167251587
-1667 2.9684693813323975
-1669 2.974900960922241
-1673 2.97891902923584
-1675 2.9840269088745117
-1678 2.9881467819213867
-1680 2.9932963848114014
-1683 2.9975762367248535
-1686 3.0034897327423096
-1689 3.0076100826263428
-1691 3.012951135635376
-1695 3.017085075378418
-1697 3.0232455730438232
-1701 3.027522325515747
-1703 3.0326309204101562
-1705 3.037022590637207
-1709 3.041400671005249
-1711 3.0462870597839355
-1713 3.0506460666656494
-1717 3.055783987045288
-1719 3.0601024627685547
-1721 3.0653738975524902
-1725 3.0695924758911133
-1727 3.075650215148926
-1731 3.079784631729126
-1733 3.0852861404418945
-1736 3.089460611343384
-1739 3.0945775508880615
-1741 3.098597764968872
-1743 3.1039211750030518
-1747 3.107982873916626
-1749 3.1132428646087646
-1751 3.117380142211914
-1755 3.123408079147339
-1758 3.127744674682617
-1761 3.1330912113189697
-1763 3.1372194290161133
-1766 3.141542911529541
-1769 3.1465771198272705
-1772 3.1511707305908203
-1774 3.1560757160186768
-1777 3.160346031188965
-1779 3.1655499935150146
-1782 3.1696975231170654
-1786 3.1758110523223877
-1788 3.1800990104675293
-1791 3.1853601932525635
-1794 3.189548969268799
-1796 3.1946187019348145
-1799 3.1986050605773926
-1802 3.2037174701690674
-1804 3.20823335647583
-1807 3.21335506439209
-1810 3.2174668312072754
-1812 3.2226054668426514
-1816 3.22767972946167
-1818 3.233038902282715
-1820 3.2371864318847656
-1824 3.2415311336517334
-1826 3.2463934421539307
-1829 3.2509944438934326
-1832 3.256052255630493
-1834 3.2603046894073486
-1837 3.265692949295044
-1840 3.269862174987793
-1843 3.275923252105713
-1846 3.280230760574341
-1848 3.2854607105255127
-1851 3.289644956588745
-1854 3.2949304580688477
-1857 3.298950672149658
-1859 3.304064989089966
-1862 3.308166742324829
-1866 3.313321590423584
-1870 3.3214304447174072
-1873 3.327638864517212
-1876 3.332963466644287
-1878 3.3372576236724854
-1885 3.347623825073242
-1887 3.353003740310669
-1889 3.357140064239502
-1893 3.361501693725586
-1895 3.3663859367370605
-1899 3.371032238006592
-1901 3.3759093284606934
-1904 3.381324529647827
-1907 3.3863914012908936
-1910 3.391012668609619
-1913 3.3959240913391113
-1915 3.400174379348755
-1917 3.405426263809204
-1921 3.4095959663391113
-1923 3.414862632751465
-1925 3.418645143508911
-1929 3.4239706993103027
-1932 3.4293689727783203
-1934 3.434487819671631
-1937 3.4385125637054443
-1940 3.4436166286468506
-1942 3.4479548931121826
-1945 3.4532253742218018
-1947 3.4573588371276855
-1951 3.4620330333709717
-1953 3.466510057449341
-1956 3.471143960952759
-1959 3.4760231971740723
-1962 3.4813852310180664
-1964 3.4862489700317383
-1967 3.490638494491577
-1970 3.49578595161438
-1972 3.5000975131988525
-1975 3.5054996013641357
-1978 3.509688138961792
-1981 3.5151796340942383
-1984 3.5193164348602295
-1986 3.524383068084717
-1989 3.5284152030944824
-1992 3.534867286682129
-1994 3.538879632949829
-1998 3.544058322906494
-2000 3.5481512546539307
-2002 3.5532994270324707
-2005 3.5574376583099365
-2008 3.562558889389038
-2011 3.5670583248138428
-2014 3.571441411972046
-2016 3.576338291168213
-2019 3.5824501514434814
-2022 3.5865843296051025
-2025 3.591163158416748
-2028 3.5960934162139893
-2030 3.600370168685913
-2032 3.605573892593384
-2036 3.609743356704712
-2038 3.615037441253662
-2041 3.6192007064819336
-2044 3.624439239501953
-2047 3.6284923553466797
-2049 3.6349759101867676
-2053 3.6389620304107666
-2055 3.644325017929077
-2057 3.6483733654022217
-2060 3.6534924507141113
-2063 3.6575918197631836
-2066 3.6629045009613037
-2068 3.6670517921447754
-2071 3.671407461166382
-2074 3.6763415336608887
-2077 3.6808855533599854
-2079 3.6869285106658936
-2083 3.691272497177124
-2085 3.6961846351623535
-2087 3.700556516647339
-2090 3.705615997314453
-2093 3.7097527980804443
-2098 3.7150540351867676
-2100 3.7234747409820557
-2104 3.7278616428375244
-2107 3.734163761138916
-2109 3.7382683753967285
-2112 3.743445634841919
-2115 3.7478702068328857
-2117 3.753159761428833
-2120 3.757312297821045
-2123 3.7620224952697754
-2125 3.7664833068847656
-2129 3.7710230350494385
-2131 3.7760939598083496
-2135 3.7803633213043213
-2137 3.786372184753418
-2141 3.7909607887268066
-2143 3.7958474159240723
-2145 3.800110101699829
-2147 3.805500030517578
-2151 3.809676170349121
-2153 3.814922571182251
-2157 3.818910837173462
-2159 3.8239998817443848
-2161 3.8279645442962646
-2165 3.8332254886627197
-2167 3.838332414627075
-2169 3.8434746265411377
-2173 3.8475804328918457
-2175 3.8526244163513184
-2177 3.8569705486297607
-2181 3.8612987995147705
-2183 3.866373062133789
-2187 3.870945453643799
-2189 3.8758363723754883
-2191 3.880100727081299
-2195 3.886127471923828
-2197 3.890406608581543
-2199 3.8956241607666016
-2203 3.8997669219970703
-2205 3.905240535736084
-2209 3.909414768218994
-2211 3.9144771099090576
-2213 3.9184744358062744
-2217 3.9236221313476562
-2219 3.927978038787842
-2222 3.9332120418548584
-2225 3.938396692276001
-2227 3.94350266456604
-2230 3.947631597518921
-2233 3.9529600143432617
-2235 3.957148551940918
-2238 3.961501121520996
-2241 3.966369152069092
-2244 3.9709362983703613
-2247 3.9758570194244385
-2249 3.980097770690918
-2252 3.9855172634124756
-2256 3.990887403488159
-2258 3.995791435241699
-2261 4.000103235244751
-2264 4.005984544754028
-2266 4.010249853134155
-2268 4.015474557876587
-2272 4.019628524780273
-2274 4.024909734725952
-2277 4.028932809829712
-2280 4.034260511398315
-2283 4.039457082748413
-2285 4.044900178909302
-2289 4.048898696899414
-2291 4.054022312164307
-2294 4.058131456375122
-2296 4.063297510147095
-2298 4.06742262840271
-2302 4.072516918182373
-2304 4.076618194580078
-2307 4.081187725067139
-2310 4.086132526397705
-2313 4.091463088989258
-2315 4.096347332000732
-2319 4.100898265838623
-2321 4.105970621109009
-2323 4.1102330684661865
-2329 4.115494966506958
-2332 4.124441862106323
-2334 4.128457546234131
-2337 4.133617877960205
-2341 4.137982130050659
-2343 4.144474267959595
-2345 4.148478031158447
-2348 4.1535964012146
-2351 4.157668352127075
-2353 4.1630165576934814
-2356 4.167374610900879
-2359 4.172454357147217
-2361 4.176570653915405
-2365 4.181153297424316
-2367 4.1860435009002686
-2371 4.191412448883057
-2373 4.196358919143677
-2377 4.200924634933472
-2379 4.205810785293579
-2381 4.210072755813599
-2383 4.2153027057647705
-2387 4.2194530963897705
-2389 4.224912166595459
-2393 4.2289018630981445
-2395 4.2340123653411865
-2398 4.238009452819824
-2401 4.244317054748535
-2403 4.248352289199829
-2405 4.253483772277832
-2409 4.257587671279907
-2411 4.262902021408081
-2413 4.26703143119812
-2417 4.271380186080933
-2419 4.276277780532837
-2423 4.28063702583313
-2425 4.28591513633728
-2428 4.290160655975342
-2431 4.29627251625061
-2434 4.300851821899414
-2437 4.305793762207031
-2439 4.310027599334717
-2441 4.315272569656372
-2445 4.319451093673706
-2447 4.324522495269775
-2449 4.328528165817261
-2451 4.333667278289795
-2455 4.3377532958984375
-2458 4.344090461730957
-2461 4.34822678565979
-2463 4.353364706039429
-2467 4.35748553276062
-2469 4.362590312957764
-2471 4.366926908493042
-2475 4.371267795562744
-2477 4.376169919967651
-2479 4.380539178848267
-2481 4.385610103607178
-2486 4.389775276184082
-2488 4.3958611488342285
-2491 4.400120973587036
-2493 4.405513763427734
-2496 4.409682512283325
-2499 4.4150390625
-2502 4.419178009033203
-2505 4.424510955810547
-2507 4.428524732589722
-2509 4.43363618850708
-2513 4.437749862670898
-2516 4.443130970001221
-2518 4.4481446743011475
-2521 4.453313589096069
-2524 4.457446575164795
-2526 4.462578773498535
-2529 4.467077732086182
-2532 4.471443176269531
-2534 4.476376295089722
-2538 4.480963468551636
-2540 4.485851287841797
-2543 4.490097284317017
-2546 4.49602484703064
-2548 4.500325679779053
-2551 4.505536079406738
-2554 4.509702682495117
-2556 4.515017509460449
-2561 4.523218154907227
-2564 4.527680158615112
-2567 4.533038854598999
-2569 4.537322521209717
-2572 4.542038440704346
-2576 4.547749280929565
-2578 4.553132772445679
-2581 4.557429075241089
-2584 4.562542200088501
-2586 4.566628694534302
-2590 4.571216821670532
-2592 4.576141834259033
-2594 4.580426931381226
-2598 4.585781812667847
-2600 4.5900962352752686
-2603 4.595388650894165
-2606 4.600441217422485
-2608 4.605630159378052
-2611 4.6097612380981445
-2614 4.615062236785889
-2617 4.6192004680633545
-2620 4.624275207519531
-2622 4.628300189971924
-2624 4.6334662437438965
-2628 4.637622833251953
-2630 4.642939567565918
-2633 4.648142337799072
-2636 4.6533238887786865
-2639 4.657464504241943
-2641 4.662599563598633
-2644 4.666927099227905
-2647 4.671268939971924
-2649 4.676146984100342
-2653 4.680420160293579
-2655 4.685796737670898
-2657 4.690093517303467
-2661 4.695353031158447
-2665 4.700446367263794
-2667 4.705803632736206
-2669 4.7100560665130615
-2671 4.715406179428101
-2675 4.719588994979858
-2677 4.72487211227417
-2681 4.728644847869873
-2683 4.733982563018799
-2685 4.737977981567383
-2687 4.743267059326172
-2691 4.74738883972168
-2693 4.753435134887695
-2697 4.757514476776123
-2699 4.762595176696777
-2701 4.767094373703003
-2705 4.771463871002197
-2707 4.776356220245361
-2709 4.780881643295288
-2713 4.785845041275024
-2715 4.790086030960083
-2717 4.795356273651123
-2721 4.8003363609313965
-2723 4.80556058883667
-2727 4.8096864223480225
-2729 4.815148830413818
-2733 4.81926965713501
-2735 4.8244788646698
-2737 4.828507423400879
-2739 4.833631277084351
-2743 4.837750196456909
-2745 4.843139171600342
-2749 4.847254514694214
-2751 4.853455543518066
-2755 4.857583522796631
-2757 4.862869024276733
-2759 4.86699914932251
-2764 4.871358394622803
-2767 4.878321409225464
-2769 4.885457754135132
-2773 4.889625549316406
-2775 4.894925594329834
-2779 4.898939371109009
-2781 4.905178070068359
-2784 4.9093687534332275
-2787 4.914507627487183
-2791 4.9185168743133545
-2794 4.927250862121582
-2797 4.931973218917847
-2799 4.936630010604858
-2803 4.941246509552002
-2805 4.946418285369873
-2809 4.950990915298462
-2811 4.957035779953003
-2814 4.961394548416138
-2817 4.966257572174072
-2819 4.970597505569458
-2821 4.975668668746948
-2825 4.979790925979614
-2837 4.995870590209961
-2843 5.006133317947388
-2849 5.016084671020508
-2853 5.025849342346191
-2856 5.035355806350708
-2859 5.039546966552734
-2861 5.045103549957275
-2865 5.049248456954956
-2867 5.054314613342285
-2871 5.059646368026733
-2873 5.065111398696899
-2877 5.069291830062866
-2879 5.074506044387817
-2881 5.078534841537476
-2883 5.08362603187561
-2887 5.0877463817596436
-2889 5.093113422393799
-2891 5.097309827804565
-2895 5.102033615112305
-2898 5.107576847076416
-2901 5.112878799438477
-2903 5.117027759552002
-2907 5.121385097503662
-2909 5.126436710357666
-2912 5.131006240844727
-2915 5.136001825332642
-2917 5.140290021896362
-2919 5.145555734634399
-2923 5.149706840515137
-2926 5.155054330825806
-2928 5.160106420516968
-2931 5.165359258651733
-2934 5.169554948806763
-2937 5.1746132373809814
-2940 5.1789000034332275
-2942 5.1841747760772705
-2945 5.188298940658569
-2947 5.193471193313599
-2950 5.1975791454315186
-2953 5.202929496765137
-2956 5.208234786987305
-2958 5.213393449783325
-2962 5.217503070831299
-2964 5.222582817077637
-2967 5.226916790008545
-2970 5.231264591217041
-2972 5.236194372177124
-2975 5.2406110763549805
-2978 5.245863914489746
-2980 5.250097990036011
-2983 5.255356550216675
-2986 5.26043701171875
-2988 5.265635013580322
-2992 5.269790410995483
-2994 5.2751288414001465
-2997 5.279263019561768
-3000 5.284323453903198
-3002 5.288321256637573
-3005 5.293467283248901
-3008 5.297609329223633
-3010 5.30291485786438
-3014 5.307217597961426
-3016 5.313277006149292
-3018 5.317440509796143
-3024 5.326349973678589
-3027 5.330963850021362
-3030 5.336074352264404
-3032 5.3403544425964355
-3034 5.345735311508179
-3038 5.349976539611816
-3040 5.35538911819458
-3043 5.3603739738464355
-3047 5.365768194198608
-3049 5.370054244995117
-3052 5.37530779838562
-3055 5.379469394683838
-3057 5.384546279907227
-3060 5.3885626792907715
-3065 5.393676042556763
-3068 5.403240442276001
-3071 5.407365560531616
-3073 5.413496255874634
-3077 5.4176061153411865
-3079 5.422947406768799
-3082 5.427316665649414
-3085 5.432046175003052
-3087 5.436556339263916
-3091 5.441154479980469
-3093 5.446034908294678
-3095 5.45033860206604
-3098 5.4555442333221436
-3102 5.459680557250977
-3105 5.4659271240234375
-3107 5.4701762199401855
-3109 5.475399017333984
-3113 5.479610204696655
-3115 5.485060691833496
-3119 5.4891743659973145
-3121 5.494268417358398
-3123 5.4982688426971436
-3125 5.503427267074585
-3129 5.507518768310547
-3131 5.513533353805542
-3135 5.5176613330841064
-3137 5.522986173629761
-3139 5.527108192443848
-3143 5.531439781188965
-3145 5.536368131637573
-3149 5.540949583053589
-3151 5.545984268188477
-3153 5.550239324569702
-3155 5.555459499359131
-3159 5.55964732170105
-3162 5.565747022628784
-3165 5.570007562637329
-3167 5.575242280960083
-3170 5.579420328140259
-3173 5.584506034851074
-3175 5.588546276092529
-3179 5.593656539916992
-3181 5.5980188846588135
-3183 5.603266477584839
-3187 5.607529163360596
-3189 5.612609148025513
-3192 5.617717266082764
-3195 5.623056411743164
-3197 5.627169370651245
-3200 5.631563425064087
-3203 5.636422157287598
-3206 5.640993595123291
-3209 5.645892381668091
-3211 5.650149822235107
-3213 5.655385494232178
-3217 5.6595587730407715
-3220 5.665729761123657
-3222 5.670076131820679
-3225 5.675357818603516
-3228 5.679512023925781
-3230 5.684597015380859
-3233 5.6885902881622314
-3235 5.6936798095703125
-3238 5.697885990142822
-3241 5.703174352645874
-3243 5.707304000854492
-3247 5.712001323699951
-3250 5.717577695846558
-3255 5.722647190093994
-3258 5.731156826019287
-3260 5.736227989196777
-3264 5.740631580352783
-3266 5.7458815574646
-3268 5.7501702308654785
-3271 5.7555625438690186
-3274 5.759691953659058
-3277 5.765024662017822
-3280 5.7701170444488525
-3282 5.775370359420776
-3285 5.7795774936676025
-3288 5.785120487213135
-3291 5.7892773151397705
-3294 5.794344186782837
-3296 5.798382520675659
-3298 5.803522109985352
-3302 5.807654857635498
-3304 5.81300687789917
-3307 5.817974090576172
-3310 5.823295593261719
-3312 5.82742714881897
-3315 5.832552909851074
-3318 5.836921691894531
-3321 5.841259479522705
-3323 5.846296787261963
-3327 5.850863218307495
-3329 5.855896472930908
-3332 5.860175371170044
-3335 5.865430593490601
-3337 5.870436906814575
-3340 5.875614881515503
-3343 5.879777193069458
-3345 5.885087728500366
-3349 5.889256000518799
-3351 5.8943071365356445
-3353 5.898329496383667
-3356 5.903476238250732
-3359 5.907750844955444
-3362 5.913094520568848
-3365 5.917275905609131
-3367 5.923434495925903
-3371 5.927529335021973
-3373 5.932608366012573
-3375 5.9369378089904785
-3379 5.9412760734558105
-3381 5.946188688278198
-3383 5.950578212738037
-3386 5.955670356750488
-3389 5.959809064865112
-3391 5.965296745300293
-3395 5.969456195831299
-3397 5.9755799770355225
-3401 5.9797563552856445
-3403 5.985230207443237
-3407 5.989387273788452
-3409 5.994500160217285
-3412 5.998548746109009
