0 0.0011839866638183594
0 0.01211094856262207
-2 0.022046566009521484
-4 0.03408217430114746
-7 0.04458904266357422
-10 0.055101633071899414
-14 0.06389069557189941
-16 0.0716855525970459
-18 0.07671093940734863
-20 0.08083581924438477
-21 0.08601927757263184
-24 0.09012961387634277
-26 0.09545302391052246
-28 0.09963035583496094
-31 0.10397100448608398
-33 0.10902070999145508
-36 0.11357283592224121
-38 0.11850595474243164
-42 0.12395381927490234
-44 0.12888598442077637
-46 0.13343429565429688
-50 0.13840198516845703
-52 0.14267849922180176
-54 0.14793038368225098
-58 0.1521298885345459
-60 0.15749597549438477
-64 0.1616196632385254
-66 0.16689586639404297
-70 0.1721186637878418
-72 0.17719674110412598
-76 0.1814889907836914
-78 0.18659710884094238
-81 0.19067955017089844
-84 0.19582891464233398
-86 0.1999831199645996
-90 0.2050795555114746
-92 0.20945239067077637
-96 0.21382737159729004
-98 0.21877241134643555
-102 0.22408676147460938
-105 0.2291393280029297
-109 0.23372411727905273
-111 0.2386786937713623
-114 0.2429335117340088
-116 0.24814200401306152
-120 0.2523026466369629
-123 0.2576115131378174
-127 0.26178431510925293
-129 0.26686549186706543
-133 0.2709157466888428
-136 0.27705883979797363
-138 0.28109049797058105
-142 0.2862114906311035
-145 0.29066944122314453
-147 0.29587721824645996
-154 0.30020976066589355
-156 0.3091127872467041
-160 0.31371474266052246
-163 0.3187985420227051
-167 0.32460546493530273
-170 0.32950425148010254
-174 0.3338348865509033
-176 0.3387420177459717
-180 0.3431355953216553
-183 0.34842586517333984
-185 0.3526620864868164
-188 0.35791921615600586
-192 0.36209535598754883
-194 0.36716699600219727
-198 0.37141847610473633
-201 0.3776974678039551
-205 0.3818345069885254
-208 0.3868825435638428
-210 0.39095568656921387
-213 0.39605188369750977
-217 0.400146484375
-220 0.40549254417419434
-222 0.4098067283630371
-226 0.4145376682281494
-229 0.4190487861633301
-232 0.4236111640930176
-235 0.4297189712524414
-239 0.43407106399536133
-242 0.4389510154724121
-246 0.44355130195617676
-248 0.44853901863098145
-251 0.4528176784515381
-254 0.45809030532836914
-258 0.4622533321380615
-260 0.46774888038635254
-264 0.4719276428222656
-267 0.4779958724975586
-271 0.4821913242340088
-274 0.48746395111083984
-278 0.49149179458618164
-280 0.496640682220459
-283 0.5007648468017578
-285 0.5059230327606201
-289 0.5100345611572266
-292 0.5151300430297852
-295 0.5194859504699707
-298 0.5238118171691895
-301 0.5298895835876465
-305 0.5345923900604248
-308 0.5390951633453369
-312 0.5437324047088623
-314 0.5486288070678711
-317 0.5529072284698486
-320 0.55828857421875
-324 0.5625381469726562
-326 0.5678255558013916
-330 0.5719950199127197
-333 0.578047513961792
-337 0.5822556018829346
-340 0.5877225399017334
-343 0.5918936729431152
-346 0.5970141887664795
-349 0.6010434627532959
-351 0.6061544418334961
-355 0.6102612018585205
-358 0.6156330108642578
-360 0.6197783946990967
-364 0.624530553817749
-368 0.6300897598266602
-371 0.6354644298553467
-374 0.6395890712738037
-378 0.6439530849456787
-380 0.6490721702575684
-384 0.6537280082702637
-387 0.6586451530456543
-390 0.6629230976104736
-392 0.6681292057037354
-396 0.6722993850708008
-400 0.6776375770568848
-403 0.6827082633972168
-406 0.6881072521209717
-410 0.6922383308410645
-412 0.6975696086883545
-417 0.7016913890838623
-421 0.7107105255126953
-424 0.7158989906311035
-428 0.7201700210571289
-430 0.7255158424377441
-434 0.7308387756347656
-437 0.736039400100708
-441 0.7402904033660889
-444 0.7456684112548828
-446 0.7497909069061279
-450 0.7545185089111328
-453 0.7590703964233398
-457 0.7637338638305664
-460 0.7687969207763672
-462 0.7731764316558838
-466 0.7783293724060059
-470 0.7838137149810791
-473 0.7887217998504639
-475 0.7931208610534668
-478 0.7982113361358643
-482 0.8023571968078613
-485 0.807729959487915
-489 0.8119375705718994
-491 0.8174130916595459
-494 0.8214256763458252
-498 0.8268454074859619
-502 0.8319699764251709
-504 0.8370885848999023
-507 0.8411178588867188
-510 0.8462247848510742
-514 0.850409746170044
-516 0.8556640148162842
-519 0.8598003387451172
-523 0.8645203113555908
-526 0.8690202236175537
-530 0.8735876083374023
-532 0.8784711360931396
-536 0.8838417530059814
-539 0.8889174461364746
-543 0.8935067653656006
-545 0.8984458446502686
-548 0.9027066230773926
-551 0.9079272747039795
-554 0.912132978439331
-557 0.9171857833862305
-561 0.9214179515838623
-564 0.9265763759613037
-568 0.9305613040924072
-570 0.9369347095489502
-573 0.9409449100494385
-576 0.946049690246582
-580 0.9504342079162598
-582 0.9557240009307861
-585 0.95986008644104
-589 0.964569091796875
-592 0.9690337181091309
-596 0.9735884666442871
-598 0.9785144329071045
-602 0.9838054180145264
-605 0.9887557029724121
-608 0.9931390285491943
-610 0.9982173442840576
-614 1.0023484230041504
-617 1.0078506469726562
-621 1.01200270652771
-623 1.017054557800293
-627 1.0210683345794678
-630 1.027094841003418
-634 1.0311152935028076
-636 1.0375795364379883
-640 1.0417075157165527
-643 1.0467259883880615
-646 1.0508208274841309
-648 1.0559732913970947
-652 1.0600612163543701
-655 1.0651721954345703
-658 1.069695234298706
-662 1.0740478038787842
-664 1.0791504383087158
-668 1.0837411880493164
-671 1.0896415710449219
-675 1.0939927101135254
-678 1.098900318145752
-683 1.103442668914795
-687 1.112008810043335
-689 1.1174893379211426
-693 1.1215250492095947
-696 1.1269540786743164
-699 1.1309804916381836
-703 1.1375207901000977
-706 1.1416866779327393
-709 1.1467223167419434
-712 1.1508042812347412
-714 1.1559219360351562
-718 1.1600227355957031
-721 1.1651368141174316
-724 1.169541835784912
-728 1.1738958358764648
-730 1.1787691116333008
-734 1.183152437210083
-737 1.1891026496887207
-741 1.1937167644500732
-744 1.1986618041992188
-746 1.2029380798339844
-750 1.2083323001861572
-753 1.2126398086547852
-756 1.2179362773895264
-760 1.2221159934997559
-762 1.227423906326294
-765 1.2314188480377197
-768 1.2365100383758545
-772 1.241804838180542
-775 1.2470154762268066
-778 1.251035213470459
-780 1.256173849105835
-784 1.260277509689331
-787 1.2656338214874268
-790 1.2697603702545166
-794 1.2740790843963623
-796 1.278965711593628
-800 1.2835488319396973
-803 1.2894721031188965
-807 1.293860912322998
-810 1.2987518310546875
-814 1.303152322769165
-816 1.3084464073181152
-819 1.3127186298370361
-822 1.3179478645324707
-826 1.322126865386963
-828 1.327195405960083
-832 1.3311896324157715
-835 1.336822748184204
-839 1.3420674800872803
-841 1.3471486568450928
-844 1.351158857345581
-846 1.356217384338379
-850 1.3604302406311035
-853 1.3657164573669434
-857 1.3699965476989746
-860 1.3750755786895752
-862 1.3791775703430176
-866 1.3837673664093018
-869 1.3886923789978027
-873 1.3940961360931396
-876 1.3989548683166504
-880 1.403552770614624
-882 1.408430576324463
-885 1.412679672241211
-888 1.4179739952087402
-892 1.4221539497375488
-894 1.4276270866394043
-898 1.4317710399627686
-901 1.436833143234253
-905 1.44197678565979
-907 1.447145938873291
-910 1.451148509979248
-913 1.4562079906463623
-917 1.4604229927062988
-919 1.4656972885131836
-923 1.4699771404266357
-926 1.4750940799713135
-928 1.479193925857544
-932 1.483781099319458
-936 1.489501714706421
-939 1.4956469535827637
-942 1.499804973602295
-948 1.5045158863067627
-951 1.5129351615905762
-955 1.5183191299438477
-958 1.522585391998291
-960 1.527968406677246
-964 1.532151699066162
-967 1.5376324653625488
-971 1.5418062210083008
-974 1.548086404800415
-978 1.5522608757019043
-980 1.5575721263885498
-984 1.5617811679840088
-987 1.5668470859527588
-989 1.570866346359253
-992 1.5760159492492676
-996 1.5801496505737305
-998 1.5854780673980713
-1001 1.5896131992340088
-1005 1.5957741737365723
-1009 1.600053310394287
-1012 1.6051602363586426
-1014 1.6096551418304443
-1018 1.6140046119689941
-1021 1.6189124584197998
-1025 1.623473882675171
-1028 1.6283528804779053
-1030 1.6325879096984863
-1033 1.6378543376922607
-1037 1.6420252323150635
-1040 1.6481096744537354
-1044 1.6522910594940186
-1046 1.657602310180664
-1050 1.6617634296417236
-1053 1.6669917106628418
-1055 1.671027421951294
-1058 1.6761398315429688
-1062 1.6802339553833008
-1065 1.6855721473693848
-1067 1.689727783203125
-1075 1.7010700702667236
-1078 1.7062249183654785
-1082 1.710439682006836
-1084 1.7157351970672607
-1087 1.7198619842529297
-1091 1.7249720096588135
-1094 1.7295458316802979
-1098 1.7339119911193848
-1100 1.7387945652008057
-1104 1.7431738376617432
-1107 1.749009370803833
-1111 1.7535698413848877
-1114 1.7584214210510254
-1116 1.7626917362213135
-1119 1.7679417133331299
-1123 1.7721819877624512
-1126 1.7774884700775146
-1129 1.7815234661102295
-1132 1.7868561744689941
-1135 1.790879487991333
-1138 1.7970917224884033
-1141 1.801189661026001
-1145 1.8064887523651123
-1148 1.810488224029541
-1150 1.815737247467041
-1153 1.8198654651641846
-1157 1.8246006965637207
-1160 1.829108715057373
-1164 1.8336803913116455
-1166 1.8385870456695557
-1170 1.84285569190979
-1173 1.8489937782287598
-1177 1.8535959720611572
-1180 1.8586812019348145
-1182 1.8629624843597412
-1185 1.8681695461273193
-1189 1.8723325729370117
-1192 1.877610206604004
-1196 1.881814956665039
-1198 1.8868720531463623
-1201 1.8909132480621338
-1205 1.8960485458374023
-1209 1.9014403820037842
-1214 1.9067280292510986
-1216 1.9151463508605957
-1219 1.919630527496338
-1223 1.9239673614501953
-1226 1.9290659427642822
-1230 1.9336464405059814
-1232 1.9387271404266357
-1235 1.9431023597717285
-1239 1.948202133178711
-1243 1.9535679817199707
-1246 1.9584786891937256
-1248 1.9627773761749268
-1251 1.9681499004364014
-1255 1.9723150730133057
-1258 1.9776053428649902
-1262 1.9817314147949219
-1264 1.9870266914367676
-1267 1.9910576343536377
-1271 1.9961817264556885
-1275 2.0017247200012207
-1278 2.0068182945251465
-1280 2.0108683109283447
-1283 2.016017436981201
-1287 2.020143747329712
-1289 2.0260682106018066
-1293 2.0304503440856934
-1296 2.035710096359253
-1298 2.039825201034546
-1302 2.0445783138275146
-1306 2.0490548610687256
-1309 2.0551722049713135
-1312 2.0595316886901855
-1316 2.0638556480407715
-1318 2.0687458515167236
-1321 2.0731422901153564
-1324 2.0782206058502197
-1328 2.0823538303375244
-1330 2.087843418121338
-1334 2.091974973678589
-1337 2.0970468521118164
-1341 2.1021461486816406
-1344 2.1074721813201904
-1348 2.1114795207977295
-1350 2.1168203353881836
-1353 2.1208527088165283
-1356 2.1260006427764893
-1360 2.1301510334014893
-1362 2.1354827880859375
-1365 2.139604091644287
-1369 2.1439383029937744
-1371 2.1489813327789307
-1375 2.1550393104553223
-1378 2.159144401550293
-1382 2.1637110710144043
-1384 2.1685593128204346
-1387 2.1728153228759766
-1390 2.1780362129211426
-1394 2.1821722984313965
-1396 2.1874663829803467
-1400 2.1914570331573486
-1403 2.1965725421905518
-1407 2.2005605697631836
-1410 2.207075834274292
-1412 2.211075782775879
-1415 2.216200828552246
-1419 2.220442533493042
-1422 2.225720167160034
-1424 2.2298576831817627
-1428 2.2345774173736572
-1431 2.23907208442688
-1435 2.243685483932495
-1437 2.2487518787384033
-1442 2.254119634628296
-1444 2.2590036392211914
-1448 2.263575315475464
-1451 2.2686798572540283
-1453 2.2729408740997314
-1456 2.278125286102295
-1460 2.282289743423462
-1462 2.287604808807373
-1466 2.291727304458618
-1469 2.29683256149292
-1473 2.3008511066436768
-1478 2.3071064949035645
-1481 2.316067934036255
-1485 2.3204565048217773
-1488 2.3257343769073486
-1492 2.3301074504852295
-1494 2.3351893424987793
-1497 2.339679002761841
-1501 2.344019651412964
-1504 2.348912000656128
-1508 2.353464365005493
-1510 2.359116554260254
-1514 2.363696336746216
-1517 2.3685758113861084
-1519 2.3728678226470947
-1522 2.3782734870910645
-1526 2.382502794265747
-1529 2.3879168033599854
-1533 2.3921055793762207
-1535 2.3971614837646484
-1538 2.4011662006378174
-1542 2.407703161239624
-1546 2.411874532699585
-1548 2.416945695877075
-1551 2.4209794998168945
-1554 2.4261090755462646
-1558 2.430237293243408
-1560 2.435603618621826
-1563 2.439793825149536
-1567 2.4445011615753174
-1570 2.4494714736938477
-1574 2.4538276195526123
-1576 2.459798812866211
-1580 2.464508295059204
-1583 2.4689908027648926
-1587 2.4735665321350098
-1590 2.478442907333374
-1592 2.48270845413208
-1595 2.4879631996154785
-1599 2.492154836654663
-1601 2.497443437576294
-1605 2.501436233520508
-1608 2.5068089962005615
-1612 2.5120620727539062
-1615 2.5171496868133545
-1617 2.5211446285247803
-1620 2.526231288909912
-1624 2.530447483062744
-1626 2.535717010498047
-1629 2.539917230606079
-1633 2.5450193881988525
-1636 2.549137592315674
-1640 2.5537121295928955
-1642 2.5596699714660645
-1646 2.5640509128570557
-1649 2.569118022918701
-1653 2.57370924949646
-1656 2.5785951614379883
-1658 2.5828444957733154
-1661 2.588073492050171
-1665 2.5922327041625977
-1668 2.5975759029388428
-1672 2.6017186641693115
-1674 2.606813907623291
-1678 2.6120731830596924
-1681 2.6171536445617676
-1683 2.621156692504883
-1687 2.6266260147094727
-1690 2.6307764053344727
-1693 2.6359167098999023
-1696 2.64021372795105
-1699 2.6455719470977783
-1702 2.649726152420044
-1706 2.6540873050689697
-1710 2.6589736938476562
-1712 2.665140151977539
-1715 2.6696982383728027
-1719 2.674065113067627
-1722 2.678955554962158
-1726 2.6835408210754395
-1728 2.688688039779663
-1731 2.692939281463623
-1734 2.6981265544891357
-1738 2.7022910118103027
-1744 2.7076220512390137
-1747 2.717099189758301
-1750 2.721118450164795
-1754 2.7262227535247803
-1756 2.7305448055267334
-1759 2.735830307006836
-1763 2.7401344776153564
-1765 2.7454566955566406
-1768 2.7497501373291016
-1772 2.7541017532348633
-1774 2.758988857269287
-1779 2.765028953552246
-1781 2.769589900970459
-1785 2.7739455699920654
-1788 2.7788467407226562
-1790 2.783396005630493
-1794 2.788335084915161
-1797 2.7925848960876465
-1800 2.797825574874878
-1804 2.801970958709717
-1806 2.8074402809143066
-1810 2.811483144760132
-1813 2.817800998687744
-1817 2.821974754333496
-1820 2.8270623683929443
-1822 2.831104040145874
-1825 2.836196184158325
-1829 2.8403067588806152
-1832 2.84568452835083
-1834 2.849794864654541
-1838 2.8545098304748535
-1841 2.8590052127838135
-1845 2.865088939666748
-1847 2.8696305751800537
-1851 2.8739733695983887
-1854 2.8789095878601074
-1858 2.883502960205078
-1860 2.8884003162384033
-1863 2.8926570415496826
-1866 2.898101806640625
-1870 2.9022905826568604
-1872 2.9075992107391357
-1876 2.911756753921509
-1879 2.9178285598754883
-1883 2.921980857849121
-1886 2.9274468421936035
-1890 2.9314637184143066
-1892 2.9365811347961426
-1895 2.940678119659424
-1898 2.9458231925964355
-1902 2.94997239112854
-1904 2.955090284347534
-1907 2.9591782093048096
-1911 2.9637622833251953
-1914 2.969588041305542
-1918 2.9739434719085693
-1920 2.978825330734253
-1924 2.983421802520752
-1927 2.98848819732666
-1929 2.992766857147217
-1932 2.997987747192383
-1936 3.0021841526031494
-1939 3.007488250732422
-1942 3.011495351791382
-1945 3.017749309539795
-1952 3.0219104290008545
-1962 3.031193494796753
-1970 3.0499956607818604
-1977 3.0585596561431885
-1986 3.0691065788269043
-1997 3.083103895187378
-2004 3.0986645221710205
-2015 3.1087803840637207
-2025 3.131059408187866
-2034 3.1411728858947754
-2043 3.1574761867523193
-2062 3.1740071773529053
-2072 3.200206756591797
-2083 3.2221713066101074
-2091 3.232170820236206
-2095 3.2419047355651855
-2097 3.2469894886016846
-2100 3.2510159015655518
-2103 3.256169557571411
-2106 3.2602834701538086
-2109 3.2656471729278564
-2113 3.2707366943359375
-2116 3.2759108543395996
-2120 3.2800395488739014
-2122 3.2851309776306152
-2125 3.289666175842285
-2129 3.2940125465393066
-2132 3.298898220062256
-2134 3.303438663482666
-2138 3.3083395957946777
-2141 3.312607526779175
-2145 3.3179049491882324
-2148 3.322932243347168
-2150 3.328113555908203
-2154 3.332285165786743
-2157 3.337608814239502
-2161 3.341783285140991
-2164 3.3470237255096436
-2166 3.3510396480560303
-2169 3.3561694622039795
-2173 3.3602826595306396
-2175 3.365656852722168
-2179 3.369785785675049
-2182 3.3758535385131836
-2186 3.379999876022339
-2189 3.3851189613342285
-2191 3.3894574642181396
-2195 3.3938374519348145
-2198 3.3987374305725098
-2202 3.4030795097351074
-2204 3.408341646194458
-2207 3.41266131401062
-2210 3.4180681705474854
-2215 3.423460006713867
-2218 3.4283604621887207
-2220 3.43259334564209
-2223 3.4378015995025635
-2227 3.441976308822632
-2230 3.4471495151519775
-2232 3.4511516094207764
-2240 3.461696147918701
-2243 3.467006206512451
-2247 3.4710373878479004
-2250 3.4771955013275146
-2254 3.481433391571045
-2256 3.486572265625
-2259 3.4905455112457275
-2262 3.4958064556121826
-2264 3.4999351501464844
-2268 3.5050840377807617
-2271 3.509197473526001
-2276 3.5180728435516357
-2281 3.5222368240356445
-2284 3.5285792350769043
-2286 3.532853364944458
-2289 3.538264513015747
-2293 3.542389392852783
-2296 3.548027515411377
-2300 3.5521957874298096
-2302 3.5575056076049805
-2306 3.5615029335021973
-2309 3.566617965698242
-2312 3.5707247257232666
-2316 3.57684588432312
-2318 3.580857992172241
-2321 3.586036443710327
-2325 3.590413808822632
-2328 3.595686912536621
-2330 3.5998291969299316
-2334 3.604548931121826
-2337 3.609022617340088
-2341 3.6135857105255127
-2344 3.618475914001465
-2347 3.622736692428589
-2350 3.6287405490875244
-2353 3.6331191062927246
-2355 3.6382412910461426
-2361 3.6425058841705322
-2363 3.648897886276245
-2367 3.6535158157348633
-2370 3.6584460735321045
-2372 3.662709951400757
-2375 3.6679821014404297
-2379 3.6721596717834473
-2383 3.6783361434936523
-2386 3.6825969219207764
-2388 3.6878488063812256
-2392 3.6920413970947266
-2395 3.6971426010131836
-2398 3.7011520862579346
-2402 3.7062392234802246
-2404 3.7106337547302246
-2407 3.715817928314209
-2410 3.7199482917785645
-2414 3.7250847816467285
-2418 3.7302327156066895
-2420 3.735558032989502
-2423 3.739692211151123
-2427 3.7440602779388428
-2429 3.7489306926727295
-2434 3.7535531520843506
-2436 3.7584526538848877
-2439 3.762709617614746
-2441 3.7680747509002686
-2445 3.772233247756958
-2449 3.777571201324463
-2452 3.782644748687744
-2455 3.7879130840301514
-2458 3.7920773029327393
-2461 3.7971208095550537
-2464 3.801119565963745
-2468 3.806234359741211
-2470 3.8107080459594727
-2482 3.815889596939087
-2493 3.837705135345459
-2500 3.8502869606018066
-2508 3.860848903656006
-2514 3.8710224628448486
-2523 3.8836910724639893
-2531 3.8970227241516113
-2539 3.906841516494751
-2546 3.9216887950897217
-2554 3.9291491508483887
-2563 3.943180799484253
-2568 3.9562482833862305
-2571 3.9629111289978027
-2574 3.968108654022217
-2578 3.9722914695739746
-2580 3.9776248931884766
-2584 3.9818167686462402
-2587 3.9879422187805176
-2591 3.992157459259033
-2594 3.9980974197387695
-2598 4.0022313594818115
-2600 4.007647514343262
-2604 4.011794567108154
-2607 4.016852140426636
-2609 4.020866632461548
-2613 4.026869535446167
-2617 4.0308837890625
-2620 4.037098169326782
-2622 4.041101455688477
-2625 4.046216249465942
-2629 4.050309896469116
-2632 4.055676698684692
-2634 4.059794664382935
-2638 4.064105987548828
-2641 4.06915807723999
-2645 4.073779821395874
-2648 4.078696250915527
-2652 4.0829548835754395
-2654 4.0889294147491455
-2658 4.093502759933472
-2661 4.098402261734009
-2664 4.102635383605957
-2666 4.107922315597534
-2670 4.1121015548706055
-2673 4.117166519165039
-2676 4.1211488246917725
-2680 4.126620769500732
-2682 4.130741834640503
-2686 4.136881113052368
-2689 4.140926122665405
-2691 4.146035671234131
-2695 4.150136709213257
-2698 4.155496835708618
-2701 4.159610033035278
-2704 4.164003610610962
-2707 4.168884515762329
-2710 4.173447370529175
-2714 4.178340196609497
-2718 4.182644605636597
-2720 4.1888110637664795
-2724 4.193403482437134
-2727 4.198488235473633
-2730 4.202772378921509
-2732 4.208018064498901
-2736 4.2121970653533936
-2739 4.217483043670654
-2743 4.221493721008301
-2746 4.226613521575928
-2748 4.230727672576904
-2752 4.235897541046143
-2755 4.24099063873291
-2758 4.246093988418579
-2762 4.250450611114502
-2764 4.255722761154175
-2767 4.259859800338745
-2771 4.264962673187256
-2774 4.2691333293914795
-2778 4.273720979690552
-2780 4.2786173820495605
-2783 4.282878875732422
-2787 4.288868188858032
-2790 4.2934629917144775
-2793 4.298378229141235
-2796 4.302603483200073
-2798 4.307980298995972
-2802 4.3121771812438965
-2808 4.320920467376709
-2812 4.326040983200073
-2814 4.330464124679565
-2818 4.3357179164886475
-2821 4.3410749435424805
-2825 4.34621787071228
-2828 4.350550889968872
-2830 4.355802059173584
-2833 4.359941482543945
-2837 4.365005731582642
-2840 4.369524717330933
-2844 4.3738930225372314
-2846 4.378775119781494
-2849 4.383145093917847
-2853 4.388254642486572
-2857 4.393752336502075
-2860 4.398713827133179
-2862 4.40308403968811
-2865 4.408166170120239
-2869 4.412319183349609
-2874 4.42114520072937
-2878 4.426265716552734
-2880 4.430722236633301
-2883 4.435855865478516
-2887 4.439997911453247
-2890 4.446132659912109
-2894 4.450422048568726
-2896 4.455724000930786
-2900 4.459997892379761
-2903 4.465136528015137
-2906 4.469479084014893
-2910 4.47381591796875
-2912 4.4787092208862305
-2916 4.4831297397613525
-2919 4.488379001617432
-2923 4.493737459182739
-2926 4.4986748695373535
-2928 4.502945899963379
-2931 4.508173942565918
-2935 4.5123138427734375
-2938 4.517645597457886
-2942 4.521795988082886
-2944 4.526850461959839
-2947 4.530876159667969
-2950 4.53603982925415
-2954 4.540149211883545
-2958 4.5466649532318115
-2960 4.5507941246032715
-2963 4.555920600891113
-2966 4.56004786491394
-2969 4.565149307250977
-2972 4.5694825649261475
-2976 4.573857545852661
-2978 4.578737735748291
-2982 4.583115100860596
-2985 4.588377952575684
-2989 4.592648029327393
-2992 4.598639726638794
-2994 4.602928400039673
-2997 4.608309984207153
-3001 4.612537860870361
-3004 4.617806673049927
-3008 4.621971368789673
-3010 4.6270177364349365
-3013 4.6310508251190186
-3016 4.636164665222168
-3020 4.640284061431885
-3024 4.646585464477539
-3026 4.650690793991089
-3029 4.655824661254883
-3032 4.659961462020874
-3036 4.665074348449707
-3038 4.669589281082153
-3042 4.673969745635986
-3045 4.678859710693359
-3049 4.683446884155273
-3051 4.6883544921875
-3055 4.6926209926605225
-3058 4.698577880859375
-3061 4.702891111373901
-3063 4.708070278167725
-3067 4.712228298187256
-3072 4.721046447753906
-3076 4.726176738739014
-3079 4.73074746131897
-3082 4.735904932022095
-3086 4.740178108215332
-3090 4.74547815322876
-3092 4.750558614730835
-3095 4.755815267562866
-3098 4.759951591491699
-3102 4.76506233215332
-3104 4.76915979385376
-3108 4.773747205734253
-3111 4.778850078582764
-3115 4.783439874649048
-3118 4.788516521453857
-3122 4.792779445648193
-3124 4.79866886138916
-3127 4.8029465675354
-3130 4.808148622512817
-3133 4.812297821044922
-3136 4.817595720291138
-3140 4.821730375289917
-3143 4.826827049255371
-3145 4.830837965011597
-3148 4.836034297943115
-3152 4.840140104293823
-3156 4.845447778701782
-3158 4.850668668746948
-3161 4.855837345123291
-3165 4.860029697418213
-3168 4.865145921707153
-3170 4.869488716125488
-3174 4.873838901519775
-3177 4.878710031509399
-3180 4.883076906204224
-3182 4.888168096542358
-3186 4.892337799072266
-3190 4.897639989852905
-3193 4.9027259349823
-3196 4.9080939292907715
-3200 4.912252902984619
-3202 4.917602062225342
-3206 4.921733140945435
-3209 4.926814794540405
-3212 4.930865287780762
-3214 4.936004161834717
-3218 4.940171241760254
-3222 4.9455108642578125
-3225 4.950533866882324
-3228 4.955792188644409
-3230 4.959938049316406
-3234 4.965064287185669
-3237 4.969595432281494
-3241 4.973968267440796
-3243 4.979048252105713
-3247 4.983635663986206
-3250 4.988542795181274
-3252 4.992822885513306
-3256 4.9980268478393555
-3259 5.0031373500823975
-3262 5.008197784423828
-3266 5.012332916259766
-3268 5.017616271972656
-3272 5.021739721298218
-3275 5.027868032455444
-3279 5.032029390335083
-3282 5.037107229232788
-3284 5.041124105453491
-3287 5.046217679977417
-3292 5.051714658737183
-3295 5.056878566741943
-3298 5.060935020446777
-3300 5.066059589385986
-3304 5.070158958435059
-3307 5.075472354888916
-3310 5.079633951187134
-3314 5.084001541137695
-3316 5.089038133621216
-3320 5.093619346618652
-3323 5.098549127578735
-3327 5.1038477420806885
-3329 5.108887195587158
-3333 5.113460302352905
-3338 5.12221097946167
-3341 5.12772798538208
-3345 5.1318769454956055
-3348 5.137182712554932
-3350 5.14117169380188
-3354 5.14683198928833
-3358 5.150873184204102
-3361 5.15701699256897
-3364 5.161028623580933
-3366 5.166167259216309
-3370 5.1702892780303955
-3373 5.175612211227417
-3376 5.179775238037109
-3380 5.184087753295898
-3382 5.188961982727051
-3397 5.211063861846924
-3400 5.216250658035278
-3404 5.22051739692688
-3406 5.225780963897705
-3409 5.229931831359863
-3413 5.235078573226929
-3415 5.239598035812378
-3419 5.243941307067871
-3422 5.248868227005005
-3426 5.254109144210815
-3429 5.2589921951293945
-3432 5.263570308685303
-3435 5.268624544143677
-3438 5.272910833358765
-3440 5.278120040893555
-3444 5.282278537750244
-3447 5.287585735321045
-3451 5.291738033294678
-3454 5.296850919723511
-3458 5.300930738449097
-3460 5.3071441650390625
-3463 5.311157941818237
-3466 5.3164660930633545
-3470 5.320450782775879
-3472 5.325716972351074
-3476 5.330003976821899
-3479 5.3351545333862305
-3482 5.339505672454834
-3486 5.3438496589660645
-3488 5.34872579574585
-3492 5.353109836578369
-3495 5.358999013900757
-3499 5.363571643829346
-3501 5.368619441986084
-3504 5.372913599014282
-3507 5.378118515014648
-3511 5.382333993911743
-3514 5.387837171554565
-3517 5.391984939575195
-3520 5.397063732147217
-3523 5.401080846786499
-3527 5.407468557357788
-3530 5.411545753479004
-3533 5.417541027069092
-3537 5.421767711639404
-3540 5.426835298538208
-3542 5.430865526199341
-3545 5.436047077178955
-3549 5.440152406692505
-3552 5.44546103477478
-3554 5.449811935424805
-3558 5.454531908035278
-3562 5.460085153579712
-3565 5.465172529220581
-3568 5.469529151916504
-3572 5.473892450332642
-3574 5.478799104690552
-3577 5.4831624031066895
-3580 5.488270998001099
-3584 5.492542266845703
-3586 5.4979448318481445
-3590 5.502158164978027
-3594 5.507609605789185
-3597 5.512683629989624
-3604 5.5179595947265625
-3606 5.526866912841797
-3609 5.530889987945557
-3611 5.536038398742676
-3615 5.5404133796691895
-3618 5.54569673538208
-3620 5.549947738647461
-3624 5.555050849914551
-3628 5.560183525085449
-3631 5.565580606460571
-3634 5.569899320602417
-3638 5.574980020523071
-3640 5.5791144371032715
-3644 5.58371639251709
-3647 5.588591814041138
-3650 5.592835426330566
-3652 5.5980706214904785
-3656 5.602248907089233
-3659 5.607564210891724
-3663 5.612504959106445
-3666 5.617753028869629
-3670 5.621925592422485
-3672 5.627434253692627
-3676 5.631466865539551
-3679 5.636576414108276
-3682 5.640693664550781
-3684 5.645864486694336
-3687 5.649980545043945
-3691 5.655075788497925
-3695 5.659439325332642
-3698 5.665592432022095
-3700 5.669747591018677
-3704 5.674082517623901
-3707 5.678945064544678
-3711 5.6835386753082275
-3713 5.688565015792847
-3716 5.692852020263672
-3718 5.698060989379883
-3722 5.702208042144775
-3725 5.7074689865112305
-3729 5.71232533454895
-3732 5.717624187469482
-3736 5.72176456451416
-3738 5.726836919784546
-3741 5.730857849121094
-3744 5.736011266708374
-3748 5.740136623382568
-3750 5.745486497879028
-3753 5.749778985977173
-3757 5.754096031188965
-3761 5.759148120880127
-3764 5.765160799026489
-3766 5.7695417404174805
-3770 5.773888349533081
-3773 5.778770685195923
-3776 5.783127546310425
-3778 5.788194417953491
-3782 5.7923338413238525
-3785 5.797689199447632
-3789 5.801835775375366
-3792 5.807046175003052
-3795 5.81105899810791
-3798 5.817589282989502
-3802 5.821780204772949
-3805 5.826847791671753
-3807 5.830887079238892
-3810 5.836034297943115
-3814 5.840132713317871
-3817 5.8454179763793945
-3819 5.849553346633911
-3823 5.853928804397583
-3826 5.858816146850586
-3830 5.8645312786102295
-3832 5.86944055557251
-3836 5.87379789352417
-3839 5.878720045089722
-3843 5.882975339889526
-3846 5.88834023475647
-3848 5.892664670944214
-3851 5.897952079772949
-3855 5.902161121368408
-3858 5.907465219497681
-3862 5.911499977111816
-3867 5.917715549468994
-3871 5.926121950149536
-3874 5.930562973022461
-3876 5.935865640640259
-3880 5.940125942230225
-3883 5.945421457290649
-3886 5.949746370315552
-3890 5.954094648361206
-3892 5.959007740020752
-3896 5.963566541671753
-3899 5.969468355178833
-3903 5.973819017410278
-3905 5.978707790374756
-3909 5.982972621917725
-3912 5.988352298736572
-3914 5.992618560791016
-3917 5.997865676879883
