0 0.004573822021484375
-1 0.015578269958496094
-3 0.027037620544433594
-4 0.036032676696777344
-8 0.044378042221069336
-11 0.055938005447387695
-14 0.06450271606445312
-16 0.07344460487365723
-19 0.07771992683410645
-21 0.08310294151306152
-23 0.08721518516540527
-25 0.09154343605041504
-28 0.09640073776245117
-33 0.10101175308227539
-37 0.1105351448059082
-39 0.11579203605651855
-43 0.1200416088104248
-45 0.1262500286102295
-49 0.130601167678833
-51 0.13596248626708984
-54 0.14023113250732422
-56 0.14543628692626953
-60 0.14960193634033203
-63 0.15512323379516602
-67 0.15925097465515137
-69 0.16431164741516113
-73 0.168365478515625
-76 0.17459678649902344
-81 0.17860960960388184
-83 0.1839737892150879
-86 0.1879901885986328
-89 0.1932363510131836
-93 0.1974928379058838
-96 0.20257329940795898
-99 0.2069110870361328
-103 0.21129679679870605
-105 0.21620702743530273
-110 0.22058534622192383
-113 0.2265310287475586
-117 0.2311253547668457
-120 0.23607254028320312
-123 0.24035167694091797
-126 0.2455916404724121
-130 0.24975967407226562
-133 0.2552490234375
-137 0.2593953609466553
-140 0.264514684677124
-143 0.26856184005737305
-147 0.27501702308654785
-152 0.27918314933776855
-155 0.2844548225402832
-157 0.28848814964294434
-161 0.2936208248138428
-165 0.29773950576782227
-168 0.3030860424041748
-171 0.30722618103027344
-175 0.31195712089538574
-178 0.31661415100097656
-183 0.3212451934814453
-185 0.32718801498413086
-190 0.3315296173095703
-193 0.33638906478881836
-197 0.34099411964416504
-200 0.34593987464904785
-203 0.3502073287963867
-206 0.35544729232788086
-211 0.3596153259277344
-213 0.3649454116821289
-218 0.36895298957824707
-221 0.37431788444519043
-225 0.3795468807220459
-228 0.3846158981323242
-231 0.3886234760284424
-236 0.3939969539642334
-239 0.39800238609313965
-242 0.4032604694366455
-245 0.4074070453643799
-249 0.4125068187713623
-252 0.41703248023986816
-257 0.42139744758605957
-259 0.42734813690185547
-264 0.432452917098999
-267 0.4369852542877197
-271 0.4413597583770752
-274 0.44623827934265137
-277 0.4506053924560547
-280 0.4557342529296875
-285 0.45996880531311035
-288 0.4652402400970459
-292 0.46942591667175293
-295 0.4745638370513916
-300 0.4797646999359131
-303 0.4850780963897705
-307 0.4892277717590332
-310 0.4944493770599365
-317 0.49913740158081055
-322 0.5092685222625732
-325 0.5145001411437988
-328 0.5185060501098633
-333 0.5236184597015381
-337 0.5291893482208252
-340 0.5344655513763428
-343 0.5384731292724609
-347 0.5436110496520996
-350 0.5479614734649658
-353 0.5532219409942627
-358 0.5575010776519775
-361 0.5626308917999268
-364 0.5669989585876465
-368 0.5713825225830078
-371 0.5762743949890137
-375 0.5820319652557373
-379 0.5865144729614258
-383 0.5912017822265625
-386 0.5961294174194336
-389 0.6004095077514648
-392 0.6056222915649414
-396 0.6097676753997803
-399 0.6152088642120361
-404 0.6194252967834473
-407 0.6245212554931641
-411 0.6296343803405762
-414 0.6350204944610596
-419 0.6391646862030029
-422 0.6443109512329102
-425 0.6483497619628906
-427 0.6534936428070068
-432 0.6576423645019531
-435 0.6630070209503174
-438 0.6671509742736816
-443 0.671546459197998
-447 0.6766114234924316
-450 0.6830008029937744
-453 0.6871700286865234
-457 0.6915183067321777
-461 0.6964116096496582
-465 0.701002836227417
-468 0.7058830261230469
-471 0.7101542949676514
-474 0.7154169082641602
-478 0.7195980548858643
-481 0.724860668182373
-486 0.7289309501647949
-489 0.735332727432251
-493 0.7395069599151611
-496 0.7446024417877197
-499 0.7486064434051514
-503 0.7539944648742676
-507 0.7579600811004639
-509 0.7632510662078857
-513 0.7674160003662109
-517 0.7725181579589844
-520 0.7766308784484863
-525 0.7829878330230713
-527 0.7871489524841309
-532 0.7915031909942627
-535 0.7966108322143555
-539 0.8011796474456787
-542 0.8062779903411865
-547 0.8108699321746826
-550 0.815800666809082
-553 0.8200445175170898
-556 0.8253276348114014
-560 0.8295094966888428
-563 0.8355426788330078
-568 0.8397238254547119
-571 0.8450427055358887
-575 0.8491706848144531
-578 0.8544461727142334
-581 0.8584671020507812
-584 0.86360764503479
-589 0.8677451610565186
-591 0.8731122016906738
-595 0.8772385120391846
-599 0.8820099830627441
-603 0.8875279426574707
-606 0.8929378986358643
-609 0.8970744609832764
-615 0.9014418125152588
-620 0.9099969863891602
-623 0.9154834747314453
-627 0.9196743965148926
-630 0.9251308441162109
-635 0.9292635917663574
-638 0.935523271560669
-642 0.9397299289703369
-645 0.945077657699585
-649 0.9492266178131104
-653 0.954279899597168
-655 0.9582846164703369
-659 0.9634509086608887
-663 0.9675579071044922
-666 0.9729964733123779
-669 0.9773130416870117
-673 0.9820277690887451
-678 0.9875829219818115
-681 0.9929122924804688
-684 0.9970524311065674
-688 1.0014405250549316
-691 1.0063323974609375
-696 1.0108749866485596
-699 1.0157768726348877
-702 1.0201160907745361
-705 1.0253582000732422
-709 1.0295603275299072
-713 1.0350072383880615
-717 1.0400772094726562
-719 1.0453615188598633
-724 1.049553394317627
-727 1.0554516315460205
-731 1.05963134765625
-735 1.0650973320007324
-739 1.0692543983459473
-742 1.0742874145507812
-745 1.0783281326293945
-749 1.0834832191467285
-754 1.0888645648956299
-757 1.094142198562622
-760 1.0982308387756348
-763 1.1033601760864258
-767 1.1074774265289307
-770 1.1126010417938232
-773 1.1169750690460205
-778 1.12129807472229
-781 1.1261930465698242
-784 1.1305913925170898
-788 1.135680913925171
-793 1.141035795211792
-796 1.1459438800811768
-799 1.1502113342285156
-801 1.1555752754211426
-806 1.159740924835205
-809 1.1650521755218506
-813 1.1691899299621582
-817 1.1743013858795166
-819 1.1783123016357422
-823 1.1834526062011719
-827 1.1875786781311035
-831 1.193671703338623
-834 1.198004961013794
-837 1.2032513618469238
-840 1.2073931694030762
-845 1.2124974727630615
-848 1.2170193195343018
-852 1.2214128971099854
-855 1.2263050079345703
-858 1.230851173400879
-863 1.2357609272003174
-867 1.2410953044891357
-870 1.2460145950317383
-873 1.2503314018249512
-876 1.2555294036865234
-881 1.2596850395202637
-883 1.2650268077850342
-888 1.2691898345947266
-891 1.2744367122650146
-894 1.278501033782959
-897 1.2836010456085205
-903 1.287733793258667
-906 1.2941250801086426
-909 1.2982125282287598
-915 1.3033888339996338
-919 1.3113524913787842
-922 1.316389799118042
-927 1.3209869861602783
-930 1.3262014389038086
-934 1.3306167125701904
-937 1.335982322692871
-942 1.3412916660308838
-945 1.3462364673614502
-948 1.3506152629852295
-952 1.3557605743408203
-955 1.3600029945373535
-958 1.3652317523956299
-963 1.3694040775299072
-965 1.3744678497314453
-969 1.37850022315979
-971 1.383634328842163
-976 1.3877284526824951
-981 1.3942644596099854
-983 1.3983142375946045
-987 1.4034702777862549
-991 1.4076144695281982
-994 1.413001298904419
-997 1.4171409606933594
-1001 1.4215035438537598
-1004 1.4263722896575928
-1009 1.4309718608856201
-1012 1.4358601570129395
-1016 1.440124750137329
-1019 1.4460728168487549
-1022 1.4503421783447266
-1027 1.455765962600708
-1030 1.4600772857666016
-1033 1.4653193950653076
-1037 1.4695258140563965
-1040 1.4748873710632324
-1045 1.4788963794708252
-1047 1.4840478897094727
-1051 1.4881441593170166
-1055 1.4943842887878418
-1058 1.498464822769165
-1061 1.503587007522583
-1065 1.5076849460601807
-1069 1.5130348205566406
-1071 1.5173416137695312
-1076 1.5224087238311768
-1079 1.5265867710113525
-1083 1.53114914894104
-1086 1.5360198020935059
-1091 1.540308952331543
-1094 1.546252727508545
-1097 1.5508747100830078
-1101 1.555835485458374
-1104 1.560081958770752
-1107 1.5653703212738037
-1112 1.5695664882659912
-1115 1.5751121044158936
-1119 1.5792641639709473
-1122 1.584470510482788
-1125 1.588491439819336
-1129 1.5935943126678467
-1134 1.5989305973052979
-1137 1.6040606498718262
-1140 1.6081929206848145
-1143 1.6133451461791992
-1147 1.6174612045288086
-1151 1.6225700378417969
-1153 1.6269121170043945
-1158 1.6312568187713623
-1161 1.636338233947754
-1165 1.640866756439209
-1168 1.6465771198272705
-1173 1.6511695384979248
-1176 1.6560847759246826
-1179 1.6603882312774658
-1182 1.665595531463623
-1186 1.6697659492492676
-1189 1.6750874519348145
-1194 1.679243564605713
-1197 1.6843278408050537
-1206 1.6950397491455078
-1209 1.700155258178711
-1216 1.7054007053375244
-1219 1.7143936157226562
-1222 1.7184085845947266
-1227 1.7236440181732178
-1229 1.7279996871948242
-1233 1.7332661151885986
-1237 1.737534761428833
-1240 1.742981195449829
-1244 1.7471144199371338
-1247 1.7532503604888916
-1252 1.7575392723083496
-1255 1.7626125812530518
-1258 1.7670059204101562
-1262 1.7713778018951416
-1265 1.776252031326294
-1268 1.7806274890899658
-1273 1.7857789993286133
-1276 1.7900736331939697
-1280 1.7953765392303467
-1283 1.8003873825073242
-1286 1.8055849075317383
-1291 1.8097398281097412
-1293 1.8151838779449463
-1298 1.819361925125122
-1301 1.8245229721069336
-1304 1.8285667896270752
-1307 1.8336677551269531
-1311 1.8378794193267822
-1314 1.8431446552276611
-1319 1.8474364280700684
-1322 1.8535215854644775
-1327 1.8576364517211914
-1329 1.8629863262176514
-1333 1.8671419620513916
-1337 1.8715190887451172
-1340 1.8766124248504639
-1344 1.881239891052246
-1347 1.886131763458252
-1350 1.8903794288635254
-1353 1.8955750465393066
-1359 1.9009425640106201
-1362 1.9058411121368408
-1365 1.9101252555847168
-1368 1.9153637886047363
-1373 1.9195544719696045
-1376 1.9249534606933594
-1380 1.928950309753418
-1383 1.9343020915985107
-1386 1.9383599758148193
-1389 1.9434869289398193
-1393 1.9475774765014648
-1398 1.9536998271942139
-1401 1.957899808883667
-1404 1.9631826877593994
-1407 1.9672999382019043
-1411 1.9719946384429932
-1415 1.9768874645233154
-1419 1.981276273727417
-1422 1.9861595630645752
-1426 1.9905540943145752
-1429 1.9957985877990723
-1434 2.000056266784668
-1437 2.0060536861419678
-1440 2.010324478149414
-1443 2.0155158042907715
-1447 2.019688606262207
-1450 2.0249969959259033
-1455 2.0289807319641113
-1458 2.0340583324432373
-1461 2.0381665229797363
-1463 2.0433151721954346
-1468 2.0474767684936523
-1473 2.054487466812134
-1475 2.058553695678711
-1479 2.063654899597168
-1483 2.0677452087402344
-1486 2.073117971420288
-1489 2.0772407054901123
-1493 2.081962823867798
-1497 2.0864477157592773
-1501 2.091003179550171
-1504 2.095876693725586
-1508 2.100184679031372
-1514 2.1063101291656494
-1517 2.1156115531921387
-1522 2.1197452545166016
-1525 2.125223159790039
-1529 2.1294167041778564
-1532 2.1346349716186523
-1535 2.138615608215332
-1538 2.14370059967041
-1543 2.1478798389434814
-1547 2.153165578842163
-1550 2.15824031829834
-1553 2.1633481979370117
-1557 2.1674630641937256
-1561 2.1725759506225586
-1563 2.1770644187927246
-1568 2.181427001953125
-1571 2.186318874359131
-1574 2.1908702850341797
-1579 2.1957778930664062
-1581 2.200021982192993
-1586 2.205947160720825
-1589 2.2102982997894287
-1592 2.2155165672302246
-1597 2.2196874618530273
-1599 2.225024461746216
-1604 2.2291743755340576
-1607 2.2344613075256348
-1610 2.2384872436523438
-1613 2.2436070442199707
-1617 2.2477200031280518
-1622 2.2530572414398193
-1625 2.2582597732543945
-1628 2.263476610183716
-1632 2.267611026763916
-1635 2.272939682006836
-1638 2.2770817279815674
-1643 2.28143572807312
-1646 2.286325216293335
-1650 2.2908880710601807
-1653 2.2959814071655273
-1656 2.300248146057129
-1661 2.305468797683716
-1665 2.310877561569214
-1668 2.3157804012298584
-1671 2.320099115371704
-1674 2.325357675552368
-1679 2.329554796218872
-1681 2.3346123695373535
-1685 2.3386287689208984
-1689 2.3439278602600098
-1692 2.3479743003845215
-1695 2.353217363357544
-1699 2.358492136001587
-1704 2.3636393547058105
-1707 2.3679914474487305
-1710 2.3732664585113525
-1713 2.377408027648926
-1717 2.3825056552886963
-1720 2.38659405708313
-1725 2.3911759853363037
-1728 2.3960702419281006
-1731 2.4003798961639404
-1735 2.4055850505828857
-1739 2.4108633995056152
-1743 2.415947437286377
-1746 2.4202065467834473
-1749 2.4254300594329834
-1753 2.4296212196350098
-1756 2.434896945953369
-1761 2.4389238357543945
-1763 2.444075107574463
-1767 2.4481911659240723
-1769 2.45332932472229
-1774 2.457474946975708
-1777 2.463505983352661
-1781 2.4676194190979004
-1784 2.4729793071746826
-1787 2.477363109588623
-1792 2.4824318885803223
-1795 2.486585855484009
-1799 2.49120831489563
-1802 2.4962868690490723
-1807 2.500871181488037
-1813 2.505779504776001
-1816 2.5156145095825195
-1820 2.5197832584381104
-1823 2.525386095046997
-1828 2.5295889377593994
-1831 2.5351316928863525
-1835 2.539337158203125
-1838 2.5444304943084717
-1841 2.548466205596924
-1844 2.553611993789673
-1850 2.5577385425567627
-1853 2.564039468765259
-1856 2.5681445598602295
-1859 2.5733141899108887
-1863 2.5774521827697754
-1867 2.582559108734131
-1869 2.5869293212890625
-1874 2.591277837753296
-1877 2.5963332653045654
-1881 2.6008830070495605
-1885 2.6058003902435303
-1889 2.610036611557007
-1892 2.615990161895752
-1895 2.6202609539031982
-1898 2.625636100769043
-1902 2.6297712326049805
-1905 2.635087728500366
-1910 2.639244556427002
-1913 2.6443030834198
-1916 2.6483259201049805
-1919 2.653475284576416
-1923 2.6577446460723877
-1928 2.6639516353607178
-1931 2.66799259185791
-1933 2.6732635498046875
-1938 2.677450180053711
-1941 2.6825740337371826
-1944 2.686917543411255
-1949 2.6912615299224854
-1951 2.6961915493011475
-1955 2.700585126876831
-1957 2.70574951171875
-1963 2.709977865219116
-1967 2.7161428928375244
-1969 2.7204201221466064
-1972 2.725595235824585
-1977 2.7297255992889404
-1980 2.7350411415100098
-1984 2.7391819953918457
-1987 2.7442734241485596
-1990 2.7483136653900146
-1993 2.7534682750701904
-1998 2.7577381134033203
-2002 2.7631490230560303
-2005 2.768496513366699
-2010 2.773613214492798
-2013 2.7779934406280518
-2016 2.783255100250244
-2020 2.787437677383423
-2023 2.7925596237182617
-2026 2.7969212532043457
-2031 2.801281690597534
-2033 2.806227445602417
-2037 2.8105907440185547
-2041 2.8165090084075928
-2045 2.8211669921875
-2049 2.8261165618896484
-2051 2.83040189743042
-2056 2.835756778717041
-2059 2.8400020599365234
-2062 2.8452539443969727
-2066 2.849414348602295
-2069 2.854505777359009
-2072 2.8585028648376465
-2077 2.8636319637298584
-2081 2.8691534996032715
-2084 2.8742566108703613
-2087 2.8783071041107178
-2090 2.8834543228149414
-2095 2.8878777027130127
-2098 2.893137216567993
-2102 2.897460460662842
-2105 2.9025719165802
-2108 2.9069106578826904
-2115 2.9155097007751465
-2120 2.921024799346924
-2127 2.9274981021881104
-2131 2.93689227104187
-2135 2.941246271133423
-2138 2.9463181495666504
-2143 2.9508731365203857
-2145 2.9559223651885986
-2149 2.960211753845215
-2153 2.9654128551483154
-2156 2.970613956451416
-2160 2.9757707118988037
-2163 2.980100393295288
-2166 2.9853625297546387
-2171 2.989556312561035
-2174 2.994593858718872
-2177 2.9985849857330322
-2181 3.0037124156951904
-2186 3.0084211826324463
-2189 3.014320135116577
-2193 3.0194361209869385
-2196 3.024540901184082
-2199 3.0285890102386475
-2202 3.033656358718872
-2207 3.037848949432373
-2210 3.043095827102661
-2213 3.047244071960449
-2217 3.0520100593566895
-2220 3.0574121475219727
-2225 3.0624983310699463
-2229 3.0666048526763916
-2232 3.072627544403076
-2235 3.0771517753601074
-2239 3.0815281867980957
-2243 3.086390495300293
-2247 3.0909698009490967
-2250 3.095848560333252
-2253 3.1000845432281494
-2256 3.105367422103882
-2261 3.109567403793335
-2263 3.1148531436920166
-2268 3.1188745498657227
-2271 3.12516713142395
-2275 3.1293342113494873
-2278 3.134615659713745
-2281 3.1388840675354004
-2286 3.1442973613739014
-2289 3.1483049392700195
-2292 3.153447389602661
-2296 3.1575512886047363
-2299 3.1626334190368652
-2302 3.167034149169922
-2307 3.173208713531494
-2310 3.177332639694214
-2314 3.18203067779541
-2317 3.186497449874878
-2321 3.1910581588745117
-2325 3.1961636543273926
-2327 3.200554847717285
-2331 3.2056283950805664
-2335 3.20978045463562
-2338 3.2151122093200684
-2343 3.219283103942871
-2345 3.2253990173339844
-2350 3.229599952697754
-2353 3.2348921298980713
-2357 3.238898515701294
-2361 3.2440052032470703
-2363 3.2481276988983154
-2366 3.2534470558166504
-2371 3.257734775543213
-2374 3.2630858421325684
-2377 3.2671923637390137
-2381 3.271500825881958
-2386 3.277555227279663
-2389 3.2826051712036133
-2392 3.2869632244110107
-2396 3.2912864685058594
-2399 3.2961788177490234
-2402 3.3005521297454834
-2405 3.305661916732788
-2413 3.3097915649414062
-2420 3.324930191040039
-2425 3.329073190689087
-2428 3.334292411804199
-2431 3.3383054733276367
-2434 3.3434579372406006
-2438 3.3478689193725586
-2441 3.353123903274536
-2444 3.3572733402252197
-2449 3.3619775772094727
-2451 3.366492986679077
-2456 3.371081590652466
-2459 3.377150774002075
-2463 3.381497383117676
-2467 3.386385679244995
-2471 3.3909902572631836
-2474 3.395960569381714
-2477 3.4002065658569336
-2480 3.4056286811828613
-2484 3.4097719192504883
-2487 3.415160894393921
-2492 3.419320821762085
-2495 3.424372434616089
-2499 3.429612398147583
-2502 3.435065984725952
-2507 3.439237117767334
-2513 3.4442691802978516
-2516 3.452986240386963
-2519 3.457150936126709
-2523 3.461515426635742
-2526 3.466407060623169
-2531 3.470991849899292
-2533 3.477017879486084
-2538 3.481396198272705
-2541 3.4862725734710693
-2545 3.4908721446990967
-2549 3.495945453643799
-2551 3.5002353191375732
-2555 3.505471706390381
-2559 3.509641408920288
-2562 3.5149314403533936
-2567 3.5189669132232666
-2569 3.524057149887085
-2574 3.5293610095977783
-2577 3.5346217155456543
-2580 3.5386266708374023
-2585 3.543945074081421
-2587 3.5479896068573
-2591 3.5532631874084473
-2595 3.557598114013672
-2598 3.5629467964172363
-2601 3.567079544067383
-2605 3.5714237689971924
-2610 3.576343059539795
-2613 3.5825252532958984
-2616 3.5868752002716064
-2620 3.5912387371063232
-2623 3.596144199371338
-2626 3.60042405128479
-2629 3.605607509613037
-2634 3.6097772121429443
-2637 3.615354061126709
-2641 3.6195621490478516
-2644 3.6246073246002197
-2649 3.629664659500122
-2652 3.635017156600952
-2656 3.639139175415039
-2659 3.6442782878875732
-2662 3.648308038711548
-2665 3.653449296951294
-2669 3.657618999481201
-2673 3.662958860397339
-2675 3.667266368865967
-2680 3.6719608306884766
-2685 3.676629066467285
-2687 3.6829259395599365
-2691 3.6870765686035156
-2695 3.6914241313934326
-2698 3.6963107585906982
-2701 3.7008631229400635
-2705 3.705763339996338
-2711 3.710007429122925
-2716 3.7188713550567627
-2719 3.724154472351074
-2723 3.7282583713531494
-2726 3.7350451946258545
-2731 3.739246368408203
-2734 3.7444307804107666
-2737 3.7484545707702637
-2740 3.7535812854766846
-2744 3.7576804161071777
-2747 3.76302433013916
-2750 3.767197847366333
-2755 3.771510124206543
-2758 3.7763831615448
-2762 3.7824442386627197
-2765 3.7865660190582275
-2770 3.7911484241485596
-2773 3.79622745513916
-2775 3.8005878925323486
-2779 3.8057007789611816
-2783 3.809845209121704
-2786 3.8151533603668213
-2791 3.8193039894104004
-2793 3.8243727684020996
-2798 3.8284072875976562
-2801 3.8345940113067627
-2804 3.8385837078094482
-2807 3.8436813354492188
-2811 3.847916841506958
-2814 3.8531668186187744
-2819 3.8574576377868652
-2822 3.862560749053955
-2825 3.866917610168457
-2829 3.871262550354004
-2832 3.876176118850708
-2837 3.8805630207061768
-2840 3.886430025100708
-2844 3.890990734100342
-2847 3.8959696292877197
-2850 3.9002232551574707
-2853 3.905492067337036
-2858 3.9096388816833496
-2861 3.9151132106781006
-2865 3.919259786605835
-2868 3.9245028495788574
-2871 3.928511381149292
-2876 3.93498158454895
-2880 3.939246416091919
-2883 3.9442832469940186
-2886 3.948317289352417
-2889 3.9534473419189453
-2893 3.9576268196105957
-2897 3.9630095958709717
-2899 3.967149496078491
-2904 3.9715120792388916
-2907 3.9766061305999756
-2911 3.9811959266662598
-2915 3.987145185470581
-2919 3.991504669189453
-2922 3.9963910579681396
-2927 4.00098180770874
-2929 4.005872011184692
-2932 4.010149955749512
-2935 4.015397548675537
-2940 4.019601345062256
-2943 4.024890661239624
-2947 4.0289084911346436
-2950 4.034157037734985
-2955 4.039458990097046
-2958 4.044583559036255
-2962 4.048588991165161
-2965 4.055034399032593
-2970 4.05919337272644
-2973 4.064266204833984
-2976 4.068341016769409
-2979 4.0734641551971436
-2983 4.077566623687744
-2988 4.082627534866333
-2991 4.087921380996704
-2993 4.093202352523804
-2998 4.097491979598999
-3001 4.102572202682495
-3004 4.106933832168579
-3010 4.111279249191284
-3015 4.119977951049805
-3017 4.125388860702515
-3022 4.1295764446258545
-3027 4.135076522827148
-3029 4.140157699584961
-3033 4.145522117614746
-3037 4.149714231491089
-3040 4.155164480209351
-3044 4.159276247024536
-3047 4.164307594299316
-3050 4.168370246887207
-3053 4.173499345779419
-3058 4.177605867385864
-3061 4.182904958724976
-3065 4.188169479370117
-3068 4.193336009979248
-3073 4.1974592208862305
-3076 4.202576160430908
-3079 4.207019090652466
-3083 4.211389064788818
-3086 4.216440439224243
-3091 4.220993757247925
-3094 4.225945234298706
-3097 4.230221748352051
-3101 4.235445499420166
-3104 4.240430593490601
-3107 4.245593547821045
-3111 4.249750375747681
-3115 4.255044221878052
-3119 4.25917911529541
-3122 4.264258146286011
-3125 4.268284797668457
-3128 4.273452997207642
-3133 4.277714252471924
-3135 4.28307843208313
-3140 4.287198066711426
-3143 4.293348550796509
-3147 4.297470808029175
-3151 4.302589178085327
-3153 4.3069493770599365
-3158 4.311289548873901
-3161 4.316365480422974
-3165 4.320977687835693
-3168 4.325843572616577
-3171 4.330101728439331
-3175 4.335501194000244
-3180 4.340885400772095
-3183 4.345807313919067
-3186 4.350058078765869
-3189 4.355308771133423
-3194 4.359442472457886
-3197 4.364538192749023
-3200 4.368550062179565
-3204 4.374419689178467
-3207 4.3784403800964355
-3210 4.3835670948028564
-3216 4.3876566886901855
-3219 4.394158363342285
-3222 4.39827823638916
-3225 4.4034504890441895
-3230 4.407607316970825
-3233 4.412913084030151
-3236 4.417046546936035
-3240 4.42141318321228
-3243 4.4263482093811035
-3247 4.430897951126099
-3251 4.435791492462158
-3255 4.440026760101318
-3258 4.446141481399536
-3263 4.450411558151245
-3265 4.4558045864105225
-3269 4.46002721786499
-3271 4.465242862701416
-3276 4.469419240951538
-3279 4.474564790725708
-3282 4.4785544872283936
-3285 4.48366641998291
-3289 4.487871408462524
-3294 4.494074583053589
-3297 4.498208045959473
-3300 4.503346681594849
-3305 4.507463455200195
-3307 4.512575387954712
-3315 4.520601749420166
-3318 4.525854587554932
-3321 4.53010892868042
-3324 4.535528898239136
-3330 4.539722681045532
-3333 4.545952558517456
-3336 4.550209045410156
-3339 4.555438280105591
-3343 4.559636831283569
-3346 4.564924240112305
-3351 4.568948745727539
-3354 4.574317693710327
-3357 4.578361511230469
-3359 4.583477735519409
-3364 4.587597608566284
-3369 4.592931747436523
-3371 4.597898483276367
-3375 4.6031553745269775
-3377 4.607299089431763
-3382 4.612006425857544
-3385 4.616512060165405
-3389 4.621052503585815
-3393 4.62595009803772
-3395 4.630223274230957
-3399 4.635605096817017
-3403 4.639736652374268
-3407 4.6457884311676025
-3410 4.650130271911621
-3413 4.655363321304321
-3418 4.65957236289978
-3421 4.664913892745972
-3425 4.6689348220825195
-3428 4.674065589904785
-3431 4.67818808555603
-3434 4.683313369750977
-3439 4.687434911727905
-3443 4.692517995834351
-3446 4.697983026504517
-3449 4.703277349472046
-3454 4.7075724601745605
-3457 4.712867736816406
-3460 4.7170250415802
-3464 4.721391916275024
-3467 4.726338863372803
-3472 4.730890989303589
-3475 4.7358012199401855
-3478 4.740025997161865
-3482 4.7452733516693115
-3485 4.7503745555877686
-3489 4.75582480430603
-3493 4.760061979293823
-3495 4.765378713607788
-3500 4.769550323486328
-3503 4.77460789680481
-3507 4.778625011444092
-3511 4.783985137939453
-3513 4.787971258163452
-3517 4.793219804763794
-3521 4.798360824584961
-3524 4.80352783203125
-3529 4.807631015777588
-3531 4.812977313995361
-3535 4.817295789718628
-3539 4.822018384933472
-3542 4.826497793197632
-3546 4.831089019775391
-3549 4.836154222488403
-3554 4.840552568435669
-3557 4.845821142196655
-3561 4.851118803024292
-3564 4.8560357093811035
-3567 4.860317230224609
-3570 4.865583419799805
-3575 4.8697350025177
-3578 4.875199556350708
-3582 4.879387378692627
-3585 4.884469509124756
-3588 4.8884804248809814
-3591 4.893615007400513
-3597 4.89772891998291
-3600 4.904058456420898
-3603 4.908169984817505
-3606 4.9133384227752686
-3613 4.921386003494263
-3617 4.926449537277222
-3621 4.931021213531494
-3624 4.936261892318726
-3629 4.940851211547852
-3631 4.945918321609497
-3636 4.951300859451294
-3639 4.956181526184082
-3643 4.960571765899658
-3651 4.97114896774292
-3654 4.976135969161987
-3657 4.980403184890747
-3660 4.985601186752319
-3665 4.989748954772949
-3667 4.995233535766602
-3672 4.999403238296509
-3675 5.0054261684417725
-3679 5.00959324836731
-3682 5.01488995552063
-3687 5.018934726715088
-3690 5.0240318775177
-3693 5.028148412704468
-3696 5.0333027839660645
-3700 5.037450790405273
-3703 5.042560815811157
-3706 5.046927213668823
-3712 5.0513129234313965
-3715 5.058202266693115
-3718 5.0633625984191895
-3723 5.067480564117432
-3726 5.07256555557251
-3729 5.0769126415252686
-3733 5.081284523010254
-3736 5.086203575134277
-3741 5.090594530105591
-3743 5.095890045166016
-3748 5.100157260894775
-3751 5.1061601638793945
-3755 5.110588788986206
-3759 5.115839719772339
-3761 5.120071649551392
-3765 5.1253838539123535
-3769 5.1296000480651855
-3772 5.134866237640381
-3777 5.138917922973633
-3779 5.144031047821045
-3782 5.148122787475586
-3787 5.153276205062866
-3790 5.158409833908081
-3793 5.163538932800293
-3797 5.16766357421875
-3801 5.17301607131958
-3803 5.1773364543914795
-3808 5.1820385456085205
-3811 5.186535835266113
-3815 5.191129922866821
-3818 5.196091175079346
-3823 5.20036244392395
-3826 5.20628547668457
-3829 5.210858106613159
-3833 5.215757846832275
-3836 5.220004081726074
-3839 5.225426912307739
-3844 5.2296061515808105
-3847 5.235049724578857
-3851 5.239195108413696
-3854 5.2442591190338135
-3857 5.248311758041382
-3861 5.253498315811157
-3866 5.258893966674805
-3869 5.264039993286133
-3872 5.268157005310059
-3875 5.273310422897339
-3879 5.277475118637085
-3883 5.282578468322754
-3885 5.286928176879883
-3890 5.291272401809692
-3893 5.296334981918335
-3897 5.300892114639282
-3900 5.306626081466675
-3905 5.31124472618103
-3911 5.316150903701782
-3914 5.325324773788452
-3918 5.329497337341309
-3921 5.334984302520752
-3926 5.338979244232178
-3929 5.344288110733032
-3932 5.348312854766846
-3936 5.353464603424072
-3941 5.359202861785889
-3944 5.364275932312012
-3947 5.3682920932769775
-3950 5.373445510864258
-3954 5.37755274772644
-3957 5.383316278457642
-3962 5.387457847595215
-3965 5.392569065093994
-3968 5.396924734115601
-3972 5.401288747787476
-3975 5.406149864196777
-3979 5.411532402038574
-3983 5.416569232940674
-3987 5.421147584915161
-3990 5.426025867462158
-3993 5.430284023284912
-3996 5.4354870319366455
-4001 5.439623594284058
-4003 5.445299863815308
-4008 5.4495203495025635
-4011 5.454584360122681
-4015 5.4596967697143555
-4019 5.46500563621521
-4023 5.46912145614624
-4026 5.474415063858032
-4029 5.478471279144287
-4033 5.483569145202637
-4036 5.487940311431885
-4039 5.493212699890137
-4042 5.49736475944519
-4047 5.502465724945068
-4051 5.506580829620361
-4054 5.513448715209961
-4059 5.517618417739868
-4062 5.522958278656006
-4065 5.527127981185913
-4069 5.531479597091675
-4072 5.536500930786133
-4077 5.541056394577026
-4080 5.545974493026733
-4083 5.550259828567505
-4086 5.555495023727417
-4090 5.559638977050781
-4095 5.565782785415649
-4098 5.56999945640564
-4101 5.575248718261719
-4105 5.579410791397095
-4108 5.584515333175659
-4111 5.588513135910034
-4115 5.593622207641602
-4119 5.59795069694519
-4121 5.603220701217651
-4126 5.607332468032837
-4129 5.61344575881958
-4133 5.617711305618286
-4137 5.623049736022949
-4139 5.627183675765991
-4144 5.63155198097229
-4147 5.636406660079956
-4151 5.6410064697265625
-4154 5.645897388458252
-4157 5.65015435218811
-4160 5.6555140018463135
-4165 5.659692764282227
-4169 5.665762186050415
-4172 5.670010089874268
-4175 5.675244331359863
-4180 5.679402589797974
-4183 5.684486389160156
-4186 5.688556909561157
-4189 5.693671464920044
-4193 5.697854518890381
-4196 5.703118324279785
-4199 5.70725679397583
-4204 5.711980104446411
-4211 5.71756386756897
-4214 5.726361989974976
-4219 5.7309794425964355
-4222 5.736029148101807
-4226 5.740302562713623
-4229 5.7457873821258545
-4232 5.750028610229492
-4235 5.755262136459351
-4239 5.759439468383789
-4243 5.765536785125732
-4247 5.7697460651397705
-4250 5.775190591812134
-4255 5.779348373413086
-4257 5.784439563751221
-4261 5.788467168807983
-4263 5.793595314025879
-4268 5.797715663909912
-4271 5.803071022033691
-4274 5.807220458984375
-4279 5.811949968338013
-4283 5.817462682723999
-4286 5.822599172592163
-4289 5.826964378356934
-4293 5.831274509429932
-4296 5.836332082748413
-4299 5.840865850448608
-4304 5.845829725265503
-4307 5.850095987319946
-4310 5.855360507965088
-4314 5.859518051147461
-4317 5.864556074142456
-4322 5.869747877120972
-4325 5.87521505355835
-4329 5.87941312789917
-4332 5.884490728378296
-4335 5.888517141342163
-4340 5.8936216831207275
-4343 5.898000478744507
-4346 5.90324330329895
-4349 5.907388925552368
-4353 5.912477016448975
-4357 5.91764760017395
-4361 5.9229958057403564
-4363 5.9271461963653564
-4368 5.931509733200073
-4371 5.936394453048706
-4375 5.940975189208984
-4379 5.945862293243408
-4381 5.950125455856323
-4385 5.955501317977905
-4389 5.959657192230225
-4393 5.965028285980225
-4397 5.970114469528198
-4399 5.9753782749176025
-4404 5.979601144790649
-4407 5.984875917434692
-4411 5.98893404006958
-4414 5.994019269943237
-4417 5.998003005981445
