0 0.005494594573974609
0 0.027163028717041016
1 0.03670620918273926
1 0.04600191116333008
1 0.05619406700134277
1 0.061591386795043945
1 0.06587553024291992
1 0.07142019271850586
1 0.07577037811279297
1 0.08103179931640625
1 0.08522439002990723
2 0.09064793586730957
2 0.09482264518737793
2 0.09990739822387695
3 0.10398650169372559
3 0.11027407646179199
3 0.11454153060913086
3 0.11974620819091797
3 0.12389731407165527
3 0.12907695770263672
4 0.1333777904510498
4 0.1387617588043213
4 0.14294147491455078
5 0.14809322357177734
5 0.1522533893585205
5 0.15860748291015625
5 0.16281437873840332
6 0.16717100143432617
6 0.17211675643920898
6 0.17670464515686035
7 0.18160724639892578
7 0.1858963966369629
7 0.1913440227508545
7 0.19550204277038574
7 0.2008662223815918
8 0.2050626277923584
8 0.21117067337036133
9 0.21536803245544434
9 0.22069787979125977
9 0.22488665580749512
9 0.22996020317077637
10 0.23403000831604004
10 0.2391974925994873
10 0.24333429336547852
11 0.24870991706848145
11 0.2530801296234131
11 0.2582409381866455
11 0.2636086940765381
12 0.2688915729522705
12 0.27307724952697754
12 0.2782323360443115
13 0.28269004821777344
13 0.28708910942077637
13 0.29202866554260254
13 0.29667162895202637
14 0.30161166191101074
14 0.3059537410736084
15 0.3121299743652344
15 0.3167881965637207
15 0.321918249130249
15 0.3265268802642822
16 0.33149194717407227
16 0.33577895164489746
16 0.3410756587982178
17 0.3452928066253662
17 0.35065793991088867
17 0.3548455238342285
17 0.3599874973297119
18 0.36530113220214844
18 0.3708317279815674
19 0.37502455711364746
19 0.3801555633544922
19 0.388979434967041
20 0.3933680057525635
20 0.39879870414733887
20 0.4031376838684082
21 0.40827322006225586
21 0.41387081146240234
21 0.41911792755126953
21 0.42327189445495605
22 0.42862629890441895
22 0.4329953193664551
23 0.438107967376709
23 0.4422645568847656
23 0.44692015647888184
23 0.45203471183776855
24 0.45668864250183105
24 0.4616360664367676
24 0.4671037197113037
25 0.47208261489868164
25 0.47669553756713867
25 0.48163485527038574
25 0.48593807220458984
26 0.4913794994354248
26 0.49567174911499023
26 0.5009641647338867
27 0.5052182674407959
27 0.5106055736541748
27 0.5156724452972412
28 0.5209431648254395
28 0.5251669883728027
28 0.531125545501709
29 0.5353386402130127
29 0.5407087802886963
29 0.5449097156524658
29 0.5502095222473145
30 0.5542643070220947
30 0.5597009658813477
31 0.5651273727416992
31 0.5705115795135498
31 0.5745770931243896
31 0.5799875259399414
32 0.5840981006622314
32 0.5892524719238281
32 0.5935180187225342
33 0.5988337993621826
33 0.6029889583587646
33 0.6081078052520752
33 0.6127252578735352
34 0.6189234256744385
34 0.6231105327606201
35 0.6282517910003662
35 0.6326520442962646
35 0.6370565891265869
35 0.6420247554779053
36 0.6466574668884277
36 0.6516058444976807
36 0.655935525894165
36 0.6612129211425781
37 0.6666746139526367
37 0.6718060970306396
37 0.6762259006500244
38 0.6814000606536865
38 0.6856906414031982
38 0.6909520626068115
39 0.6951777935028076
39 0.7005083560943604
39 0.7045903205871582
39 0.7099714279174805
40 0.7140610218048096
40 0.7206015586853027
41 0.7247409820556641
41 0.7300970554351807
41 0.7341480255126953
41 0.7393152713775635
42 0.7435827255249023
42 0.748908281326294
42 0.7530958652496338
43 0.758237361907959
43 0.7626769542694092
43 0.7688450813293457
43 0.7730429172515869
44 0.7782258987426758
44 0.7826271057128906
45 0.791656494140625
45 0.7959816455841064
45 0.8014590740203857
45 0.8057456016540527
46 0.8111732006072998
46 0.8153769969940186
47 0.8214740753173828
47 0.8257791996002197
47 0.8310868740081787
47 0.8352866172790527
48 0.8407917022705078
48 0.8449983596801758
48 0.8505067825317383
49 0.8545639514923096
49 0.8597283363342285
49 0.8638966083526611
49 0.8702101707458496
50 0.8745205402374268
50 0.8796699047088623
51 0.8838541507720947
51 0.8890914916992188
51 0.8932642936706543
51 0.8986227512359619
51 0.9028382301330566
52 0.9075765609741211
52 0.9125659465789795
53 0.9169788360595703
53 0.9229295253753662
53 0.9276750087738037
53 0.9322917461395264
54 0.936898946762085
54 0.9418516159057617
55 0.9462816715240479
55 0.9515061378479004
55 0.9558122158050537
55 0.9610860347747803
56 0.9652924537658691
56 0.9715814590454102
56 0.9759576320648193
57 0.9812054634094238
57 0.9854166507720947
57 0.9907877445220947
57 0.9950134754180908
58 1.0005595684051514
58 1.0046167373657227
59 1.0097362995147705
59 1.013873815536499
59 1.019031286239624
59 1.0245468616485596
60 1.0299382209777832
60 1.034026861190796
60 1.0392050743103027
61 1.0433545112609863
61 1.048818588256836
61 1.052980899810791
61 1.0582365989685059
62 1.0626065731048584
62 1.0669965744018555
62 1.0729477405548096
63 1.078129768371582
63 1.0822813510894775
63 1.0869255065917969
63 1.0920262336730957
64 1.096658706665039
64 1.1017334461212158
65 1.1060726642608643
65 1.111280918121338
65 1.115445613861084
65 1.1208045482635498
66 1.1258926391601562
66 1.1311633586883545
66 1.1353983879089355
67 1.1407945156097412
67 1.145017147064209
67 1.1505146026611328
67 1.1545953750610352
68 1.1597740650177002
68 1.163914680480957
68 1.1691129207611084
69 1.1732773780822754
69 1.179365634918213
70 1.183598518371582
70 1.1922457218170166
70 1.1969034671783447
71 1.2019777297973633
71 1.206561803817749
71 1.2117629051208496
71 1.2161893844604492
72 1.22133469581604
72 1.2267518043518066
72 1.2318804264068604
73 1.2362873554229736
73 1.2415425777435303
73 1.245849847793579
73 1.2511322498321533
74 1.255328893661499
74 1.2606816291809082
75 1.2648506164550781
75 1.270125150680542
75 1.2741830348968506
75 1.2807176113128662
76 1.2849233150482178
76 1.2900032997131348
76 1.294046401977539
77 1.2992453575134277
77 1.3035080432891846
77 1.3088204860687256
77 1.3129982948303223
78 1.31813645362854
78 1.3222768306732178
78 1.3287255764007568
79 1.3330678939819336
79 1.3382155895233154
79 1.3426172733306885
79 1.3470218181610107
80 1.351961374282837
80 1.3565988540649414
81 1.361698865890503
81 1.3660080432891846
81 1.3712489604949951
81 1.3754477500915527
82 1.3815674781799316
82 1.385864496231079
82 1.3912544250488281
83 1.3954424858093262
83 1.4009320735931396
83 1.4051432609558105
83 1.4102742671966553
84 1.414557695388794
84 1.419677495956421
84 1.4238090515136719
85 1.4299602508544922
85 1.434049129486084
85 1.4392285346984863
85 1.4434027671813965
86 1.448807954788208
86 1.4531421661376953
87 1.458252191543579
87 1.4627070426940918
87 1.4670946598052979
87 1.4720227718353271
88 1.4766414165496826
88 1.4826180934906006
88 1.4870131015777588
89 1.492131233215332
89 1.496769666671753
89 1.501708984375
90 1.5060012340545654
90 1.511441946029663
90 1.5166451930999756
91 1.5216290950775146
91 1.5259404182434082
91 1.5327599048614502
91 1.5371613502502441
92 1.5421288013458252
92 1.546752691268921
93 1.5518689155578613
93 1.5562846660614014
93 1.5614547729492188
93 1.5657343864440918
93 1.5711979866027832
94 1.5753982067108154
94 1.5814342498779297
95 1.5857841968536377
95 1.5941483974456787
95 1.599315881729126
96 1.6038074493408203
96 1.6089935302734375
96 1.6133122444152832
97 1.6186914443969727
97 1.6231534481048584
97 1.6282813549041748
97 1.6338849067687988
98 1.6390817165374756
98 1.6432414054870605
99 1.6486456394195557
99 1.6528525352478027
99 1.6572074890136719
99 1.6621150970458984
100 1.666717767715454
100 1.6716549396514893
100 1.6759850978851318
101 1.6812896728515625
101 1.6866817474365234
101 1.6917901039123535
101 1.6961913108825684
102 1.7013237476348877
102 1.7056643962860107
102 1.7109458446502686
103 1.7151265144348145
103 1.7207345962524414
103 1.7249269485473633
104 1.730036973953247
104 1.7352032661437988
104 1.7405405044555664
105 1.7446081638336182
105 1.7500147819519043
105 1.7540996074676514
105 1.7592766284942627
106 1.7635865211486816
106 1.7688934803009033
106 1.773151159286499
107 1.7782537937164307
107 1.782679557800293
107 1.7889430522918701
108 1.7931225299835205
108 1.7982604503631592
108 1.802677869796753
109 1.8070933818817139
109 1.8121836185455322
109 1.8168799877166748
109 1.8218367099761963
110 1.826279878616333
110 1.831446647644043
110 1.8368511199951172
111 1.841815710067749
111 1.8462779521942139
111 1.851463794708252
111 1.8557679653167725
112 1.8667466640472412
113 1.871915578842163
113 1.8765277862548828
113 1.8816461563110352
113 1.8870675563812256
114 1.8920481204986572
114 1.8966636657714844
115 1.901644229888916
115 1.905930757522583
115 1.9112215042114258
115 1.9154465198516846
115 1.920827865600586
116 1.9265670776367188
116 1.9317514896392822
117 1.937129020690918
117 1.942265510559082
117 1.946930170059204
118 1.953092336654663
118 1.9582445621490479
118 1.962766408920288
119 1.9671647548675537
119 1.9722726345062256
119 1.9769127368927002
119 1.982006549835205
120 1.9866583347320557
121 1.996234655380249
121 2.00156307220459
121 2.0058963298797607
121 2.0114595890045166
121 2.0157461166381836
122 2.021172046661377
122 2.025376081466675
123 2.030717611312866
123 2.0349273681640625
123 2.041079521179199
123 2.0452935695648193
124 2.050832509994507
124 2.055077314376831
124 2.0602221488952637
125 2.0642645359039307
125 2.0696563720703125
125 2.073787212371826
125 2.0789787769317627
126 2.0831458568573
126 2.0885097980499268
127 2.093597650527954
127 2.0989153385162354
127 2.1031477451324463
127 2.1082465648651123
127 2.112818956375122
128 2.117185354232788
128 2.122133493423462
129 2.1267669200897217
129 2.1317427158355713
129 2.1360597610473633
129 2.142273426055908
130 2.1469855308532715
130 2.151916742324829
131 2.1565208435058594
131 2.1614925861358643
131 2.165802001953125
131 2.171252965927124
131 2.1754422187805176
132 2.180828094482422
132 2.1850640773773193
133 2.1902079582214355
133 2.195462465286255
133 2.2008402347564697
133 2.205040693283081
134 2.210141658782959
134 2.214198112487793
134 2.21932053565979
135 2.2235751152038574
135 2.228966236114502
135 2.233290195465088
135 2.238670587539673
136 2.243835687637329
136 2.2490322589874268
137 2.2531914710998535
137 2.2586119174957275
137 2.2628140449523926
137 2.2671892642974854
137 2.272284984588623
138 2.2769339084625244
138 2.2819244861602783
139 2.286534547805786
139 2.2916548252105713
139 2.2971293926239014
139 2.3020596504211426
140 2.3067142963409424
140 2.311689615249634
140 2.3160223960876465
141 2.3212666511535645
141 2.3254787921905518
141 2.3308463096618652
141 2.335073471069336
142 2.3402535915374756
142 2.3454458713531494
143 2.3510029315948486
143 2.3552422523498535
143 2.360614776611328
143 2.3648204803466797
144 2.369943618774414
144 2.3740336894989014
144 2.3792104721069336
145 2.383336067199707
145 2.388742685317993
145 2.398653030395508
146 2.4030838012695312
146 2.40822434425354
146 2.4128682613372803
147 2.417651653289795
147 2.4225854873657227
147 2.4269871711730957
147 2.431913375854492
148 2.4365196228027344
148 2.44148850440979
149 2.4469356536865234
149 2.451876401901245
149 2.4564969539642334
149 2.46146559715271
150 2.4657528400421143
150 2.471229076385498
150 2.4754140377044678
151 2.4807801246643066
151 2.484950304031372
151 2.4900894165039062
151 2.494194746017456
152 2.500683307647705
152 2.5048727989196777
153 2.5099923610687256
153 2.5140655040740967
153 2.5192883014678955
153 2.5235636234283447
154 2.5299899578094482
154 2.5340685844421387
154 2.5392966270446777
155 2.5435597896575928
155 2.549950361251831
155 2.5540647506713867
155 2.5592896938323975
156 2.5635719299316406
156 2.568894386291504
157 2.5730438232421875
157 2.578188896179199
157 2.5826005935668945
157 2.586998701095581
157 2.592081069946289
158 2.596682071685791
158 2.6025500297546387
159 2.6069576740264893
159 2.611936330795288
159 2.616560459136963
159 2.6215085983276367
160 2.625838041305542
160 2.6311330795288086
160 2.6353490352630615
161 2.640733242034912
161 2.644914150238037
161 2.6511690616607666
162 2.6553869247436523
162 2.6609203815460205
162 2.6651523113250732
163 2.6702888011932373
163 2.6745717525482178
163 2.6797242164611816
163 2.683910608291626
164 2.6891117095947266
164 2.693272113800049
165 2.69866943359375
165 2.703864574432373
165 2.7090344429016113
165 2.7133376598358154
165 2.7187557220458984
166 2.7229695320129395
166 2.728070020675659
167 2.732255220413208
167 2.736856460571289
167 2.7418463230133057
167 2.746291160583496
168 2.752267360687256
168 2.7569193840026855
168 2.761845350265503
169 2.766260862350464
169 2.7715654373168945
169 2.7758750915527344
169 2.781140089035034
170 2.7853493690490723
170 2.7941792011260986
171 2.7993290424346924
171 2.8051066398620605
171 2.8106203079223633
171 2.814732789993286
172 2.820065498352051
172 2.8241169452667236
173 2.8293027877807617
173 2.833834409713745
173 2.839017629623413
173 2.84316349029541
173 2.8482472896575928
174 2.853532075881958
174 2.858895778656006
175 2.863077402114868
175 2.8682308197021484
175 2.8726046085357666
175 2.8770177364349365
176 2.8819289207458496
176 2.88653564453125
176 2.8916494846343994
177 2.8959779739379883
177 2.9012110233306885
177 2.9066436290740967
177 2.91162371635437
178 2.915903091430664
178 2.9212958812713623
179 2.9255008697509766
179 2.930863857269287
179 2.9350733757019043
179 2.9402201175689697
180 2.9445137977600098
180 2.9499244689941406
180 2.955109119415283
181 2.9602608680725098
181 2.9645397663116455
181 2.969738245010376
181 2.973869800567627
182 2.97904109954834
182 2.9831740856170654
182 2.988548994064331
183 2.9927358627319336
183 2.997176170349121
183 3.0021400451660156
183 3.008227586746216
184 3.0127878189086914
184 3.017197608947754
185 3.0221455097198486
185 3.026790142059326
185 3.0317366123199463
185 3.0360636711120605
185 3.0412886142730713
186 3.045496702194214
186 3.0510659217834473
187 3.056260108947754
187 3.061458110809326
187 3.0657413005828857
187 3.071204900741577
188 3.075402021408081
188 3.0808191299438477
189 3.0850443840026855
189 3.0901355743408203
189 3.0942070484161377
189 3.099351644515991
190 3.1036062240600586
190 3.110018730163574
190 3.11407732963562
191 3.1192691326141357
191 3.123547077178955
191 3.1288440227508545
191 3.1331872940063477
192 3.1385645866394043
192 3.14274001121521
192 3.1471455097198486
193 3.152064085006714
193 3.1566760540008545
193 3.162607192993164
194 3.1669921875
194 3.1719062328338623
194 3.176518440246582
195 3.1816439628601074
195 3.1859943866729736
195 3.195181131362915
196 3.2007229328155518
196 3.204911231994629
196 3.2111659049987793
197 3.2153992652893066
197 3.2209529876708984
197 3.2251789569854736
197 3.230287551879883
198 3.2345705032348633
198 3.2397396564483643
199 3.2439098358154297
199 3.2491226196289062
199 3.2535502910614014
199 3.258852481842041
200 3.2640461921691895
200 3.26931095123291
200 3.2735753059387207
201 3.27888560295105
201 3.283064126968384
201 3.288219928741455
201 3.292595863342285
202 3.297034978866577
202 3.301957845687866
202 3.3065385818481445
203 3.3126163482666016
203 3.317044258117676
203 3.3220009803771973
204 3.3266589641571045
204 3.3316142559051514
204 3.335935592651367
205 3.34121036529541
205 3.345421075820923
205 3.350882053375244
205 3.3550972938537598
206 3.3602283000946045
206 3.365445613861084
206 3.3709967136383057
207 3.375248432159424
207 3.380645275115967
207 3.384829044342041
207 3.3899645805358887
208 3.394063711166382
208 3.3992857933044434
208 3.4035844802856445
209 3.408933639526367
209 3.414175510406494
209 3.419325351715088
209 3.4235665798187256
210 3.4288806915283203
210 3.4332070350646973
211 3.438610315322876
211 3.4429714679718018
211 3.4481101036071777
211 3.4522714614868164
212 3.456902265548706
212 3.4618687629699707
212 3.46769642829895
213 3.472243547439575
213 3.476884126663208
213 3.4818854331970215
213 3.4865264892578125
214 3.4916539192199707
214 3.4959795475006104
214 3.5012245178222656
215 3.505422592163086
215 3.5107932090759277
215 3.5159051418304443
215 3.5211997032165527
216 3.5254125595092773
216 3.5314464569091797
217 3.53574538230896
217 3.5410494804382324
217 3.545308828353882
217 3.550840377807617
218 3.5550637245178223
218 3.560188055038452
219 3.565338373184204
219 3.5708560943603516
219 3.5751047134399414
219 3.5802173614501953
220 3.5845255851745605
220 3.5896737575531006
221 3.5982580184936523
221 3.6028175354003906
221 3.60719633102417
221 3.6126761436462402
222 3.6189162731170654
222 3.6232268810272217
222 3.628666639328003
223 3.632854700088501
223 3.637598752975464
223 3.642157554626465
223 3.646780014038086
224 3.6517035961151123
224 3.656050443649292
225 3.6668500900268555
225 3.6720335483551025
225 3.6766891479492188
226 3.681643009185791
226 3.6859612464904785
226 3.6912474632263184
227 3.6954355239868164
227 3.7009711265563965
227 3.7052128314971924
227 3.710710048675537
228 3.7149152755737305
228 3.720957040786743
229 3.725186347961426
229 3.730684757232666
229 3.7348952293395996
229 3.7400591373443604
229 3.7441205978393555
230 3.749330759048462
230 3.753577709197998
231 3.75889253616333
231 3.763071298599243
231 3.7692437171936035
231 3.7735607624053955
232 3.778872489929199
232 3.7830545902252197
232 3.7882256507873535
233 3.792842149734497
233 3.797576904296875
233 3.802138328552246
233 3.8067996501922607
234 3.8117685317993164
234 3.8160696029663086
235 3.8220794200897217
235 3.8266801834106445
235 3.8317883014678955
235 3.836179256439209
236 3.841343402862549
236 3.845648765563965
236 3.851093053817749
237 3.855294704437256
237 3.860624313354492
237 3.8647820949554443
237 3.87099552154541
238 3.875272512435913
238 3.880650758743286
239 3.8848602771759033
239 3.8899760246276855
239 3.89408278465271
239 3.8992602825164795
239 3.903630256652832
240 3.9089183807373047
240 3.9133174419403076
241 3.918678045272827
241 3.9238624572753906
241 3.92907977104187
241 3.933220148086548
242 3.9385626316070557
242 3.942741632461548
242 3.947133779525757
243 3.9521517753601074
243 3.956813097000122
243 3.961915969848633
243 3.966529130935669
244 3.9726927280426025
244 3.9770963191986084
245 3.9820234775543213
245 3.986686944961548
245 3.991612195968628
245 4.001005172729492
246 4.005251169204712
246 4.0107855796813965
247 4.015005588531494
247 4.021278142929077
247 4.026735782623291
247 4.031829357147217
248 4.0362868309021
248 4.041461706161499
249 4.0457422733306885
249 4.05104398727417
249 4.055264711380005
249 4.06062126159668
250 4.064788818359375
250 4.069920063018799
250 4.075139284133911
251 4.080288410186768
251 4.084589958190918
251 4.090010643005371
251 4.094090461730957
252 4.099277019500732
252 4.10359001159668
252 4.108892202377319
253 4.1130735874176025
253 4.11823844909668
253 4.122640132904053
253 4.128875732421875
254 4.133074522018433
254 4.138225078582764
254 4.142624139785767
255 4.147031545639038
255 4.152097463607788
255 4.156708478927612
255 4.161656856536865
256 4.165973901748657
256 4.171202898025513
257 4.1765265464782715
257 4.181488275527954
257 4.185781717300415
257 4.191097974777222
258 4.195324897766113
258 4.200680732727051
258 4.20488715171814
259 4.210150957107544
259 4.214223861694336
259 4.2197184562683105
259 4.2239062786102295
260 4.230120420455933
260 4.234178781509399
261 4.239330291748047
261 4.243566274642944
261 4.2488837242126465
261 4.25307822227478
262 4.258235216140747
262 4.262641906738281
262 4.267025947570801
263 4.27209210395813
263 4.278256177902222
263 4.282679080963135
263 4.287120580673218
264 4.292079448699951
264 4.296647548675537
265 4.301595211029053
265 4.305882930755615
265 4.311155319213867
265 4.315351724624634
265 4.320712327957153
266 4.324909448623657
266 4.331211090087891
267 4.335403919219971
267 4.340784549713135
267 4.344954252243042
267 4.350264549255371
268 4.354531764984131
268 4.3596508502960205
268 4.363731861114502
269 4.3689563274383545
269 4.3731443881988525
269 4.379316091537476
269 4.383570909500122
270 4.388882875442505
270 4.393235921859741
271 4.40216851234436
271 4.406793117523193
271 4.4118852615356445
272 4.4162917137146
272 4.421619176864624
272 4.425912857055664
273 4.431895732879639
273 4.436508655548096
273 4.441478967666626
273 4.445758581161499
273 4.4511942863464355
274 4.4554221630096436
274 4.460792779922485
275 4.464981317520142
275 4.470109462738037
275 4.474172115325928
275 4.480832099914551
276 4.485052108764648
276 4.490162372589111
276 4.494219779968262
277 4.499342441558838
277 4.503594636917114
277 4.508877515792847
277 4.513184070587158
278 4.518587112426758
278 4.5227861404418945
279 4.527193784713745
279 4.533915281295776
279 4.539116621017456
279 4.543290615081787
280 4.5486602783203125
280 4.552839279174805
280 4.55762505531311
281 4.562164068222046
281 4.56677508354187
281 4.571895122528076
281 4.576505899429321
282 4.58223032951355
282 4.5869176387786865
282 4.591832876205444
283 4.596252202987671
283 4.601449251174927
283 4.605711460113525
283 4.611176252365112
284 4.615416526794434
284 4.620771646499634
285 4.624951362609863
285 4.6302573680877686
285 4.635605096817017
285 4.640904903411865
286 4.645105600357056
286 4.650214910507202
287 4.654522180557251
287 4.65966796875
287 4.663799285888672
287 4.668996810913086
287 4.673153638839722
288 4.678266286849976
288 4.683578968048096
289 4.688891887664795
289 4.69320273399353
289 4.6986119747161865
289 4.702801704406738
290 4.707170724868774
290 4.712089776992798
290 4.716686487197876
291 4.721627473831177
291 4.725973129272461
291 4.731215000152588
291 4.73663592338562
292 4.741800308227539
292 4.746191024780273
293 4.751518249511719
293 4.755814790725708
293 4.761085033416748
293 4.7652904987335205
293 4.77065634727478
294 4.774850130081177
294 4.780003786087036
295 4.785150527954102
295 4.790527820587158
295 4.7945897579193115
296 4.803096294403076
296 4.80827260017395
296 4.812929153442383
297 4.8176844120025635
297 4.82260799407959
297 4.827011585235596
297 4.832120180130005
298 4.838269472122192
298 4.842649459838867
298 4.84705662727356
299 4.851987361907959
299 4.856568813323975
299 4.861522436141968
299 4.865819931030273
300 4.871253490447998
300 4.87543797492981
300 4.880807638168335
301 4.885009527206421
301 4.89119291305542
301 4.895388603210449
302 4.900717735290527
302 4.9049072265625
302 4.910006523132324
303 4.914065361022949
303 4.919245004653931
303 4.9288294315338135
304 4.933149337768555
304 4.9392969608306885
304 4.943564176559448
305 4.94886326789856
305 4.953087329864502
305 4.95822548866272
305 4.962613344192505
306 4.967047452926636
306 4.971998929977417
307 4.9765989780426025
307 4.981565237045288
307 4.9858667850494385
307 4.992095232009888
308 4.996762037277222
308 5.001892566680908
308 5.006288290023804
309 5.0114500522613525
309 5.015751123428345
309 5.021035671234131
309 5.025253057479858
310 5.030597686767578
310 5.034627676010132
310 5.040789604187012
311 5.044985055923462
311 5.050519227981567
311 5.054607391357422
311 5.059739589691162
312 5.0638957023620605
312 5.069096326828003
313 5.073240041732788
313 5.078643560409546
313 5.08283543586731
313 5.087205171585083
314 5.093145847320557
314 5.098256349563599
314 5.102647542953491
315 5.107086896896362
315 5.112177610397339
315 5.116817474365234
315 5.121772289276123
316 5.126058578491211
316 5.1314613819122314
317 5.135783910751343
317 5.141736268997192
317 5.146053791046143
317 5.151276350021362
317 5.155497312545776
318 5.1609110832214355
318 5.1651270389556885
318 5.17064642906189
319 5.174899578094482
319 5.179997205734253
319 5.184078931808472
320 5.189270496368408
320 5.194621562957764
321 5.2032153606414795
321 5.20859956741333
321 5.212918281555176
321 5.217699766159058
322 5.222646236419678
322 5.227034568786621
322 5.23220157623291
323 5.236836194992065
323 5.242855787277222
323 5.247601270675659
323 5.2521467208862305
324 5.256837606430054
324 5.261958837509155
325 5.266537666320801
325 5.27150297164917
325 5.275814533233643
325 5.2810845375061035
326 5.285306692123413
326 5.290823936462402
326 5.295948266983032
327 5.301205396652222
327 5.305411338806152
327 5.310765981674194
327 5.314950942993164
328 5.320093870162964
328 5.324180603027344
329 5.329296588897705
329 5.333569526672363
329 5.338873386383057
329 5.343943119049072
330 5.3491411209106445
330 5.353576898574829
330 5.358888149261475
331 5.3630712032318115
331 5.368210315704346
331 5.372577905654907
331 5.376988649368286
332 5.381925582885742
332 5.38651442527771
332 5.391629934310913
333 5.397095203399658
333 5.402031898498535
333 5.4067418575286865
333 5.411854028701782
334 5.416277647018433
334 5.421457290649414
335 5.425748348236084
335 5.431042671203613
335 5.435297966003418
335 5.4406492710113525
336 5.4457666873931885
336 5.451049566268921
336 5.455263614654541
337 5.460632801055908
337 5.464799404144287
337 5.470094442367554
337 5.474179744720459
338 5.479326248168945
339 5.4942076206207275
339 5.500637531280518
339 5.504894495010376
340 5.509963274002075
340 5.514047145843506
340 5.519250392913818
341 5.523659944534302
341 5.529981374740601
341 5.534056901931763
341 5.5392560958862305
342 5.54356050491333
342 5.549951076507568
343 5.554020881652832
343 5.559193134307861
343 5.563328504562378
343 5.568735599517822
343 5.5728981494903564
344 5.577694654464722
344 5.582234144210815
345 5.586861610412598
345 5.591959714889526
345 5.598114252090454
346 5.606292247772217
346 5.611579418182373
346 5.615884304046631
347 5.621297597885132
347 5.625622034072876
347 5.631041765213013
347 5.635257959365845
348 5.640645503997803
348 5.644895076751709
348 5.651252508163452
349 5.655459403991699
349 5.660821199417114
349 5.665011644363403
349 5.670109510421753
350 5.674196481704712
350 5.6795995235443115
351 5.683633089065552
351 5.6889121532440186
351 5.6931068897247314
351 5.6991126537323
352 5.7032952308654785
352 5.708711385726929
352 5.71304988861084
353 5.71820592880249
353 5.722632884979248
353 5.727071523666382
353 5.7320427894592285
354 5.736670017242432
354 5.741588354110718
355 5.7458741664886475
355 5.75190806388855
355 5.756501913070679
355 5.761476755142212
355 5.7657458782196045
356 5.77118706703186
356 5.775378465652466
357 5.780909538269043
357 5.785132884979248
357 5.79029393196106
357 5.794568300247192
358 5.799701690673828
358 5.804926633834839
358 5.810049772262573
359 5.814120292663574
359 5.819301128387451
359 5.82355809211731
359 5.828856706619263
360 5.833162069320679
360 5.83851432800293
360 5.84271764755249
361 5.847090482711792
361 5.8531036376953125
361 5.8582470417022705
362 5.862687826156616
362 5.867065668106079
362 5.87201452255249
363 5.876641273498535
363 5.881814241409302
363 5.886261463165283
363 5.891558408737183
364 5.895860195159912
364 5.901160478591919
365 5.906550645828247
365 5.911670207977295
365 5.915981769561768
365 5.921222448348999
366 5.925421237945557
366 5.930864572525024
366 5.935080289840698
367 5.940192699432373
367 5.944240570068359
367 5.949737548828125
367 5.955227613449097
368 5.960564851760864
368 5.964599847793579
368 5.9697089195251465
369 5.973869562149048
369 5.979037046432495
369 5.983185529708862
369 5.988282680511475
370 5.992703437805176
370 5.997084617614746
