0 0.00124359130859375
0 0.014650344848632812
2 0.024849653244018555
4 0.03383064270019531
8 0.04220867156982422
11 0.05382704734802246
17 0.06448984146118164
21 0.07383465766906738
27 0.08514404296875
32 0.09521889686584473
34 0.10064315795898438
37 0.10487508773803711
41 0.11001706123352051
44 0.11420392990112305
48 0.11886858940124512
51 0.1237950325012207
55 0.1284468173980713
58 0.13346552848815918
61 0.13778185844421387
66 0.1432175636291504
70 0.1486217975616455
73 0.15355610847473145
76 0.1578969955444336
79 0.16318559646606445
84 0.16736268997192383
87 0.17275071144104004
95 0.17700457572937012
98 0.18579649925231934
101 0.19103050231933594
108 0.1967461109161377
111 0.20214152336120605
116 0.20643949508666992
119 0.21187186241149902
122 0.2159876823425293
128 0.22116446495056152
131 0.22568583488464355
134 0.2308945655822754
139 0.23507118225097656
142 0.24048900604248047
148 0.24470090866088867
151 0.25082921981811523
156 0.25504541397094727
159 0.26019978523254395
163 0.2647707462310791
168 0.26955509185791016
171 0.2741236686706543
176 0.2787594795227051
180 0.28379106521606445
185 0.2884230613708496
188 0.29338979721069336
204 0.298778772354126
210 0.31849145889282227
221 0.32741355895996094
238 0.33909130096435547
250 0.35611414909362793
258 0.3702113628387451
271 0.38125038146972656
284 0.3977954387664795
292 0.4129490852355957
305 0.4233286380767822
330 0.43391871452331543
352 0.4680957794189453
357 0.48782777786254883
371 0.4976074695587158
375 0.5104706287384033
378 0.5146615505218506
383 0.5190978050231934
387 0.5240287780761719
392 0.5286953449249268
396 0.5336599349975586
399 0.5379528999328613
402 0.5432250499725342
408 0.5475308895111084
413 0.5528521537780762
418 0.5579819679260254
422 0.5633728504180908
425 0.5676491260528564
428 0.5730006694793701
434 0.5772190093994141
441 0.5858850479125977
446 0.5910868644714355
450 0.5954856872558594
455 0.6008336544036865
460 0.6065256595611572
463 0.6120011806488037
467 0.6160891056060791
472 0.621251106262207
476 0.625798225402832
479 0.6310038566589355
484 0.6352663040161133
488 0.640711784362793
491 0.6449007987976074
496 0.6500809192657471
502 0.6551649570465088
505 0.6605987548828125
508 0.6648232936859131
514 0.6695992946624756
517 0.6741461753845215
522 0.6788251399993896
526 0.683922529220581
531 0.6885654926300049
536 0.694969654083252
540 0.7001471519470215
545 0.7047197818756104
548 0.7109482288360596
554 0.715252161026001
559 0.7206544876098633
562 0.7259576320648193
568 0.731165885925293
571 0.7355771064758301
575 0.7408602237701416
580 0.7452771663665771
583 0.7506890296936035
588 0.7550437450408936
594 0.7612388134002686
597 0.7655031681060791
601 0.7707951068878174
606 0.7749824523925781
610 0.7801461219787598
613 0.7845675945281982
618 0.788996696472168
622 0.7939355373382568
627 0.7985801696777344
630 0.803682804107666
636 0.8090615272521973
639 0.8139991760253906
644 0.8186471462249756
648 0.8236510753631592
651 0.8279571533203125
655 0.8332154750823975
660 0.8374085426330566
663 0.842801570892334
668 0.8470392227172852
672 0.8521907329559326
677 0.8565013408660889
681 0.8629941940307617
686 0.8671925067901611
690 0.8727426528930664
695 0.8769433498382568
698 0.8820416927337646
702 0.886122465133667
707 0.8912582397460938
710 0.8955197334289551
714 0.9008498191833496
719 0.9050743579864502
722 0.9111883640289307
728 0.9154605865478516
733 0.9224386215209961
738 0.9265551567077637
742 0.9318530559539795
745 0.9359593391418457
748 0.9411048889160156
754 0.9452483654022217
757 0.9506464004516602
761 0.9548673629760742
766 0.9610295295715332
771 0.9652161598205566
775 0.9706010818481445
778 0.9748330116271973
784 0.9796030521392822
792 0.9881181716918945
796 0.9934470653533936
799 0.9977450370788574
802 1.0032474994659424
810 1.0075843334197998
813 1.0136213302612305
816 1.0179567337036133
820 1.0231950283050537
825 1.027390480041504
829 1.0327448844909668
834 1.0369970798492432
837 1.0425002574920654
842 1.0465459823608398
846 1.05167555809021
850 1.055877923965454
855 1.0621347427368164
860 1.0665075778961182
864 1.0716397762298584
867 1.0757949352264404
870 1.0809996128082275
876 1.0851562023162842
879 1.090564489364624
882 1.094738245010376
888 1.099111795425415
891 1.104194164276123
896 1.108832836151123
900 1.1147372722625732
905 1.11952543258667
909 1.1240766048431396
914 1.128711462020874
917 1.1339454650878906
922 1.138580322265625
926 1.1435487270355225
930 1.14790940284729
933 1.1531527042388916
938 1.1573607921600342
944 1.1637263298034668
949 1.168187141418457
952 1.1733858585357666
956 1.1776845455169678
959 1.1829781532287598
964 1.1872003078460693
968 1.1926090717315674
973 1.1968328952789307
976 1.2019402980804443
980 1.205993890762329
985 1.2112152576446533
990 1.2168235778808594
994 1.2221097946166992
999 1.226186752319336
1003 1.2315807342529297
1006 1.2357115745544434
1010 1.2409052848815918
1015 1.2450792789459229
1018 1.2501945495605469
1022 1.2546031475067139
1027 1.2590258121490479
1032 1.2651588916778564
1036 1.270538568496704
1039 1.2747225761413574
1044 1.279113531112671
1048 1.284449815750122
1053 1.288855791091919
1056 1.2937877178192139
1074 1.2984254360198975
1081 1.317711591720581
1093 1.3300127983093262
1107 1.3402070999145508
1121 1.3557767868041992
1130 1.3748219013214111
1149 1.390683889389038
1161 1.4088115692138672
1177 1.4252727031707764
1187 1.4368960857391357
1212 1.4629018306732178
1229 1.4820761680603027
1239 1.5019640922546387
1246 1.5127198696136475
1253 1.5170023441314697
1257 1.5233657360076904
1260 1.5276532173156738
1264 1.5329949855804443
1269 1.5371959209442139
1272 1.5425291061401367
1278 1.5466983318328857
1281 1.5518465042114258
1284 1.5559618473052979
1288 1.5611767768859863
1295 1.565441370010376
1298 1.5716898441314697
1302 1.5758326053619385
1306 1.5810093879699707
1311 1.5854792594909668
1314 1.590796947479248
1320 1.59498929977417
1323 1.6001453399658203
1326 1.6045465469360352
1332 1.608957290649414
1335 1.6139605045318604
1340 1.618579387664795
1344 1.6245055198669434
1349 1.6289088726043701
1352 1.6338534355163574
1358 1.6384861469268799
1361 1.6435799598693848
1365 1.647909164428711
1370 1.6533360481262207
1373 1.6576941013336182
1377 1.6629695892333984
1382 1.6672112941741943
1387 1.6734542846679688
1391 1.677786111831665
1394 1.6830437183380127
1400 1.6872811317443848
1403 1.692659854888916
1408 1.6968915462493896
1412 1.7022066116333008
1417 1.7065138816833496
1420 1.7116508483886719
1424 1.715803861618042
1429 1.721015214920044
1434 1.7264759540557861
1438 1.731637716293335
1441 1.73581862449646
1445 1.7410109043121338
1450 1.745154857635498
1454 1.7505674362182617
1457 1.754772424697876
1462 1.75950288772583
1466 1.7641968727111816
1471 1.768841028213501
1474 1.7748878002166748
1480 1.7800958156585693
1488 1.7846746444702148
1492 1.793607473373413
1497 1.797931432723999
1500 1.8033859729766846
1504 1.8076934814453125
1507 1.8131072521209717
1512 1.8173141479492188
1518 1.8228645324707031
1521 1.8280894756317139
1525 1.8332419395446777
1530 1.8375461101531982
1534 1.8428480625152588
1539 1.8470616340637207
1542 1.8524487018585205
1547 1.8565311431884766
1551 1.8618249893188477
1554 1.8659453392028809
1560 1.871147632598877
1565 1.8765497207641602
1568 1.8819568157196045
1572 1.8860580921173096
1575 1.891218662261963
1580 1.8954594135284424
1584 1.900752067565918
1587 1.9049081802368164
1593 1.9100348949432373
1596 1.9147427082061768
1601 1.9195027351379395
1608 1.9264769554138184
1612 1.9316656589508057
1615 1.9358346462249756
1620 1.9410674571990967
1624 1.9455029964447021
1628 1.9508254528045654
1632 1.9550142288208008
1636 1.9601712226867676
1640 1.9645986557006836
1645 1.969038963317871
1648 1.9739739894866943
1654 1.9801578521728516
1657 1.9845671653747559
1662 1.9889731407165527
1668 1.9939250946044922
1671 2.000723361968994
1676 2.0050547122955322
1680 2.01016902923584
1683 2.0145504474639893
1688 2.0189664363861084
1692 2.0239031314849854
1697 2.0300488471984863
1700 2.0344607830047607
1706 2.038853406906128
1709 2.0439443588256836
1714 2.0485711097717285
1718 2.053551197052002
1722 2.05786395072937
1725 2.0632855892181396
1730 2.067559242248535
1734 2.072869062423706
1739 2.077085494995117
1749 2.088728427886963
1753 2.09372615814209
1756 2.0981359481811523
1760 2.103271961212158
1765 2.107591152191162
1768 2.1129093170166016
1774 2.117138147354126
1777 2.12263560295105
1782 2.1268250942230225
1786 2.132892370223999
1791 2.137143850326538
1794 2.1424720287323
1800 2.1465415954589844
1803 2.1517174243927
1807 2.1558644771575928
1810 2.161065101623535
1816 2.165233612060547
1819 2.170652389526367
1824 2.1749978065490723
1829 2.1811535358428955
1836 2.1855738162994385
1840 2.1946473121643066
1845 2.1990396976470947
1848 2.204158067703247
1854 2.208810806274414
1857 2.2139060497283936
1862 2.218602418899536
1866 2.2235517501831055
1871 2.2278964519500732
1875 2.233821153640747
1880 2.238445520401001
1883 2.2435808181762695
1887 2.247910261154175
1890 2.253160238265991
1896 2.2573764324188232
1899 2.262744426727295
1904 2.266974687576294
1908 2.272146701812744
1913 2.2764604091644287
1916 2.2827467918395996
1922 2.286977767944336
1925 2.2921197414398193
1930 2.296203851699829
1934 2.3027291297912598
1939 2.3069822788238525
1942 2.3121347427368164
1948 2.3161964416503906
1951 2.3216230869293213
1955 2.32582688331604
1960 2.331038236618042
1964 2.3361475467681885
1969 2.3415298461914062
1972 2.345580577850342
1976 2.350886106491089
1981 2.355088710784912
1984 2.3604416847229004
1988 2.364814281463623
1993 2.3695616722106934
1996 2.374119758605957
2002 2.378791093826294
2005 2.3848133087158203
2010 2.3895773887634277
2014 2.394118309020996
2019 2.3987581729888916
2022 2.4037392139434814
2028 2.4081597328186035
2031 2.413386583328247
2035 2.4177000522613525
2038 2.423128604888916
2044 2.427344799041748
2049 2.4329264163970947
2052 2.4381840229034424
2058 2.443366050720215
2061 2.4476771354675293
2064 2.452960968017578
2070 2.4571805000305176
2073 2.4625120162963867
2078 2.466696262359619
2082 2.471832513809204
2085 2.4759254455566406
2090 2.481092691421509
2096 2.486833095550537
2099 2.4919793605804443
2103 2.4960782527923584
2108 2.5012335777282715
2112 2.5054843425750732
2115 2.5108187198638916
2120 2.515042543411255
2124 2.5204272270202637
2127 2.5246574878692627
2132 2.5290849208831787
2138 2.5340349674224854
2141 2.540498733520508
2144 2.5448527336120605
2150 2.550008535385132
2153 2.55417537689209
2158 2.558802604675293
2162 2.563920736312866
2167 2.5685718059539795
2171 2.573540687561035
2174 2.5778920650482178
2179 2.583143949508667
2186 2.5927484035491943
2192 2.5970377922058105
2195 2.6027019023895264
2200 2.6069083213806152
2204 2.6124329566955566
2209 2.6165311336517334
2212 2.6219050884246826
2216 2.625988483428955
2219 2.6311912536621094
2226 2.6354660987854004
2230 2.641850471496582
2233 2.6459498405456543
2237 2.6511294841766357
2242 2.655449390411377
2246 2.6607916355133057
2251 2.665128231048584
2254 2.6705262660980225
2258 2.674731731414795
2263 2.6791093349456787
2268 2.684042453765869
2272 2.6905298233032227
2275 2.6949000358581543
2280 2.7000200748443604
2284 2.704204797744751
2289 2.708836078643799
2292 2.713823080062866
2298 2.71844482421875
2301 2.7236170768737793
2305 2.72794246673584
2308 2.733232021331787
2315 2.737555503845215
2318 2.7436203956604004
2322 2.7479660511016846
2326 2.753211736679077
2331 2.757521629333496
2334 2.762807846069336
2340 2.7670397758483887
2343 2.7722034454345703
2348 2.7764954566955566
2352 2.7818830013275146
2357 2.7859690189361572
2360 2.7925000190734863
2366 2.7966458797454834
2369 2.8018386363983154
2373 2.8059096336364746
2376 2.8110973834991455
2381 2.815265417098999
2385 2.820722818374634
2390 2.8250532150268555
2394 2.83017897605896
2397 2.8345813751220703
2402 2.8390052318573
2407 2.845041275024414
2411 2.850173234939575
2414 2.85457706451416
2420 2.858952760696411
2423 2.863870859146118
2428 2.868469476699829
2432 2.8734192848205566
2435 2.877777338027954
2439 2.883042097091675
2446 2.887260913848877
2449 2.8934333324432373
2453 2.8977572917938232
2456 2.9032363891601562
2462 2.907560110092163
2465 2.912848949432373
2470 2.917060613632202
2474 2.9222025871276855
2479 2.9265005588531494
2482 2.931663751602173
2486 2.9358277320861816
2491 2.941075325012207
2496 2.946431875228882
2500 2.95184588432312
2503 2.955939531326294
2508 2.961127519607544
2512 2.965529680252075
2515 2.970829725265503
2520 2.9750146865844727
2524 2.9801552295684814
2528 2.9845993518829346
2536 2.989027500152588
2542 2.998457670211792
2545 3.00356388092041
2548 3.0078766345977783
2554 3.0136990547180176
2559 3.0186688899993896
2562 3.0238704681396484
2568 3.028475046157837
2571 3.0334277153015137
2574 3.0377681255340576
2580 3.043046236038208
2585 3.048443555831909
2588 3.0534136295318604
2592 3.0577664375305176
2596 3.063047170639038
2601 3.067293167114258
2604 3.0726239681243896
2609 3.0768492221832275
2613 3.0822031497955322
2618 3.086514949798584
2622 3.091704845428467
2627 3.097064256668091
2630 3.102191686630249
2636 3.1064870357513428
2639 3.1116483211517334
2642 3.1158199310302734
2646 3.121056318283081
2651 3.125211477279663
2654 3.1305952072143555
2658 3.1348159313201904
2664 3.13956880569458
2668 3.144526481628418
2672 3.1507413387298584
2676 3.1549072265625
2681 3.160017967224121
2684 3.164193868637085
2690 3.168846607208252
2693 3.1737959384918213
2698 3.1784491539001465
2702 3.183417558670044
2705 3.187734603881836
2710 3.193018913269043
2716 3.198153495788574
2719 3.2034757137298584
2722 3.2077956199645996
2726 3.213205575942993
2731 3.2174198627471924
2735 3.222801446914673
2740 3.2269980907440186
2744 3.232151985168457
2749 3.2364587783813477
2752 3.2416038513183594
2758 3.245722770690918
2761 3.2520253658294678
2764 3.2560853958129883
2770 3.261256694793701
2773 3.2657909393310547
2776 3.2710084915161133
2782 3.2751624584198
2785 3.2805328369140625
2789 3.2847208976745605
2794 3.289120674133301
2799 3.2940433025360107
2803 3.3011388778686523
2808 3.305427074432373
2811 3.310764789581299
2816 3.314974069595337
2820 3.3201403617858887
2824 3.3247241973876953
2829 3.329127788543701
2832 3.3340485095977783
2838 3.338714599609375
2841 3.3438525199890137
2846 3.350008726119995
2850 3.3541948795318604
2855 3.358835458755493
2858 3.3637607097625732
2864 3.3681907653808594
2867 3.373386859893799
2870 3.3776590824127197
2874 3.383115530014038
2883 3.38732647895813
2888 3.39619517326355
2892 3.4028642177581787
2897 3.407062530517578
2900 3.412595748901367
2906 3.4168710708618164
2909 3.422426223754883
2914 3.4264943599700928
2918 3.4316675662994385
2921 3.435835838317871
2924 3.441028594970703
2930 3.4454586505889893
2935 3.4518392086029053
2938 3.455970048904419
2942 3.4611129760742188
2947 3.465263843536377
2951 3.4706778526306152
2956 3.4750187397003174
2960 3.48018217086792
2963 3.4845805168151855
2968 3.4890120029449463
2972 3.4939486980438232
2977 3.4985878467559814
2980 3.504758358001709
2986 3.5091145038604736
2989 3.514033794403076
2994 3.5186829566955566
2998 3.5236644744873047
3001 3.5279791355133057
3005 3.5332140922546387
3010 3.537532091140747
3014 3.542823314666748
3018 3.5470292568206787
3022 3.5531511306762695
3027 3.557366132736206
3031 3.562910795211792
3036 3.5671064853668213
3040 3.5724353790283203
3045 3.576526403427124
3048 3.5816802978515625
3052 3.5858449935913086
3055 3.5910699367523193
3060 3.595226287841797
3066 3.6006221771240234
3069 3.6060092449188232
3074 3.611205577850342
3078 3.6155264377593994
3081 3.620828866958618
3086 3.625150442123413
3090 3.630521297454834
3094 3.6346967220306396
3099 3.63911771774292
3102 3.6440682411193848
3108 3.648700714111328
3111 3.6547060012817383
3116 3.659132480621338
3120 3.664046287536621
3125 3.668698787689209
3128 3.6736791133880615
3134 3.6780037879943848
3137 3.683401346206665
3140 3.687727451324463
3149 3.696962594985962
3153 3.70208477973938
3158 3.7072110176086426
3162 3.7125744819641113
3167 3.7167773246765137
3170 3.721916675567627
3174 3.7260570526123047
3179 3.7312264442443848
3182 3.735738515853882
3186 3.7409250736236572
3191 3.7452335357666016
3194 3.7506651878356934
3200 3.7548415660858154
3203 3.761047601699829
3208 3.765204668045044
3212 3.770587921142578
3216 3.7748191356658936
3221 3.7796051502227783
3224 3.784447193145752
3231 3.788846254348755
3236 3.797550678253174
3242 3.803081512451172
3247 3.8084867000579834
3256 3.818969488143921
3259 3.8240668773651123
3264 3.828704595565796
3268 3.8337087631225586
3271 3.8381216526031494
3276 3.843291997909546
3280 3.8475687503814697
3283 3.8528599739074707
3288 3.8578834533691406
3294 3.8633806705474854
3297 3.867687463760376
3301 3.872972249984741
3306 3.877197265625
3310 3.8825268745422363
3315 3.886725902557373
3318 3.891847848892212
3322 3.895936965942383
3325 3.901150941848755
3332 3.905428409576416
3336 3.9118573665618896
3339 3.915968418121338
3344 3.9211251735687256
3348 3.9255359172821045
3351 3.930823564529419
3356 3.935042381286621
3360 3.9401893615722656
3364 3.9446473121643066
3369 3.9490573406219482
3372 3.954002857208252
3378 3.9601519107818604
3381 3.964576005935669
3386 3.968981981277466
3390 3.973928213119507
3395 3.978572130203247
3398 3.983682870864868
3404 3.988007068634033
3407 3.9934208393096924
3410 3.9977867603302
3414 4.003058910369873
3421 4.007272481918335
3424 4.013379096984863
3428 4.017674922943115
3432 4.02302098274231
3436 4.027235984802246
3440 4.032600164413452
3445 4.036819696426392
3449 4.042083978652954
3454 4.0462024211883545
3458 4.051644325256348
3461 4.055792808532715
3466 4.061969995498657
3470 4.066040754318237
3475 4.07122015953064
3478 4.075483798980713
3482 4.080833196640015
3487 4.085024833679199
3490 4.0901405811309814
3494 4.094548225402832
3499 4.098940372467041
3503 4.104057550430298
3508 4.108718633651733
3512 4.114733695983887
3517 4.119102239608765
3520 4.12420654296875
3525 4.128852844238281
3529 4.1337971687316895
3534 4.1384501457214355
3538 4.1434314250946045
3541 4.147776126861572
3544 4.153057336807251
3550 4.15726113319397
3555 4.163493394851685
3558 4.167811155319214
3562 4.173089504241943
3567 4.177304983139038
3571 4.1826488971710205
3576 4.18684720993042
3583 4.192002773284912
3586 4.200871467590332
3592 4.205215215682983
3597 4.210587501525879
3600 4.216019868850708
3606 4.2211549282073975
3609 4.22575569152832
3612 4.2309489250183105
3618 4.235097169876099
3621 4.2405290603637695
3625 4.2447404861450195
3630 4.249128103256226
3634 4.254501104354858
3638 4.25892186164856
3642 4.264902353286743
3647 4.270060777664185
3651 4.274489879608154
3656 4.278886079788208
3660 4.283979654312134
3665 4.2885918617248535
3668 4.29353141784668
3675 4.297837257385254
3691 4.3176257610321045
3700 4.327257394790649
3708 4.33717942237854
3722 4.351713418960571
3734 4.3684351444244385
3748 4.378976345062256
3759 4.390424013137817
3773 4.405097484588623
3781 4.418128967285156
3795 4.433490037918091
3816 4.4438464641571045
3832 4.473266363143921
3846 4.490530967712402
3853 4.505173683166504
3856 4.510583400726318
3862 4.514929533004761
3867 4.521157741546631
3870 4.5255515575408936
3874 4.530871629714966
3879 4.535049676895142
3882 4.540165662765503
3886 4.544606447219849
3891 4.549046039581299
3895 4.553985834121704
3900 4.558593273162842
3903 4.56352686882019
3908 4.568873882293701
3912 4.573842525482178
3917 4.578517198562622
3921 4.58360481262207
3924 4.587945222854614
3933 4.593190431594849
3936 4.602429628372192
3942 4.606532096862793
3945 4.6119256019592285
3950 4.616003751754761
3954 4.622655153274536
3959 4.626863241195679
3962 4.632022142410278
3966 4.63610053062439
3971 4.641259431838989
3975 4.645807504653931
3978 4.650995969772339
3984 4.655153512954712
3987 4.660571813583374
3990 4.664791584014893
3996 4.66954779624939
4001 4.675056457519531
4004 4.680179834365845
4008 4.684615135192871
4013 4.6890504360198975
4016 4.69400954246521
4022 4.69862961769104
4025 4.7037434577941895
4030 4.708184719085693
4034 4.713428497314453
4039 4.717736721038818
4042 4.723879814147949
4048 4.728493690490723
4052 4.733450174331665
4055 4.737786769866943
4058 4.743055820465088
4064 4.747282028198242
4067 4.752640247344971
4072 4.756847620010376
4076 4.7621238231658936
4081 4.766456604003906
4084 4.772793531417847
4090 4.777036190032959
4093 4.782154083251953
4098 4.786442756652832
4102 4.791627883911133
4105 4.795804738998413
4109 4.8010194301605225
4114 4.805191516876221
4118 4.810653924942017
4121 4.8148767948150635
4128 4.82004189491272
4132 4.825530529022217
4135 4.830827951431274
4140 4.835019826889038
4144 4.8401548862457275
4147 4.844555854797363
4152 4.848972320556641
4156 4.853915452957153
4161 4.858564138412476
4164 4.863506078720093
4168 4.86781644821167
4173 4.873076438903809
4178 4.878532648086548
4182 4.883641481399536
4186 4.8879523277282715
4189 4.893197536468506
4194 4.897380590438843
4198 4.902933120727539
4203 4.907159805297852
4206 4.912484884262085
4212 4.916556119918823
4217 4.923043251037598
4222 4.928477764129639
4226 4.933457851409912
4229 4.937763214111328
4232 4.943189859390259
4238 4.947404146194458
4241 4.9527692794799805
4246 4.957005262374878
4250 4.962178945541382
4255 4.966480731964111
4258 4.971640348434448
4264 4.9769651889801025
4267 4.9821271896362305
4272 4.9864513874053955
4276 4.991604566574097
4283 5.000154256820679
4286 5.004844903945923
4292 5.009608507156372
4295 5.014606237411499
4300 5.0190269947052
4306 5.024091958999634
4309 5.0301902294158936
4312 5.0347819328308105
4318 5.039568901062012
4321 5.044109344482422
4326 5.048743009567261
4330 5.053693056106567
4335 5.057994365692139
4339 5.0634074211120605
4342 5.067744016647339
4346 5.073018550872803
4351 5.078165292739868
4356 5.083414316177368
4360 5.0877366065979
4363 5.092999458312988
4368 5.097250938415527
4372 5.102602481842041
4377 5.1068031787872314
4380 5.111902713775635
4384 5.115979909896851
4389 5.121238946914673
4394 5.125779628753662
4398 5.1320884227752686
4401 5.136162996292114
4406 5.141539573669434
4410 5.1455841064453125
4414 5.150891065597534
4419 5.155080795288086
4422 5.1601996421813965
4426 5.164796352386475
4431 5.169560670852661
4434 5.1741039752960205
4440 5.180543422698975
4443 5.184921741485596
4448 5.1900880336761475
4452 5.194505214691162
4457 5.1989195346832275
4460 5.203842639923096
4466 5.20849347114563
4469 5.213410377502441
4473 5.217720031738281
4476 5.2229931354522705
4482 5.2272186279296875
4487 5.233364582061768
4490 5.237654447555542
4494 5.243122816085815
4499 5.247337102890015
4502 5.252716541290283
4508 5.256923198699951
4511 5.262069463729858
4514 5.266118764877319
4520 5.271240234375
4523 5.275502443313599
4528 5.281834363937378
4532 5.285947561264038
4537 5.2912046909332275
4540 5.295712947845459
4546 5.301927089691162
4549 5.30601167678833
4553 5.3111793994903564
4558 5.315495014190674
4562 5.3208160400390625
4567 5.324994325637817
4570 5.33013129234314
4576 5.3353211879730225
4579 5.340745210647583
4582 5.344926595687866
4588 5.350084543228149
4591 5.354497671127319
4596 5.358893156051636
4600 5.3639819622039795
4605 5.368602514266968
4608 5.373569965362549
4614 5.37787389755249
4617 5.383864402770996
4622 5.388463497161865
4630 5.393413782119751
4633 5.40250301361084
4638 5.406550407409668
4642 5.411900997161865
4645 5.4159836769104
4650 5.421152353286743
4654 5.42578911781311
4659 5.431006669998169
4662 5.43608546257019
4668 5.441219091415405
4671 5.445476531982422
4675 5.450799226760864
4680 5.4549782276153564
4684 5.4601664543151855
4687 5.464604377746582
4692 5.468996047973633
4696 5.473916292190552
4701 5.478611707687378
4704 5.484772205352783
4710 5.489556550979614
4713 5.494083881378174
4718 5.49873685836792
4722 5.503680467605591
4725 5.508116722106934
4730 5.513255834579468
4736 5.51845383644104
4739 5.523417949676514
4743 5.52775239944458
4748 5.533070802688599
4753 5.538464307785034
4756 5.543565273284912
4760 5.54787278175354
4765 5.553306579589844
4769 5.557636499404907
4772 5.562962055206299
4778 5.56718897819519
4781 5.572529554367065
4786 5.5766990184783936
4790 5.581846475601196
4795 5.587035179138184
4798 5.592427730560303
4804 5.596511363983154
4807 5.601882219314575
4810 5.605981111526489
4816 5.611186981201172
4819 5.6154844760894775
4823 5.620799541473389
4828 5.624984264373779
4832 5.630151987075806
4836 5.634565830230713
4840 5.640852928161621
4846 5.645050287246704
4849 5.650190353393555
4852 5.654600620269775
4858 5.658991575241089
4861 5.6640708446502686
4866 5.6687233448028564
4870 5.673683166503906
4875 5.677997589111328
4878 5.683379888534546
4886 5.688789367675781
4889 5.695801258087158
4892 5.701058864593506
4912 5.72303581237793
4917 5.72732400894165
4920 5.732853651046753
4927 5.73790979385376
4931 5.743368625640869
4934 5.747710943222046
4938 5.753110885620117
4943 5.757313966751099
4946 5.7626683712005615
4952 5.766889333724976
4955 5.772053003311157
4958 5.776129245758057
4964 5.7816338539123535
4969 5.785832643508911
4972 5.792083978652954
4980 5.796154260635376
4983 5.804884910583496
4988 5.810056447982788
4992 5.81474494934082
4997 5.819111585617065
5000 5.824193477630615
5006 5.828855991363525
5009 5.833934545516968
5014 5.840040683746338
5018 5.8446502685546875
5023 5.849058389663696
5026 5.854063272476196
5032 5.858742952346802
5035 5.863710880279541
5039 5.868002653121948
5042 5.873222827911377
5047 5.877525568008423
5051 5.8828325271606445
5056 5.887044906616211
5060 5.893173933029175
5065 5.897374868392944
5068 5.902932167053223
5074 5.90717077255249
5077 5.91255259513855
5082 5.91683292388916
5086 5.92197585105896
5089 5.926068067550659
5094 5.931228876113892
5098 5.935498952865601
5103 5.941946029663086
5106 5.946039199829102
5112 5.951215028762817
5115 5.955514669418335
5119 5.960816383361816
5124 5.965121030807495
5128 5.970533132553101
5131 5.974711179733276
5136 5.9790825843811035
5140 5.984008073806763
5145 5.988608121871948
5148 5.9946699142456055
5154 5.999087333679199
