0 0.0032613277435302734
0 0.014386415481567383
0 0.024776935577392578
1 0.035001516342163086
2 0.04514908790588379
2 0.05512809753417969
3 0.06542825698852539
4 0.06969809532165527
4 0.07497620582580566
4 0.0791468620300293
5 0.08429527282714844
5 0.08867454528808594
6 0.09305739402770996
6 0.09813261032104492
7 0.1027219295501709
8 0.10761737823486328
8 0.11189913749694824
9 0.11798787117004395
10 0.1223912239074707
10 0.12757039070129395
11 0.1318814754486084
12 0.1371898651123047
12 0.14140772819519043
13 0.1467888355255127
14 0.1510155200958252
14 0.1562666893005371
15 0.1603543758392334
16 0.16690754890441895
17 0.17120623588562012
18 0.17945265769958496
18 0.1848750114440918
19 0.18922138214111328
20 0.19435763359069824
20 0.1989905834197998
21 0.20375323295593262
22 0.20871877670288086
22 0.21314358711242676
24 0.21926021575927734
24 0.22462034225463867
25 0.22886443138122559
26 0.23326706886291504
26 0.23821735382080078
27 0.2428748607635498
28 0.24784040451049805
28 0.2521820068359375
29 0.25740718841552734
30 0.2615966796875
31 0.26700592041015625
32 0.27214908599853516
32 0.27757740020751953
33 0.2819085121154785
33 0.2871825695037842
34 0.29138827323913574
35 0.29689669609069824
36 0.3011322021484375
36 0.30632901191711426
37 0.31038641929626465
38 0.31577515602111816
39 0.32112741470336914
39 0.32628941535949707
40 0.33036184310913086
41 0.3359084129333496
42 0.34006214141845703
42 0.3452606201171875
43 0.3494284152984619
44 0.35483551025390625
44 0.359027624130249
45 0.36379337310791016
46 0.36837172508239746
46 0.37482452392578125
47 0.37903261184692383
48 0.38380861282348633
48 0.38837552070617676
50 0.3930809497833252
50 0.3981904983520508
51 0.4028027057647705
52 0.4077422618865967
52 0.4120371341705322
53 0.4173390865325928
54 0.42270350456237793
54 0.42781543731689453
55 0.43215441703796387
56 0.43741703033447266
57 0.4416005611419678
57 0.4470186233520508
58 0.4512059688568115
59 0.4567291736602783
60 0.4609060287475586
60 0.46602463722229004
61 0.4701266288757324
62 0.47664666175842285
63 0.4807298183441162
63 0.4858882427215576
64 0.49003076553344727
65 0.49611926078796387
66 0.500220537185669
66 0.505403995513916
67 0.509674072265625
68 0.5149919986724854
69 0.5193233489990234
69 0.525761604309082
70 0.5299403667449951
70 0.535132646560669
72 0.5392868518829346
72 0.5446736812591553
73 0.5488533973693848
74 0.5532534122467041
74 0.5583987236022949
75 0.5630459785461426
76 0.5680093765258789
77 0.5738067626953125
78 0.5824017524719238
79 0.5877132415771484
79 0.5920004844665527
80 0.5974209308624268
81 0.6017169952392578
81 0.6071534156799316
82 0.6114039421081543
83 0.6167733669281006
84 0.62095046043396
84 0.6270496845245361
85 0.63126540184021
86 0.6367926597595215
87 0.6410012245178223
87 0.6460995674133301
88 0.6501710414886475
88 0.6553292274475098
89 0.6595048904418945
90 0.664940357208252
90 0.6690893173217773
92 0.6750760078430176
92 0.6792881488800049
93 0.6844048500061035
94 0.6889913082122803
94 0.693791389465332
95 0.6987526416778564
96 0.7031590938568115
96 0.708115816116333
98 0.7127583026885986
98 0.7177243232727051
99 0.722074031829834
100 0.7281229496002197
100 0.7327606678009033
101 0.7377142906188965
102 0.7420048713684082
102 0.7472975254058838
103 0.7515184879302979
104 0.7570655345916748
105 0.7612848281860352
105 0.7666516304016113
106 0.7707226276397705
107 0.7769098281860352
108 0.7811717987060547
108 0.7863364219665527
109 0.7904038429260254
110 0.7958080768585205
110 0.7999889850616455
111 0.8052177429199219
112 0.8093798160552979
112 0.8147826194763184
114 0.8191678524017334
114 0.8243300914764404
115 0.8294610977172852
116 0.8348803520202637
116 0.8390722274780273
117 0.8442032337188721
118 0.8483963012695312
118 0.8530459403991699
119 0.8579835891723633
120 0.8626337051391602
121 0.8675878047943115
121 0.871880054473877
122 0.8780982494354248
123 0.8827886581420898
124 0.8918118476867676
125 0.8971307277679443
126 0.9013640880584717
126 0.9066934585571289
127 0.9109139442443848
128 0.9160523414611816
128 0.9202046394348145
129 0.9253904819488525
130 0.9309365749359131
131 0.9362280368804932
132 0.940361499786377
132 0.945906400680542
133 0.9500303268432617
134 0.9552419185638428
134 0.9593949317932129
135 0.9648087024688721
136 0.9689896106719971
137 0.9737625122070312
138 0.9832682609558105
139 0.9883711338043213
140 0.9930379390716553
140 0.9982271194458008
141 1.002871036529541
142 1.008016586303711
142 1.0126183032989502
143 1.0175817012786865
144 1.0218980312347412
145 1.0271811485290527
145 1.032332181930542
146 1.0375030040740967
147 1.0417981147766113
147 1.047088623046875
148 1.0512912273406982
149 1.0567927360534668
150 1.0609827041625977
150 1.0660874843597412
151 1.0701544284820557
152 1.0753412246704102
153 1.079728126525879
153 1.086132526397705
154 1.0902180671691895
155 1.0953898429870605
156 1.0996453762054443
156 1.104982852935791
157 1.1091551780700684
158 1.1143105030059814
158 1.118908166885376
159 1.1232829093933105
160 1.128244400024414
160 1.1347377300262451
161 1.138927936553955
162 1.1433162689208984
163 1.1482172012329102
164 1.1528825759887695
164 1.1578645706176758
165 1.1621673107147217
165 1.1673974990844727
166 1.1716079711914062
167 1.1771535873413086
168 1.181394338607788
169 1.1875934600830078
169 1.1918842792510986
170 1.1971700191497803
171 1.201390027999878
171 1.2068872451782227
172 1.2111032009124756
173 1.2162654399871826
174 1.2203350067138672
174 1.2257184982299805
175 1.2297744750976562
176 1.2362685203552246
176 1.2403395175933838
177 1.2456769943237305
178 1.2497591972351074
178 1.2550597190856934
180 1.2592437267303467
180 1.2643637657165527
181 1.2688438892364502
182 1.273238182067871
182 1.2781662940979004
183 1.2827975749969482
184 1.2887225151062012
185 1.2931582927703857
185 1.2982876300811768
186 1.3029444217681885
187 1.3079206943511963
187 1.3123619556427002
188 1.3175420761108398
189 1.3218464851379395
189 1.3271591663360596
190 1.3314034938812256
191 1.3376870155334473
192 1.3419976234436035
192 1.347311019897461
193 1.3515613079071045
194 1.3570942878723145
195 1.3613910675048828
195 1.3667199611663818
196 1.370844841003418
198 1.3793525695800781
198 1.3848049640655518
199 1.3900940418243408
200 1.3952560424804688
200 1.3996751308441162
201 1.4050133228302002
202 1.4093053340911865
202 1.4147582054138184
203 1.4191093444824219
204 1.4242243766784668
205 1.42838716506958
206 1.4330437183380127
206 1.4390382766723633
207 1.4438064098358154
208 1.4483723640441895
208 1.4530003070831299
209 1.4579551219940186
210 1.4626247882843018
211 1.4677350521087646
211 1.472043514251709
212 1.4774599075317383
213 1.4817397594451904
214 1.487055778503418
214 1.4922010898590088
215 1.4980335235595703
216 1.5026566982269287
217 1.507603406906128
217 1.511885643005371
218 1.5171871185302734
219 1.5214085578918457
219 1.5267748832702637
220 1.530993938446045
221 1.5362634658813477
222 1.5415551662445068
222 1.5469462871551514
223 1.5511772632598877
224 1.5563292503356934
225 1.5609326362609863
226 1.5660614967346191
226 1.5701799392700195
226 1.5753626823425293
228 1.5796103477478027
228 1.5849180221557617
229 1.5900661945343018
230 1.5952973365783691
230 1.5997314453125
231 1.6050245761871338
232 1.609222173690796
232 1.6143643856048584
233 1.6188008785247803
234 1.623199701309204
235 1.6281418800354004
236 1.6327955722808838
236 1.6377415657043457
237 1.6431231498718262
238 1.6480658054351807
238 1.6527175903320312
239 1.657815933227539
240 1.6621384620666504
240 1.6674187183380127
241 1.6716179847717285
242 1.6770071983337402
243 1.6812419891357422
243 1.6863973140716553
244 1.6915504932403564
245 1.696995735168457
246 1.7012135982513428
246 1.706364631652832
247 1.7106907367706299
248 1.7160727977752686
248 1.7201757431030273
249 1.725332260131836
250 1.729753017425537
250 1.7350568771362305
252 1.7392358779907227
252 1.7454609870910645
253 1.7497200965881348
254 1.7550303936004639
254 1.759225606918335
255 1.7643556594848633
256 1.7687885761260986
256 1.7731988430023193
258 1.7821836471557617
259 1.7876057624816895
260 1.7919135093688965
260 1.798119068145752
261 1.8027608394622803
262 1.8078782558441162
262 1.8121755123138428
263 1.8174328804016113
266 1.8337974548339844
266 1.8387539386749268
267 1.8449020385742188
268 1.8491365909576416
268 1.8543367385864258
269 1.8589398860931396
270 1.8636887073516846
271 1.8682913780212402
272 1.8729515075683594
272 1.8779375553131104
273 1.8823411464691162
274 1.8875319957733154
274 1.891908884048462
275 1.8979649543762207
276 1.9023995399475098
277 1.9075617790222168
277 1.911849021911621
278 1.917236089706421
279 1.9214591979980469
279 1.9268338680267334
280 1.9310345649719238
281 1.9361639022827148
282 1.9402296543121338
282 1.9467105865478516
283 1.9509265422821045
284 1.9562180042266846
284 1.960320234298706
285 1.9654467105865479
286 1.9697260856628418
286 1.9750244617462158
288 1.979231595993042
288 1.9843707084655762
289 1.988940954208374
290 1.9932897090911865
290 1.999244213104248
291 2.0043938159942627
292 2.0088090896606445
292 2.0143797397613525
293 2.018963575363159
294 2.0236968994140625
295 2.0282442569732666
296 2.032898426055908
296 2.0378506183624268
297 2.042163372039795
298 2.048185110092163
298 2.0528242588043213
299 2.057767391204834
300 2.062161922454834
300 2.0673913955688477
301 2.071596384048462
302 2.0771234035491943
303 2.0813608169555664
304 2.086693525314331
304 2.090744733810425
305 2.0958478450775146
306 2.1012613773345947
306 2.106644630432129
307 2.110705852508545
308 2.11609148979187
308 2.1201932430267334
309 2.125354528427124
310 2.1296420097351074
310 2.1349353790283203
312 2.1392810344696045
312 2.1446757316589355
313 2.149773359298706
314 2.1550519466400146
314 2.1592211723327637
315 2.164341688156128
316 2.1687309741973877
316 2.1731574535369873
318 2.1781132221221924
318 2.1871893405914307
319 2.1914265155792236
320 2.1970553398132324
321 2.202162981033325
322 2.2075726985931396
322 2.2118539810180664
323 2.217164993286133
324 2.2213916778564453
324 2.22676157951355
325 2.2309489250183105
326 2.2360522747039795
326 2.240138053894043
327 2.245314598083496
328 2.250838041305542
329 2.2561991214752197
330 2.2602741718292236
330 2.265428304672241
331 2.2697036266326904
332 2.275012254714966
332 2.2792046070098877
333 2.284374713897705
334 2.2887864112854004
335 2.2931759357452393
336 2.2981321811676025
336 2.304333209991455
337 2.308793067932129
338 2.3131930828094482
338 2.318288803100586
339 2.3229198455810547
340 2.327915668487549
340 2.332332134246826
341 2.3375120162963867
342 2.3418076038360596
342 2.3471219539642334
343 2.3523359298706055
344 2.3575756549835205
345 2.361867904663086
346 2.367177963256836
346 2.371382474899292
347 2.37692928314209
348 2.3811328411102295
348 2.386282444000244
349 2.3903346061706543
350 2.395709991455078
351 2.3997159004211426
351 2.4060733318328857
352 2.410165548324585
352 2.415299654006958
354 2.419468641281128
354 2.424879312515259
355 2.4290618896484375
356 2.4342007637023926
356 2.4387993812561035
357 2.443201780319214
358 2.4481523036956787
358 2.4528017044067383
359 2.458712339401245
360 2.463103771209717
361 2.468017101287842
362 2.472658634185791
362 2.477620840072632
363 2.4819204807281494
363 2.487196922302246
364 2.4913852214813232
365 2.497793197631836
366 2.5029349327087402
367 2.5090224742889404
368 2.5137887001037598
368 2.518321990966797
369 2.522967576980591
370 2.527949810028076
371 2.532384157180786
371 2.5375471115112305
372 2.541841745376587
372 2.547173023223877
374 2.5513923168182373
374 2.5576915740966797
375 2.5620269775390625
376 2.5673069953918457
376 2.571512222290039
378 2.576880693435669
378 2.585484027862549
379 2.589986801147461
380 2.5951786041259766
380 2.5994997024536133
382 2.604935646057129
382 2.610208511352539
383 2.6153697967529297
384 2.6197593212127686
384 2.625068426132202
385 2.629258394241333
386 2.6343994140625
386 2.6389763355255127
387 2.6437361240386963
388 2.648282051086426
388 2.6529629230499268
389 2.6589465141296387
390 2.663764238357544
391 2.668292760848999
392 2.672926664352417
392 2.678025722503662
393 2.6826372146606445
394 2.6876461505889893
394 2.691983222961426
395 2.697225570678711
396 2.7014410495758057
397 2.7067856788635254
397 2.711923122406006
398 2.717210292816162
399 2.721421957015991
399 2.726778745651245
400 2.7309632301330566
401 2.736233949661255
402 2.7402920722961426
402 2.745482921600342
403 2.7496843338012695
404 2.7550106048583984
404 2.7602462768554688
406 2.765418529510498
406 2.7701449394226074
406 2.7753469944000244
408 2.7794642448425293
408 2.7848432064056396
409 2.7890231609344482
410 2.7937867641448975
410 2.798762798309326
411 2.803187608718872
412 2.808126211166382
413 2.8142924308776855
413 2.818694591522217
414 2.8231115341186523
415 2.8280491828918457
416 2.832642078399658
416 2.8375964164733887
417 2.8418846130371094
418 2.8471601009368896
418 2.8513777256011963
419 2.856936454772949
420 2.8619720935821533
420 2.867234230041504
421 2.871431589126587
422 2.876775026321411
423 2.880955219268799
424 2.886080265045166
424 2.8917431831359863
425 2.897256851196289
426 2.9014534950256348
426 2.9069714546203613
428 2.9120895862579346
428 2.918362617492676
429 2.9230093955993652
430 2.9281227588653564
431 2.9327657222747803
431 2.9378676414489746
432 2.942164659500122
433 2.9475574493408203
433 2.9518418312072754
434 2.9571495056152344
435 2.9623701572418213
436 2.9675698280334473
436 2.971850633621216
437 2.97731876373291
438 2.9862194061279297
439 2.990349769592285
440 2.9958643913269043
440 3.0000388622283936
441 3.0052459239959717
442 3.0096492767333984
443 3.0160486698150635
444 3.0201539993286133
444 3.025317907333374
445 3.0297188758850098
446 3.0350279808044434
446 3.0394070148468018
447 3.0448246002197266
448 3.0490176677703857
449 3.053802967071533
449 3.0583908557891846
450 3.064774990081787
451 3.069009780883789
452 3.073770761489868
452 3.0783050060272217
453 3.0829429626464844
454 3.0879404544830322
455 3.0923736095428467
455 3.097740411758423
456 3.102080821990967
456 3.1073176860809326
458 3.1115174293518066
458 3.1176247596740723
459 3.121929168701172
460 3.127241849899292
460 3.131469488143921
461 3.136837959289551
462 3.1410434246063232
462 3.1461727619171143
463 3.1502435207366943
464 3.1554346084594727
464 3.160043239593506
466 3.1663525104522705
466 3.170691728591919
467 3.175816774368286
468 3.1799800395965576
468 3.1852176189422607
469 3.189383029937744
470 3.1947638988494873
470 3.1989588737487793
471 3.203690528869629
472 3.208256244659424
473 3.2129204273223877
473 3.2189700603485107
474 3.2237226963043213
475 3.228271484375
476 3.2328970432281494
476 3.2378368377685547
477 3.2421507835388184
478 3.247401237487793
478 3.251587152481079
479 3.256913900375366
480 3.261115550994873
480 3.266263008117676
482 3.271487236022949
482 3.276992082595825
483 3.2811970710754395
484 3.286700487136841
484 3.2907443046569824
485 3.29603910446167
486 3.3001222610473633
486 3.3052728176116943
487 3.309413433074951
488 3.3147878646850586
489 3.3200275897979736
489 3.325252056121826
490 3.3294146060943604
491 3.334806442260742
492 3.339169979095459
492 3.344291925430298
493 3.348745107650757
494 3.3531813621520996
494 3.3581223487854004
495 3.362757444381714
496 3.3677639961242676
497 3.373218297958374
497 3.378180503845215
498 3.3870818614959717
500 3.3913393020629883
500 3.396939754486084
501 3.4012045860290527
502 3.4067277908325195
502 3.410904884338379
503 3.416285753250122
504 3.4214978218078613
504 3.4268977642059326
506 3.4311330318450928
506 3.4362258911132812
506 3.440307855606079
508 3.445681571960449
508 3.4497134685516357
509 3.4550411701202393
510 3.459397554397583
510 3.4647436141967773
511 3.468928575515747
512 3.4750664234161377
513 3.4792416095733643
513 3.4843735694885254
514 3.4887850284576416
515 3.4932074546813965
515 3.498990297317505
516 3.5037431716918945
517 3.5082850456237793
518 3.5129363536834717
518 3.5180535316467285
519 3.5242090225219727
520 3.528380870819092
521 3.533020496368408
521 3.5379793643951416
522 3.5425972938537598
523 3.5477371215820312
524 3.5520401000976562
524 3.557311534881592
525 3.561513900756836
526 3.5669240951538086
526 3.571132183074951
527 3.577533006668091
528 3.5818443298339844
528 3.587141275405884
530 3.5913732051849365
530 3.596778154373169
531 3.600959300994873
532 3.6060681343078613
532 3.61014986038208
533 3.6153156757354736
534 3.626912832260132
536 3.631161689758301
536 3.6366584300994873
537 3.640730857849121
538 3.6458849906921387
538 3.650055170059204
539 3.655261993408203
540 3.6593987941741943
540 3.6647791862487793
541 3.6690332889556885
542 3.675093173980713
543 3.6794707775115967
543 3.684847831726074
544 3.6890153884887695
545 3.693789005279541
545 3.698727607727051
546 3.703127384185791
547 3.708110809326172
548 3.7127583026885986
548 3.7177112102508545
549 3.7220096588134766
550 3.7280523777008057
551 3.7326772212982178
551 3.737631320953369
552 3.7419204711914062
552 3.7472097873687744
554 3.7514607906341553
554 3.757000684738159
555 3.761233329772949
556 3.7663824558258057
556 3.77069091796875
557 3.7768683433532715
558 3.7811150550842285
559 3.7897417545318604
560 3.7950496673583984
561 3.7994155883789062
561 3.804823875427246
562 3.809264659881592
563 3.8146374225616455
564 3.8190720081329346
564 3.824206829071045
565 3.829413890838623
566 3.834807872772217
566 3.839005947113037
567 3.843773126602173
568 3.848327398300171
569 3.8529720306396484
570 3.85796856880188
570 3.8623883724212646
571 3.867594003677368
572 3.8719260692596436
572 3.8781330585479736
573 3.8827688694000244
574 3.8877227306365967
574 3.892009973526001
575 3.897238254547119
576 3.90144681930542
576 3.9067752361297607
578 3.9109675884246826
578 3.9161248207092285
579 3.9202826023101807
580 3.9254555702209473
580 3.9310214519500732
581 3.9363157749176025
582 3.9403815269470215
582 3.9457781314849854
583 3.94992733001709
584 3.9551382064819336
585 3.9592838287353516
585 3.9646222591400146
586 3.968829870223999
587 3.9732213020324707
587 3.9781415462493896
588 3.9842398166656494
589 3.9884066581726074
590 3.993063449859619
590 3.998161792755127
591 4.00277853012085
592 4.007714748382568
592 4.012005567550659
593 4.017260313034058
594 4.021466493606567
595 4.026845932006836
596 4.0319578647613525
596 4.037267208099365
597 4.041470289230347
598 4.0467987060546875
598 4.051017999649048
599 4.0562920570373535
600 4.060392379760742
600 4.066030502319336
601 4.070115804672241
602 4.075251579284668
603 4.079391717910767
604 4.0854692459106445
604 4.089737415313721
605 4.095020055770874
606 4.099210262298584
606 4.104348182678223
607 4.108739137649536
608 4.113146543502808
608 4.118248462677002
609 4.122917413711548
610 4.127913236618042
611 4.133228063583374
612 4.138132333755493
612 4.142774820327759
613 4.147754192352295
614 4.152082443237305
614 4.157318115234375
615 4.161515474319458
616 4.16687798500061
616 4.171056509017944
617 4.176349401473999
618 4.1804046630859375
620 4.190367937088013
620 4.196080684661865
621 4.200182199478149
622 4.205355167388916
622 4.209880828857422
623 4.215059518814087
624 4.219407081604004
624 4.224812269210815
625 4.228986024856567
626 4.235174655914307
627 4.239482164382935
627 4.244893550872803
628 4.249078035354614
629 4.254246473312378
629 4.258392572402954
630 4.263024806976318
631 4.267939567565918
632 4.272368669509888
632 4.27752947807312
633 4.281916618347168
634 4.2879486083984375
635 4.29238224029541
636 4.297736883163452
636 4.302047252655029
636 4.307337045669556
638 4.311540126800537
638 4.316952466964722
639 4.3211729526519775
640 4.326711654663086
640 4.330850839614868
641 4.337060213088989
642 4.341262340545654
643 4.346390008926392
644 4.35065484046936
644 4.3560791015625
645 4.360166788101196
645 4.365339756011963
646 4.369513511657715
647 4.374910593032837
648 4.379083633422852
648 4.384211778640747
649 4.389464616775513
650 4.394892692565918
650 4.399068355560303
651 4.404200553894043
652 4.40836501121521
653 4.413034200668335
653 4.418129920959473
654 4.42278265953064
655 4.427713871002197
656 4.43199610710144
656 4.438029766082764
657 4.4426429271698
658 4.447617769241333
658 4.451923370361328
659 4.457329511642456
660 4.461509466171265
660 4.466873407363892
662 4.471053600311279
662 4.476629018783569
663 4.48068904876709
664 4.48582649230957
664 4.491215229034424
665 4.497166156768799
666 4.5014142990112305
666 4.506799221038818
668 4.511022090911865
668 4.516124725341797
669 4.520188570022583
669 4.525360584259033
670 4.529667615890503
671 4.53495192527771
672 4.540296792984009
672 4.545446872711182
673 4.5496909618377686
674 4.554990291595459
675 4.559183835983276
675 4.564330339431763
676 4.568695306777954
677 4.573112726211548
678 4.578012704849243
679 4.582637310028076
680 4.5921876430511475
680 4.597654342651367
681 4.6019673347473145
682 4.60737681388855
682 4.611613750457764
683 4.617166757583618
684 4.6213905811309814
685 4.626760005950928
686 4.630954265594482
686 4.636085510253906
687 4.6413257122039795
688 4.6466875076293945
688 4.650744915008545
689 4.6561548709869385
690 4.660236358642578
691 4.665412425994873
691 4.669668197631836
692 4.6749348640441895
692 4.679109573364258
693 4.684231996536255
694 4.688396692276001
695 4.694733619689941
696 4.698920249938965
696 4.703286409378052
697 4.708217620849609
698 4.712820768356323
698 4.717938184738159
699 4.722380638122559
700 4.7275402545928955
700 4.731849431991577
701 4.73713755607605
702 4.742147445678711
703 4.747411489486694
704 4.751720190048218
704 4.757002353668213
705 4.761178493499756
706 4.766303300857544
706 4.770371437072754
707 4.776014804840088
708 4.780107498168945
708 4.78525447845459
710 4.789391756057739
710 4.795827865600586
711 4.799985408782959
711 4.8052003383636475
712 4.809416770935059
713 4.814768552780151
714 4.818957567214966
714 4.823699712753296
715 4.8282554149627686
716 4.832914590835571
716 4.8380126953125
718 4.843791723251343
718 4.848755121231079
719 4.853147506713867
720 4.858067750930786
720 4.862706184387207
721 4.867637634277344
722 4.871934175491333
722 4.87719202041626
723 4.881399154663086
724 4.887193441390991
725 4.891445159912109
726 4.897733449935913
726 4.902045249938965
727 4.9073193073272705
728 4.911518096923828
728 4.917020320892334
729 4.92120623588562
730 4.926758527755737
730 4.930938720703125
731 4.936052083969116
732 4.940131902694702
733 4.946700096130371
734 4.950741529464722
734 4.95609712600708
735 4.960148572921753
735 4.965320348739624
736 4.969621896743774
737 4.97493577003479
738 4.979248762130737
739 4.984391450881958
740 4.99274754524231
740 4.998910903930664
741 5.003302812576294
742 5.008371353149414
743 5.013760328292847
744 5.01882004737854
744 5.023208379745483
745 5.028136253356934
746 5.03276515007019
746 5.037675619125366
747 5.041991710662842
748 5.048032522201538
749 5.0526392459869385
750 5.057587623596191
750 5.0618815422058105
751 5.067157745361328
752 5.071374416351318
752 5.07690954208374
753 5.081124544143677
754 5.086233139038086
754 5.090305328369141
755 5.095435380935669
756 5.101032495498657
757 5.106309175491333
758 5.110379219055176
758 5.115774154663086
759 5.119912147521973
760 5.1250998973846436
760 5.1292641162872314
761 5.134728670120239
762 5.139073371887207
762 5.144221544265747
763 5.149455308914185
764 5.154855489730835
764 5.159040212631226
765 5.163784980773926
766 5.168339729309082
767 5.172976493835449
768 5.177922248840332
768 5.182340860366821
769 5.187546014785767
770 5.191850662231445
770 5.197304010391235
771 5.202747583389282
772 5.207750082015991
772 5.212098598480225
773 5.217353343963623
774 5.221522331237793
775 5.226882696151733
776 5.231077194213867
776 5.236387252807617
777 5.2407145500183105
778 5.245877981185913
778 5.25116753578186
779 5.256690979003906
780 5.260725498199463
781 5.265907287597656
781 5.270090579986572
782 5.2752556800842285
783 5.279398202896118
783 5.284783124923706
784 5.288978338241577
785 5.293717384338379
786 5.298276901245117
786 5.304654121398926
787 5.3088343143463135
788 5.31321907043457
788 5.318300724029541
790 5.322966814041138
790 5.327913284301758
790 5.332320690155029
791 5.337466716766357
792 5.341839790344238
793 5.347158670425415
794 5.35217547416687
794 5.357406377792358
795 5.361717462539673
796 5.367149829864502
796 5.37135648727417
797 5.37687349319458
798 5.381110906600952
799 5.38623046875
800 5.395094156265259
801 5.399410724639893
802 5.406188488006592
802 5.410245418548584
803 5.415405988693237
804 5.41977071762085
804 5.425049543380737
805 5.4292542934417725
806 5.434406995773315
806 5.43897557258606
808 5.443714141845703
809 5.454719305038452
810 5.458965301513672
810 5.463702440261841
811 5.468247652053833
812 5.472884893417358
812 5.477849245071411
813 5.48216700553894
814 5.487408876419067
815 5.491569995880127
816 5.497755765914917
816 5.502100944519043
817 5.508028745651245
818 5.512640953063965
818 5.517614126205444
819 5.521914482116699
820 5.52718186378479
820 5.531375408172607
821 5.5367751121521
822 5.540985822677612
823 5.546058177947998
823 5.550157308578491
824 5.5567381381988525
825 5.560964822769165
826 5.566061496734619
826 5.570180177688599
827 5.575345039367676
828 5.5796263217926025
828 5.584944009780884
829 5.5891101360321045
830 5.594235181808472
830 5.5986456871032715
832 5.603067398071289
832 5.608974456787109
833 5.61374306678772
834 5.618683099746704
834 5.623100280761719
835 5.62824821472168
836 5.632906436920166
836 5.637859582901001
837 5.642167091369629
838 5.647401571273804
839 5.651594161987305
840 5.6576433181762695
840 5.661987781524658
841 5.667240619659424
842 5.671457290649414
842 5.676934242248535
843 5.681192874908447
844 5.686316967010498
845 5.690379858016968
845 5.6957643032073975
846 5.699903726577759
847 5.705090284347534
847 5.710354328155518
848 5.715743780136108
849 5.721212863922119
850 5.726335763931274
851 5.730390787124634
851 5.736073970794678
852 5.740182876586914
852 5.745335102081299
853 5.749444484710693
854 5.754847764968872
855 5.76017951965332
856 5.765389680862427
856 5.769665479660034
857 5.776157379150391
858 5.780240535736084
859 5.785414934158325
860 5.79430365562439
860 5.798970460891724
862 5.803694486618042
862 5.80929708480835
863 5.814767837524414
864 5.819109201431274
864 5.824207782745361
865 5.828379154205322
866 5.833016872406006
866 5.837931871414185
867 5.842338800430298
868 5.847543716430664
869 5.851824998855591
870 5.8572869300842285
870 5.862702131271362
871 5.867637395858765
872 5.871959209442139
872 5.877211570739746
873 5.88141942024231
874 5.890172958374023
875 5.895409345626831
876 5.899662971496582
876 5.904958486557007
877 5.909114837646484
878 5.9153149127960205
879 5.919889450073242
880 5.925093650817871
880 5.929260730743408
881 5.934401512145996
882 5.938805818557739
882 5.943199872970581
883 5.948136568069458
884 5.952783107757568
884 5.957716464996338
886 5.963125705718994
886 5.968053579330444
887 5.972637414932251
888 5.977779865264893
888 5.9821085929870605
889 5.987374782562256
890 5.991582155227661
890 5.99694037437439
