0 0.001996755599975586
0 0.013782501220703125
0 0.023714780807495117
0 0.03357577323913574
1 0.043866634368896484
2 0.0539851188659668
4 0.062024831771850586
4 0.0710594654083252
5 0.07561993598937988
6 0.0800175666809082
7 0.08490633964538574
8 0.08948636054992676
8 0.09440946578979492
9 0.09868264198303223
10 0.1039741039276123
11 0.10820388793945312
12 0.11354374885559082
13 0.11777257919311523
14 0.12397408485412598
15 0.12823987007141113
16 0.1338639259338379
17 0.13808822631835938
18 0.14343833923339844
19 0.14763569831848145
20 0.1527695655822754
21 0.15688610076904297
22 0.1621549129486084
24 0.16668438911437988
25 0.1729590892791748
26 0.1770470142364502
27 0.18242549896240234
28 0.18648266792297363
29 0.19176912307739258
30 0.19614553451538086
31 0.2015390396118164
32 0.20573639869689941
33 0.2105576992034912
34 0.21509361267089844
36 0.21973824501037598
36 0.22564387321472168
38 0.23003530502319336
39 0.23497343063354492
40 0.2397010326385498
41 0.2446582317352295
43 0.2490830421447754
44 0.25440549850463867
44 0.25873446464538574
46 0.26404261589050293
47 0.2682774066925049
48 0.2744450569152832
49 0.27873921394348145
50 0.28400444984436035
52 0.2882201671600342
53 0.2938070297241211
54 0.29802751541137695
55 0.30338335037231445
56 0.30755615234375
57 0.31290125846862793
58 0.3169727325439453
60 0.3223996162414551
61 0.32767510414123535
62 0.3327791690826416
63 0.33686137199401855
64 0.34205198287963867
65 0.34632039070129395
66 0.35165953636169434
67 0.35583019256591797
69 0.36097073554992676
70 0.36536669731140137
71 0.3697783946990967
74 0.37593960762023926
74 0.3854541778564453
76 0.3898458480834961
77 0.39496803283691406
78 0.3996143341064453
79 0.40473365783691406
81 0.40935254096984863
82 0.41433048248291016
82 0.41864538192749023
84 0.4248373508453369
86 0.4295494556427002
86 0.4346306324005127
87 0.43903636932373047
88 0.4442014694213867
90 0.44855713844299316
91 0.45384883880615234
92 0.4581272602081299
93 0.4634995460510254
94 0.46768951416015625
96 0.47370362281799316
97 0.4788675308227539
98 0.48412275314331055
99 0.4883270263671875
100 0.4938681125640869
102 0.49809885025024414
102 0.503488302230835
104 0.5076673030853271
105 0.5128066539764404
106 0.5168893337249756
107 0.5220589637756348
109 0.5275473594665527
110 0.5327498912811279
110 0.5368678569793701
112 0.542088508605957
113 0.5463714599609375
114 0.551687479019165
115 0.5560455322265625
116 0.5614593029022217
117 0.5657014846801758
119 0.5705223083496094
120 0.5750751495361328
121 0.5814404487609863
122 0.5856263637542725
124 0.5900065898895264
124 0.5949366092681885
126 0.5996005535125732
127 0.6045513153076172
128 0.608879566192627
129 0.6142845153808594
130 0.6185619831085205
131 0.6238977909088135
133 0.6290693283081055
134 0.6342639923095703
135 0.6385602951049805
136 0.6439032554626465
138 0.6481332778930664
138 0.6535351276397705
140 0.6577825546264648
141 0.662928581237793
142 0.667020320892334
143 0.6721940040588379
144 0.6767239570617676
146 0.6834871768951416
147 0.6877233982086182
148 0.692852258682251
149 0.6969215869903564
150 0.7021012306213379
151 0.7064096927642822
152 0.7117094993591309
154 0.7159011363983154
154 0.7210478782653809
156 0.7254495620727539
157 0.7316977977752686
158 0.7360262870788574
159 0.7413952350616455
160 0.7456238269805908
162 0.7500343322753906
163 0.7549431324005127
164 0.7595949172973633
165 0.764594554901123
166 0.7688937187194824
168 0.7741258144378662
170 0.7839913368225098
171 0.7882318496704102
172 0.793872594833374
173 0.7981052398681641
174 0.8035972118377686
176 0.8077688217163086
176 0.8133556842803955
178 0.8174319267272949
179 0.8225860595703125
180 0.8267590999603271
181 0.833045244216919
183 0.8373479843139648
184 0.8425407409667969
184 0.846691370010376
186 0.8518791198730469
187 0.8561742305755615
188 0.8615620136260986
189 0.8657665252685547
190 0.8709290027618408
191 0.8751108646392822
193 0.8797585964202881
194 0.8857665061950684
195 0.890995979309082
196 0.8954908847808838
198 0.89990234375
198 0.9048397541046143
200 0.9094781875610352
201 0.914576530456543
202 0.9188799858093262
203 0.9241266250610352
205 0.9283277988433838
206 0.9344100952148438
207 0.9387304782867432
208 0.9442694187164307
209 0.9485654830932617
210 0.953899621963501
212 0.95810866355896
212 0.9634442329406738
214 0.9676244258880615
215 0.9729263782501221
216 0.977015495300293
217 0.9823923110961914
218 0.987640380859375
220 0.992755651473999
220 0.9968526363372803
222 1.0020275115966797
223 1.0068933963775635
224 1.0126454830169678
225 1.0167934894561768
226 1.0219717025756836
228 1.0261602401733398
229 1.0315701961517334
230 1.0369906425476074
232 1.0421626567840576
232 1.0464069843292236
233 1.0517089366912842
235 1.0558998584747314
236 1.0610744953155518
236 1.0654933452606201
238 1.0698890686035156
239 1.0749964714050293
240 1.0796308517456055
242 1.0855865478515625
243 1.0900275707244873
244 1.0953798294067383
245 1.0997834205627441
246 1.104719877243042
248 1.1093239784240723
249 1.1143107414245605
250 1.1186442375183105
250 1.1239118576049805
252 1.1280932426452637
253 1.1334233283996582
254 1.138331413269043
255 1.1437349319458008
257 1.147949457168579
258 1.1534805297851562
259 1.1576504707336426
260 1.1627647876739502
261 1.1668496131896973
262 1.1720681190490723
264 1.176340103149414
266 1.1855742931365967
267 1.191770315170288
268 1.1961591243743896
269 1.201554536819458
270 1.2059719562530518
272 1.2111070156097412
272 1.2157580852508545
274 1.2205016613006592
275 1.2250983715057373
276 1.2297544479370117
277 1.234684705734253
279 1.2400169372558594
280 1.244936466217041
281 1.2495613098144531
282 1.2545325756072998
283 1.2588450908660889
284 1.264096736907959
286 1.268280267715454
286 1.2738003730773926
288 1.2780444622039795
289 1.2833704948425293
290 1.2882208824157715
291 1.2936487197875977
293 1.2978599071502686
294 1.302985429763794
294 1.3070793151855469
296 1.3124721050262451
297 1.316615343093872
298 1.3218090534210205
299 1.3259787559509277
300 1.3311069011688232
302 1.3357336521148682
302 1.3419618606567383
304 1.3461472988128662
305 1.3515112400054932
306 1.3557076454162598
307 1.3609063625335693
308 1.3650810718536377
310 1.3696892261505127
311 1.3746600151062012
312 1.3790767192840576
313 1.3842394351959229
314 1.388523817062378
316 1.3947169780731201
317 1.3993208408355713
318 1.4042859077453613
319 1.4085779190063477
320 1.4138684272766113
321 1.4181251525878906
322 1.42350435256958
324 1.4276933670043945
324 1.4327902793884277
326 1.4368679523468018
327 1.4434013366699219
328 1.4475417137145996
329 1.4528992176055908
330 1.4569706916809082
332 1.4621243476867676
333 1.4666271209716797
334 1.4726362228393555
335 1.476804256439209
336 1.4819614887237549
338 1.4860894680023193
339 1.4921846389770508
340 1.4964375495910645
341 1.5017662048339844
342 1.5059382915496826
343 1.5110888481140137
344 1.5156478881835938
346 1.520015001296997
346 1.5249311923980713
348 1.529599905014038
349 1.5345427989959717
350 1.5388548374176025
351 1.5449137687683105
353 1.549530267715454
354 1.5545079708099365
354 1.5588247776031494
356 1.5640814304351807
357 1.56827712059021
358 1.5738091468811035
360 1.5780365467071533
361 1.5868544578552246
363 1.5920252799987793
364 1.59773588180542
365 1.6030194759368896
366 1.6070995330810547
368 1.6127479076385498
368 1.6168415546417236
370 1.6220192909240723
371 1.626166582107544
372 1.631556510925293
373 1.635918140411377
374 1.6410493850708008
376 1.6463501453399658
376 1.6516647338867188
378 1.6558196544647217
379 1.6609101295471191
380 1.6653854846954346
381 1.6698002815246582
382 1.6747496128082275
384 1.6793532371520996
385 1.684316635131836
386 1.6886065006256104
387 1.6940410137176514
388 1.6994974613189697
389 1.704444169998169
390 1.7087981700897217
391 1.7140381336212158
393 1.7182672023773193
394 1.723827838897705
395 1.7280733585357666
396 1.7333824634552002
398 1.7374610900878906
398 1.7426261901855469
400 1.7480244636535645
401 1.7535021305084229
402 1.7577087879180908
403 1.7627816200256348
404 1.7668631076812744
405 1.7720670700073242
407 1.776371717453003
408 1.7816905975341797
408 1.7858562469482422
410 1.7909865379333496
412 1.7953853607177734
412 1.8016729354858398
415 1.8121325969696045
416 1.8166685104370117
417 1.8218443393707275
418 1.825988531112671
420 1.831327199935913
420 1.8355357646942139
422 1.8399410247802734
423 1.844879150390625
424 1.8510522842407227
425 1.8556618690490723
428 1.8604018688201904
428 1.8687312602996826
430 1.8741183280944824
431 1.878427267074585
432 1.8837602138519287
433 1.8879919052124023
434 1.8934259414672852
436 1.89762282371521
437 1.90385103225708
438 1.9081065654754639
439 1.9134845733642578
440 1.917658805847168
442 1.9227685928344727
442 1.926853895187378
444 1.9320282936096191
445 1.9364445209503174
446 1.941765546798706
447 1.9459476470947266
448 1.952131986618042
450 1.956413745880127
450 1.961705207824707
452 1.9659125804901123
453 1.9710800647735596
454 1.975477933883667
456 1.979889154434204
457 1.9887237548828125
459 1.9942727088928223
460 1.9985685348510742
461 2.0047316551208496
462 2.0093395709991455
463 2.0144712924957275
464 2.018834352493286
465 2.024085283279419
467 2.0282633304595947
468 2.033618927001953
469 2.03782057762146
470 2.042968273162842
472 2.0470848083496094
472 2.053626537322998
474 2.057859182357788
475 2.0629804134368896
476 2.0670669078826904
477 2.07248592376709
478 2.076639413833618
479 2.08185076713562
480 2.0860047340393066
482 2.09136962890625
482 2.0955653190612793
484 2.1000025272369385
485 2.1060078144073486
486 2.1114962100982666
488 2.11586332321167
489 2.120995044708252
490 2.1253926753997803
491 2.1298320293426514
492 2.134760856628418
494 2.139348268508911
494 2.144296646118164
496 2.1485743522644043
497 2.154590606689453
498 2.158914089202881
499 2.164116382598877
500 2.1683151721954346
501 2.173875570297241
502 2.17809796333313
504 2.1834700107574463
505 2.1877291202545166
506 2.192852735519409
507 2.196932315826416
508 2.2020978927612305
510 2.207448720932007
510 2.2126352787017822
512 2.216801166534424
512 2.221958875656128
514 2.2260890007019043
515 2.2314562797546387
516 2.235819101333618
517 2.2409534454345703
518 2.2455155849456787
520 2.249939441680908
521 2.255967617034912
522 2.2611165046691895
523 2.2655322551727295
524 2.2699427604675293
526 2.274888753890991
527 2.2794992923736572
528 2.2844371795654297
529 2.2904019355773926
530 2.295391798019409
532 2.2997703552246094
533 2.3057315349578857
534 2.310516834259033
535 2.3150622844696045
536 2.3197343349456787
537 2.3246872425079346
539 2.3291101455688477
540 2.3342814445495605
541 2.3385813236236572
542 2.343867063522339
543 2.3481173515319824
544 2.3536152839660645
546 2.358611822128296
546 2.3638789653778076
548 2.3680944442749023
549 2.373615026473999
551 2.3778319358825684
552 2.3866193294525146
553 2.391833543777466
554 2.3961374759674072
556 2.4015331268310547
557 2.4068198204040527
558 2.412123203277588
559 2.41672945022583
560 2.4219260215759277
562 2.42608380317688
563 2.431487560272217
564 2.4356489181518555
565 2.4400391578674316
566 2.444972276687622
568 2.4495861530303955
568 2.454542636871338
570 2.4599602222442627
571 2.4649243354797363
575 2.469538927078247
578 2.48698091506958
580 2.499790906906128
583 2.509989023208618
586 2.5262138843536377
590 2.5382001399993896
594 2.5487020015716553
596 2.564302682876587
599 2.5798513889312744
602 2.5936355590820312
607 2.6040689945220947
612 2.618617296218872
616 2.6482343673706055
618 2.6639811992645264
622 2.675050735473633
623 2.682504415512085
624 2.6866819858551025
625 2.693917751312256
626 2.698117733001709
628 2.7034506797790527
629 2.7076191902160645
630 2.7139205932617188
631 2.718153953552246
632 2.7234973907470703
634 2.7277231216430664
635 2.7328336238861084
636 2.7369208335876465
636 2.7420847415924072
638 2.746344804763794
639 2.75164794921875
640 2.7558016777038574
642 2.760941743850708
643 2.7664237022399902
644 2.771719455718994
645 2.7760210037231445
647 2.7813918590545654
649 2.789492130279541
650 2.794555425643921
651 2.798866033554077
652 2.8042616844177246
653 2.808527708053589
654 2.8148181438446045
656 2.8194828033447266
657 2.824437141418457
658 2.8287594318389893
659 2.834195613861084
660 2.838467836380005
661 2.843752861022949
662 2.847949266433716
663 2.853092908859253
665 2.8573760986328125
666 2.862528085708618
667 2.8679144382476807
668 2.873065948486328
670 2.8773488998413086
670 2.882512092590332
672 2.886662721633911
672 2.891841411590576
674 2.896378517150879
675 2.901686906814575
676 2.9058587551116943
677 2.910997152328491
679 2.916072368621826
680 2.9215199947357178
680 2.925729990005493
682 2.9304723739624023
683 2.934997320175171
684 2.939646005630493
685 2.9445908069610596
687 2.9488906860351562
688 2.9542927742004395
689 2.958542585372925
690 2.963853597640991
691 2.969058036804199
692 2.9742343425750732
694 2.9785685539245605
694 2.9839017391204834
696 2.9881207942962646
697 2.9934840202331543
698 2.997685432434082
699 3.0027849674224854
700 3.006889581680298
702 3.0120718479156494
703 3.0164690017700195
704 3.0229201316833496
705 3.027001142501831
706 3.032148838043213
707 3.0363948345184326
708 3.041699171066284
710 3.0458779335021973
710 3.0510387420654297
712 3.055414915084839
713 3.0597903728485107
714 3.064769983291626
715 3.070427179336548
716 3.075366973876953
718 3.0797619819641113
719 3.084696054458618
720 3.0893173217773438
721 3.0954530239105225
722 3.099864959716797
724 3.1047873497009277
725 3.109398603439331
726 3.1143195629119873
727 3.1198132038116455
728 3.124750852584839
730 3.1293463706970215
731 3.1344640254974365
732 3.138796806335449
733 3.1440563201904297
734 3.148240327835083
735 3.1537656784057617
736 3.157956838607788
737 3.1630699634552
739 3.1673409938812256
740 3.173654794692993
741 3.1778690814971924
743 3.18664813041687
744 3.1918599605560303
746 3.1963610649108887
746 3.2016868591308594
748 3.206017017364502
749 3.2113733291625977
750 3.21572208404541
751 3.221907615661621
753 3.22607421875
754 3.2314324378967285
754 3.2356057167053223
756 3.2399682998657227
757 3.2448716163635254
758 3.249504566192627
759 3.2546346187591553
760 3.2590491771698
762 3.2641797065734863
763 3.268484115600586
764 3.274474859237671
766 3.2787930965423584
766 3.2843363285064697
768 3.28863787651062
768 3.293894052505493
770 3.298091411590576
771 3.30340576171875
772 3.307464122772217
773 3.312910795211792
774 3.3169524669647217
776 3.3234448432922363
777 3.3277342319488525
778 3.3328309059143066
779 3.336902141571045
780 3.3420510292053223
781 3.3463268280029297
782 3.351637125015259
783 3.3558149337768555
784 3.360922336578369
786 3.365111827850342
787 3.3697381019592285
788 3.3757996559143066
789 3.380936861038208
790 3.3850905895233154
792 3.3897478580474854
793 3.394679546356201
794 3.3991096019744873
795 3.4042775630950928
796 3.408562421798706
797 3.4140193462371826
798 3.418229341506958
800 3.4244654178619385
801 3.4287943840026855
802 3.4342169761657715
803 3.438488245010376
804 3.4437522888183594
806 3.4479756355285645
806 3.4531075954437256
808 3.4573814868927
809 3.462510824203491
810 3.4666786193847656
811 3.472644567489624
813 3.478090763092041
814 3.483433485031128
815 3.487544059753418
816 3.492896318435669
817 3.496958017349243
818 3.5021421909332275
820 3.5064027309417725
820 3.5117201805114746
822 3.5158917903900146
823 3.521897792816162
825 3.5273406505584717
826 3.532517433166504
826 3.5366785526275635
828 3.5418405532836914
829 3.5461647510528564
830 3.5515573024749756
831 3.5559263229370117
832 3.561084032058716
833 3.565490961074829
835 3.569892406463623
836 3.574819564819336
837 3.5810179710388184
840 3.589385986328125
840 3.594485282897949
842 3.598820686340332
843 3.6042563915252686
844 3.608577251434326
845 3.6140871047973633
846 3.6182782649993896
848 3.623638868331909
848 3.6286604404449463
850 3.6339385509490967
851 3.6381723880767822
852 3.6435365676879883
853 3.6477394104003906
854 3.6528377532958984
855 3.656920909881592
857 3.6620895862579346
858 3.6663854122161865
858 3.6717002391815186
860 3.6760692596435547
862 3.682473659515381
862 3.6866118907928467
863 3.6918437480926514
865 3.6959941387176514
866 3.7013936042785645
867 3.7055788040161133
868 3.709972620010376
869 3.714902877807617
870 3.7195377349853516
872 3.7244832515716553
873 3.7299256324768066
874 3.73500657081604
875 3.739624261856079
876 3.744563102722168
880 3.763582944869995
882 3.7677879333496094
883 3.772939920425415
884 3.776996374130249
885 3.783402442932129
887 3.787550687789917
888 3.7929141521453857
889 3.797002077102661
890 3.802161455154419
891 3.806688070297241
892 3.8118536472320557
894 3.816007375717163
897 3.8214287757873535
899 3.834635019302368
900 3.8424770832061768
900 3.8466172218322754
902 3.8518340587615967
903 3.8561716079711914
904 3.8615784645080566
905 3.865767478942871
906 3.870508909225464
909 3.875058889389038
910 3.8881711959838867
914 3.8998184204101562
916 3.9080262184143066
919 3.917360305786133
922 3.9264659881591797
924 3.9398505687713623
926 3.9534404277801514
928 3.9600107669830322
931 3.966006278991699
936 3.9817252159118652
937 3.9987807273864746
938 4.004978179931641
940 4.009667873382568
941 4.014788866043091
942 4.019488096237183
943 4.02445125579834
944 4.028787136077881
945 4.03499698638916
947 4.039667129516602
948 4.044634103775024
949 4.049103021621704
950 4.05426812171936
951 4.058559417724609
952 4.064017057418823
954 4.068219900131226
954 4.073631525039673
956 4.077880620956421
957 4.083016633987427
958 4.088280200958252
959 4.093821048736572
961 4.098080635070801
962 4.103437900543213
963 4.10760498046875
964 4.1127400398254395
965 4.116852760314941
966 4.122029542922974
967 4.126168727874756
968 4.131637334823608
970 4.136778116226196
971 4.141954660415649
972 4.146094799041748
973 4.151467800140381
974 4.1558167934417725
976 4.160998582839966
976 4.165387868881226
978 4.169797658920288
979 4.174725294113159
980 4.179326057434082
981 4.184309720993042
982 4.189760684967041
984 4.194841146469116
985 4.199492692947388
986 4.20444393157959
987 4.2087695598602295
988 4.214208126068115
989 4.21848464012146
990 4.223730564117432
992 4.22793436050415
993 4.233071804046631
994 4.238214731216431
995 4.243685960769653
996 4.247886657714844
998 4.253021955490112
998 4.257085561752319
1000 4.2624571323394775
1001 4.266589641571045
1002 4.2718000411987305
1003 4.2761359214782715
1004 4.281519174575806
1006 4.28571343421936
1006 4.291833877563477
1008 4.296022891998291
1009 4.301396131515503
1010 4.305617570877075
1011 4.310003280639648
1012 4.314934492111206
1014 4.319530487060547
1015 4.324653148651123
1016 4.329079866409302
1017 4.334392309188843
1018 4.339815855026245
1019 4.344735860824585
1021 4.349352598190308
1022 4.35433030128479
1023 4.358648061752319
1024 4.363954544067383
1025 4.368154287338257
1026 4.373507022857666
1028 4.377728462219238
1028 4.382823467254639
1031 4.386901378631592
1032 4.396860837936401
1033 4.4020609855651855
1034 4.406470775604248
1035 4.411746025085449
1037 4.416047811508179
1038 4.421426773071289
1038 4.425603151321411
1040 4.429997444152832
1041 4.434919834136963
1042 4.4395105838775635
1043 4.445455074310303
1045 4.449825048446655
1046 4.454915761947632
1047 4.459534168243408
1048 4.46454644203186
1050 4.468865156173706
1050 4.47471809387207
1052 4.479331016540527
1053 4.484296798706055
1054 4.488625764846802
1055 4.494647026062012
1056 4.4990527629852295
1058 4.504250526428223
1058 4.508588552474976
1060 4.5140297412872314
1061 4.51825475692749
1062 4.523692607879639
1063 4.527912139892578
1064 4.533033609390259
1066 4.537110805511475
1067 4.5436952114105225
1068 4.5479350090026855
1069 4.553098917007446
1070 4.557371377944946
1072 4.562554836273193
1072 4.566736221313477
1074 4.571990966796875
1075 4.576412677764893
1076 4.58171534538269
1077 4.5860395431518555
1079 4.591421127319336
1080 4.5966713428497314
1080 4.60187292098999
1082 4.606022834777832
1083 4.611384868621826
1084 4.615583896636963
1085 4.61998724937439
1086 4.624913215637207
1088 4.6295249462127686
1089 4.634660959243774
1090 4.639107942581177
1091 4.645097494125366
1092 4.649795293807983
1094 4.654736280441284
1095 4.659369468688965
1096 4.66431450843811
1097 4.668601989746094
1098 4.67387056350708
1099 4.67812180519104
1100 4.683481216430664
1102 4.687665224075317
1102 4.693001747131348
1104 4.698257684707642
1105 4.70363974571228
1106 4.707884311676025
1107 4.713403940200806
1109 4.717459678649902
1110 4.722617149353027
1110 4.726740121841431
1112 4.7319464683532715
1113 4.73614764213562
1114 4.7415125370025635
1115 4.746601104736328
1116 4.7518157958984375
1118 4.756145477294922
1119 4.761542558670044
1120 4.765727758407593
1121 4.770502328872681
1122 4.775026082992554
1124 4.7796759605407715
1124 4.784631967544556
1127 4.79379940032959
1128 4.799007415771484
1129 4.804311513900757
1130 4.808590888977051
1131 4.814117908477783
1132 4.818325996398926
1134 4.823846817016602
1135 4.828079462051392
1136 4.8334691524505615
1137 4.837739944458008
1138 4.843075513839722
1140 4.8481974601745605
1141 4.8535401821136475
1142 4.857757806777954
1143 4.862926721572876
1144 4.867828607559204
1146 4.873342275619507
1147 4.877414226531982
1148 4.882567882537842
1149 4.88672137260437
1150 4.8919148445129395
1152 4.896146059036255
1153 4.902470827102661
1154 4.906621932983398
1154 4.911835670471191
1156 4.9160096645355225
1157 4.921411752700806
1158 4.9256110191345215
1159 4.930008172988892
1160 4.93509578704834
1162 4.939729928970337
1163 4.9446516036987305
1164 4.95045280456543
1165 4.9550230503082275
1166 4.959665536880493
1168 4.964650869369507
1169 4.969077825546265
1170 4.974374055862427
1171 4.978702068328857
1172 4.983991622924805
1173 4.988205671310425
1174 4.993750333786011
1176 4.998496770858765
1177 5.0045459270477295
1178 5.00890326499939
1179 5.014109373092651
1180 5.018327474594116
1181 5.02370810508728
1183 5.027905225753784
1184 5.033039093017578
1185 5.037337064743042
1186 5.042496681213379
1188 5.046640634536743
1188 5.053075790405273
1190 5.057366847991943
1191 5.062540054321289
1192 5.06668496131897
1193 5.0718584060668945
1194 5.076006174087524
1195 5.0814430713653564
1196 5.085638761520386
1198 5.090025901794434
1198 5.09495735168457
1200 5.099616765975952
1201 5.10570502281189
1202 5.110445499420166
1203 5.115389347076416
1205 5.11983060836792
1206 5.124751091003418
1207 5.12935996055603
1208 5.134316444396973
1209 5.138629674911499
1210 5.143903493881226
1211 5.148125171661377
1213 5.154276609420776
1214 5.158572196960449
1215 5.163930416107178
1216 5.168148517608643
1217 5.173673629760742
1218 5.177907228469849
1220 5.183032751083374
1221 5.1870903968811035
1222 5.195642471313477
1224 5.200416088104248
1225 5.206099510192871
1226 5.211505174636841
1227 5.215840816497803
1228 5.220998048782349
1230 5.225551128387451
1231 5.229992866516113
1232 5.2351157665252686
1233 5.239761114120483
1234 5.244706630706787
1236 5.249324083328247
1237 5.255066633224487
1238 5.259742975234985
1239 5.264692068099976
1240 5.269096612930298
1242 5.274262428283691
1242 5.278532266616821
1243 5.283861875534058
1245 5.289452791213989
1246 5.29456090927124
1247 5.298854112625122
1249 5.304103374481201
1250 5.309545040130615
1251 5.314502954483032
1252 5.3188323974609375
1253 5.324098825454712
1254 5.32830548286438
1255 5.333667278289795
1257 5.3379082679748535
1258 5.3430352210998535
1259 5.347087144851685
1260 5.352628231048584
1262 5.358009576797485
1262 5.363581895828247
1264 5.367774724960327
1265 5.372910022735596
1266 5.376971483230591
1267 5.3821117877960205
1268 5.386384725570679
1269 5.391721963882446
1270 5.395918369293213
1272 5.401062726974487
1273 5.405514717102051
1274 5.4117114543914795
1275 5.416043043136597
1276 5.421443939208984
1277 5.425629615783691
1279 5.430009841918945
1280 5.434918403625488
1281 5.439519643783569
1282 5.444468975067139
1283 5.4488232135772705
1284 5.4540886878967285
1286 5.459425449371338
1287 5.4643635749816895
1288 5.468667984008789
1289 5.474716663360596
1291 5.47935152053833
1292 5.484290838241577
1292 5.488590240478516
1294 5.494025707244873
1295 5.498233318328857
1296 5.503707408905029
1297 5.5087902545928955
1298 5.514043807983398
1300 5.5182342529296875
1300 5.523615598678589
1302 5.527819633483887
1303 5.533324956893921
1304 5.537400484085083
1305 5.542541742324829
1306 5.546700477600098
1307 5.5518646240234375
1309 5.556039571762085
1310 5.562533617019653
1311 5.566694259643555
1312 5.571843385696411
1314 5.575998783111572
1314 5.58141016960144
1316 5.585647344589233
1318 5.590014219284058
1319 5.598832607269287
1322 5.61003565788269
1323 5.615401744842529
1324 5.619818449020386
1325 5.624972105026245
1326 5.629605054855347
1328 5.634548187255859
1328 5.638906002044678
1329 5.644108533859253
1331 5.648306608200073
1332 5.653872489929199
1333 5.6580970287323
1334 5.664229393005371
1336 5.668557643890381
1336 5.6738550662994385
1338 5.678086280822754
1339 5.683429956436157
1341 5.687553405761719
1342 5.694343090057373
1342 5.6986470222473145
1344 5.70391583442688
1346 5.708125114440918
1346 5.714282989501953
1348 5.718554735183716
1348 5.723887920379639
1350 5.728099346160889
1351 5.733423233032227
1352 5.7376158237457275
1353 5.742777585983276
1354 5.746855974197388
1356 5.75206446647644
1356 5.756484746932983
1358 5.761747121810913
1359 5.766907215118408
1360 5.772066116333008
1361 5.77647852897644
1362 5.7817981243133545
1364 5.785984754562378
1365 5.791333436965942
1366 5.795517444610596
1367 5.799908399581909
1368 5.804865121841431
1370 5.809481859207153
1370 5.8153510093688965
1372 5.819775819778442
1373 5.824713468551636
1374 5.829332113265991
1375 5.834484577178955
1376 5.838866949081421
1377 5.844114542007446
1378 5.848301887512207
1380 5.853678464889526
1381 5.857897996902466
1382 5.8630530834198
1383 5.86824893951416
1384 5.873675107955933
1386 5.877890586853027
1386 5.883394479751587
1388 5.887460947036743
1389 5.89288854598999
1390 5.897084712982178
1391 5.902468204498291
1392 5.906554460525513
1394 5.91176700592041
1395 5.917017221450806
1396 5.922152280807495
1397 5.926400661468506
1398 5.931726694107056
1400 5.935922145843506
1400 5.941100120544434
1402 5.945498704910278
1403 5.949897050857544
1404 5.954985618591309
1405 5.959669828414917
1406 5.964670419692993
1408 5.970533847808838
1408 5.975066661834717
1410 5.979698657989502
1411 5.9846696853637695
1413 5.989114761352539
1414 5.998114109039307
