0 0.003373861312866211
0 0.01544189453125
1 0.025979280471801758
1 0.03653550148010254
3 0.045297861099243164
5 0.05678534507751465
6 0.06539177894592285
7 0.0712287425994873
8 0.07596802711486816
9 0.08050656318664551
10 0.0851292610168457
11 0.09011220932006836
12 0.09454584121704102
14 0.09972620010375977
15 0.1040184497833252
16 0.10946440696716309
18 0.11368584632873535
19 0.12002921104431152
20 0.1243748664855957
21 0.12960410118103027
23 0.13391971588134766
24 0.13920164108276367
26 0.14343857765197754
27 0.14855217933654785
29 0.15284252166748047
30 0.15800023078918457
31 0.16218948364257812
33 0.16879534721374512
35 0.17301654815673828
37 0.18158364295959473
39 0.18704819679260254
41 0.1913928985595703
42 0.19655466079711914
43 0.20113801956176758
45 0.2059013843536377
46 0.2108473777770996
48 0.21526789665222168
49 0.22125577926635742
51 0.22642946243286133
53 0.23101043701171875
55 0.235426664352417
56 0.2403411865234375
58 0.24495553970336914
59 0.2500627040863037
60 0.2544975280761719
62 0.2596762180328369
64 0.2639646530151367
65 0.27000999450683594
67 0.2743494510650635
68 0.27959394454956055
70 0.28378963470458984
71 0.2893335819244385
73 0.2935514450073242
75 0.2988548278808594
76 0.30300450325012207
78 0.30821967124938965
79 0.3123321533203125
81 0.3175046443939209
83 0.32291173934936523
84 0.3282127380371094
85 0.33230137825012207
87 0.3375732898712158
89 0.34186577796936035
90 0.34717750549316406
92 0.35150671005249023
93 0.3568754196166992
95 0.36104416847229004
97 0.36547017097473145
99 0.3714745044708252
100 0.3768465518951416
101 0.38119006156921387
103 0.3859577178955078
105 0.3905489444732666
107 0.395230770111084
108 0.4001767635345459
110 0.40480518341064453
111 0.4099428653717041
112 0.4142489433288574
114 0.4195268154144287
116 0.4249393939971924
117 0.4299039840698242
119 0.4342319965362549
120 0.43950843811035156
123 0.44373250007629395
124 0.4497396945953369
125 0.45403242111206055
127 0.4593515396118164
129 0.46357297897338867
131 0.46912574768066406
132 0.4742732048034668
133 0.4795114994049072
135 0.4837186336517334
137 0.48911571502685547
139 0.49334216117858887
140 0.4984908103942871
142 0.502556324005127
143 0.5081889629364014
145 0.512305498123169
146 0.5174996852874756
148 0.522576093673706
150 0.5282869338989258
151 0.5323877334594727
152 0.5375585556030273
154 0.5418415069580078
155 0.5471627712249756
157 0.5513577461242676
159 0.5565204620361328
160 0.5609824657440186
162 0.5653934478759766
164 0.5703263282775879
167 0.5765135288238525
169 0.5848026275634766
170 0.5899989604949951
172 0.594336986541748
173 0.5997493267059326
175 0.6040503978729248
176 0.6094896793365479
178 0.6137170791625977
179 0.6191177368164062
181 0.6233310699462891
183 0.6294865608215332
185 0.6336987018585205
186 0.6392991542816162
188 0.6435410976409912
189 0.6490719318389893
191 0.6532964706420898
192 0.6584343910217285
194 0.662543535232544
195 0.6679425239562988
197 0.6721014976501465
199 0.6784124374389648
200 0.6824831962585449
202 0.6876296997070312
203 0.6919341087341309
205 0.6972131729125977
207 0.7014226913452148
208 0.7065517902374268
209 0.7111494541168213
211 0.7159237861633301
213 0.7205195426940918
215 0.7268564701080322
216 0.7310914993286133
218 0.7354869842529297
219 0.740405797958374
221 0.7450602054595947
223 0.7500157356262207
224 0.7543191909790039
225 0.7595727443695068
227 0.7637851238250732
228 0.7693967819213867
230 0.7736396789550781
232 0.779731273651123
233 0.7840158939361572
235 0.7893245220184326
237 0.793576717376709
238 0.7989664077758789
240 0.8032002449035645
241 0.8083276748657227
243 0.81241774559021
244 0.8175768852233887
246 0.8218479156494141
248 0.8283426761627197
249 0.8324716091156006
251 0.8376126289367676
253 0.8418447971343994
254 0.8471686840057373
256 0.8513448238372803
257 0.8565371036529541
259 0.8609359264373779
261 0.8653483390808105
262 0.8703696727752686
264 0.8749706745147705
265 0.8809032440185547
267 0.8853311538696289
268 0.8904833793640137
270 0.8951139450073242
271 0.9002597332000732
273 0.9048717021942139
275 0.9098150730133057
276 0.9141380786895752
277 0.9194130897521973
279 0.923616886138916
281 0.9296801090240479
283 0.9340260028839111
284 0.9393548965454102
286 0.9435598850250244
287 0.9490454196929932
289 0.9532065391540527
291 0.9583079814910889
292 0.9623987674713135
294 0.9675841331481934
295 0.971869945526123
299 0.9771749973297119
300 0.9869065284729004
301 0.9912769794464111
303 0.9963901042938232
304 1.000981092453003
306 1.0053675174713135
308 1.010556697845459
310 1.015197515487671
311 1.0201499462127686
313 1.0247862339019775
314 1.0299310684204102
316 1.0353751182556152
317 1.040318250656128
319 1.04496431350708
321 1.0498924255371094
322 1.0541768074035645
323 1.059452772140503
325 1.063643217086792
327 1.0691649913787842
329 1.0734188556671143
330 1.0785555839538574
332 1.0837302207946777
333 1.0891077518463135
335 1.0933277606964111
337 1.098447322845459
338 1.1025304794311523
340 1.1080007553100586
341 1.112152338027954
343 1.1173245906829834
344 1.1214704513549805
346 1.1268293857574463
348 1.1312346458435059
349 1.1374070644378662
351 1.1415507793426514
352 1.1469485759735107
353 1.151137351989746
355 1.1558837890625
357 1.1608147621154785
359 1.1652371883392334
360 1.1701741218566895
362 1.1747827529907227
363 1.179760217666626
365 1.1851911544799805
367 1.1903109550476074
369 1.1949381828308105
370 1.1998796463012695
371 1.204167127609253
373 1.2094125747680664
375 1.2136497497558594
376 1.2190284729003906
378 1.223207712173462
379 1.2282922267913818
381 1.2323360443115234
383 1.2388942241668701
385 1.2430052757263184
386 1.2483649253845215
387 1.252422571182251
389 1.2576007843017578
390 1.261864423751831
391 1.267179012298584
393 1.2713444232940674
395 1.276465654373169
396 1.2808711528778076
398 1.2870728969573975
400 1.291426181793213
401 1.2967872619628906
403 1.3009791374206543
405 1.3053703308105469
406 1.3104660511016846
408 1.3151133060455322
409 1.3200855255126953
411 1.32454514503479
413 1.3297441005706787
415 1.3340351581573486
416 1.3400707244873047
417 1.3444743156433105
419 1.3496432304382324
421 1.3539204597473145
422 1.359241008758545
424 1.363417148590088
425 1.3688960075378418
427 1.3730247020721436
429 1.378208875656128
431 1.3880066871643066
433 1.3921887874603271
435 1.3974034786224365
436 1.401841163635254
437 1.4071688652038574
439 1.41148042678833
441 1.4169046878814697
442 1.421271800994873
444 1.426374912261963
445 1.4309921264648438
447 1.435379981994629
449 1.4413812160491943
451 1.4473507404327393
453 1.451594591140747
454 1.45701003074646
455 1.4611833095550537
457 1.4659435749053955
459 1.470463514328003
461 1.4751131534576416
462 1.480060338973999
464 1.4843690395355225
465 1.4904663562774658
467 1.4951176643371582
468 1.500096321105957
469 1.5044896602630615
471 1.5096375942230225
473 1.5139434337615967
474 1.5192193984985352
476 1.5234317779541016
477 1.5285561084747314
479 1.5328378677368164
481 1.5379960536956787
483 1.5433695316314697
484 1.5489413738250732
486 1.5531299114227295
487 1.5582482814788818
489 1.5623328685760498
490 1.567533016204834
492 1.5717928409576416
493 1.577125072479248
495 1.581275224685669
497 1.5863804817199707
499 1.5916259288787842
500 1.5970790386199951
501 1.601250171661377
503 1.6063752174377441
504 1.610957145690918
506 1.615372657775879
508 1.6203114986419678
509 1.6249620914459229
511 1.629892110824585
512 1.6342170238494873
514 1.639491081237793
516 1.6449382305145264
517 1.6498911380767822
519 1.6542532444000244
520 1.659515142440796
522 1.6636972427368164
523 1.6692261695861816
525 1.673433780670166
527 1.6789944171905518
529 1.6831891536712646
530 1.6882977485656738
532 1.6935334205627441
533 1.6988804340362549
535 1.7030060291290283
537 1.7082040309906006
538 1.712315320968628
539 1.7174880504608154
541 1.721623420715332
543 1.7270150184631348
544 1.7313618659973145
546 1.7365515232086182
548 1.740973711013794
549 1.7471075057983398
550 1.7512869834899902
552 1.7564208507537842
553 1.7608542442321777
555 1.7652878761291504
557 1.7702200412750244
559 1.7748768329620361
561 1.779794454574585
563 1.7891972064971924
565 1.7942867279052734
567 1.7997417449951172
568 1.804032564163208
572 1.8151419162750244
573 1.8201344013214111
575 1.824552059173584
577 1.8297138214111328
578 1.8340644836425781
579 1.8393752574920654
582 1.8445382118225098
583 1.8499395847320557
584 1.8542842864990234
586 1.859546422958374
587 1.86372971534729
589 1.8692009449005127
591 1.8734078407287598
592 1.8788084983825684
594 1.882871150970459
595 1.8880109786987305
597 1.8921575546264648
599 1.8984534740447998
601 1.9025299549102783
602 1.9080805778503418
603 1.9122607707977295
605 1.917447805404663
607 1.9215850830078125
608 1.9270284175872803
609 1.9312386512756348
611 1.9363899230957031
613 1.9409873485565186
615 1.9471280574798584
617 1.951343297958374
618 1.9565212726593018
619 1.9609458446502686
621 1.9653315544128418
622 1.9704136848449707
624 1.9750466346740723
626 1.9800083637237549
627 1.9843387603759766
628 1.9895989894866943
631 1.9939007759094238
632 1.9998548030853271
633 2.0041558742523193
635 2.0094852447509766
637 2.013704776763916
638 2.0195820331573486
640 2.0237839221954346
641 2.0293185710906982
643 2.033576011657715
645 2.0389351844787598
647 2.0431933403015137
648 2.0493245124816895
650 2.0535519123077393
651 2.0588841438293457
653 2.0631167888641357
655 2.068394660949707
656 2.072477340698242
658 2.077608585357666
659 2.081850528717041
661 2.087162733078003
662 2.0915017127990723
664 2.0968570709228516
666 2.101907253265381
667 2.107205390930176
669 2.1113779544830322
670 2.1165411472320557
671 2.120945453643799
673 2.1253538131713867
675 2.130310297012329
677 2.1349425315856934
678 2.1398916244506836
679 2.1441948413848877
681 2.150390148162842
683 2.15505313873291
685 2.160001754760742
686 2.1643118858337402
687 2.1695690155029297
689 2.173891305923462
692 2.1791772842407227
694 2.187570571899414
695 2.1920671463012695
697 2.197279453277588
699 2.203110933303833
700 2.2084763050079346
702 2.2125401496887207
704 2.217912435531616
705 2.221933364868164
706 2.2272303104400635
708 2.231395721435547
709 2.236520290374756
711 2.2409093379974365
713 2.245300531387329
714 2.2511954307556152
716 2.2564637660980225
717 2.2608482837677
719 2.265254497528076
721 2.2703282833099365
723 2.274949073791504
724 2.279909372329712
725 2.2842397689819336
727 2.289482593536377
729 2.2936832904815674
731 2.2990591526031494
732 2.3041677474975586
733 2.309492588043213
735 2.313693046569824
737 2.3190739154815674
739 2.3232333660125732
740 2.3285598754882812
742 2.332853317260742
743 2.3380560874938965
744 2.3421988487243652
746 2.347386121749878
747 2.3515260219573975
749 2.3576207160949707
751 2.361872434616089
752 2.3671905994415283
754 2.3713860511779785
755 2.376518726348877
757 2.380922555923462
759 2.3853158950805664
760 2.3904073238372803
762 2.3950610160827637
763 2.4000003337860107
765 2.405377149581909
767 2.410290241241455
769 2.4149279594421387
770 2.4199209213256836
771 2.4242241382598877
773 2.4294846057891846
775 2.4337170124053955
776 2.4391074180603027
778 2.443305730819702
779 2.449444055557251
782 2.454852342605591
783 2.4599685668945312
784 2.4643020629882812
785 2.4695632457733154
787 2.473768472671509
789 2.4791452884674072
791 2.483361005783081
792 2.488482713699341
793 2.4925332069396973
795 2.49792742729187
797 2.5020980834960938
799 2.5088064670562744
801 2.51289439201355
802 2.518009901046753
803 2.522149085998535
805 2.5273406505584717
807 2.531477451324463
808 2.5368409156799316
809 2.54109787940979
811 2.5454812049865723
813 2.550394296646118
815 2.5565381050109863
816 2.560990810394287
818 2.5653743743896484
819 2.570472240447998
821 2.575106143951416
823 2.5800747871398926
825 2.5893399715423584
827 2.59354567527771
828 2.5990262031555176
830 2.603207588195801
831 2.6095075607299805
833 2.613706588745117
835 2.619065761566162
837 2.623277187347412
838 2.6285741329193115
840 2.632857322692871
841 2.6380276679992676
843 2.642198085784912
844 2.647407054901123
846 2.651557445526123
848 2.6569318771362305
849 2.6621203422546387
851 2.6673858165740967
853 2.6715245246887207
854 2.6768922805786133
855 2.6810755729675293
857 2.6854746341705322
858 2.690549373626709
860 2.6952216625213623
862 2.7001729011535645
864 2.704782247543335
865 2.7104287147521973
867 2.7151403427124023
868 2.7203054428100586
870 2.7249300479888916
871 2.7298717498779297
873 2.7341842651367188
874 2.73944354057312
876 2.7436320781707764
877 2.74916410446167
879 2.7533679008483887
881 2.7584917545318604
883 2.763725757598877
884 2.769143581390381
886 2.7733473777770996
887 2.7785110473632812
889 2.7828023433685303
891 2.787956714630127
892 2.79209041595459
893 2.797281265258789
895 2.8014822006225586
897 2.8068907260894775
898 2.812256336212158
900 2.8174102306365967
902 2.821582794189453
903 2.8269708156585693
904 2.831195592880249
907 2.8359222412109375
909 2.844829559326172
911 2.849930763244629
912 2.8542349338531494
914 2.859494686126709
916 2.864802122116089
917 2.869988203048706
919 2.874305486679077
920 2.879568338394165
922 2.8838884830474854
923 2.889174222946167
925 2.8933753967285156
927 2.8985002040863037
929 2.902547597885132
930 2.907954216003418
932 2.9133293628692627
933 2.91845965385437
934 2.9225211143493652
936 2.9280669689178467
938 2.932215452194214
940 2.9374396800994873
941 2.9418630599975586
942 2.9471707344055176
944 2.9513471126556396
945 2.956454038619995
947 2.960874557495117
949 2.967125415802002
951 2.9713327884674072
952 2.9764671325683594
955 2.981041193008423
957 2.990039825439453
959 2.9943699836730957
960 2.9997546672821045
961 3.0040335655212402
963 3.009460926055908
965 3.0148067474365234
967 3.0197887420654297
968 3.0241057872772217
969 3.0293736457824707
971 3.0335679054260254
972 3.038944721221924
974 3.043112277984619
976 3.048412799835205
977 3.05249285697937
979 3.0576205253601074
981 3.0618646144866943
982 3.068214178085327
983 3.0723061561584473
985 3.0774993896484375
987 3.0816400051116943
988 3.0870201587677
989 3.091186761856079
991 3.0959250926971436
993 3.100461721420288
995 3.105107069015503
996 3.1102325916290283
998 3.115912914276123
999 3.1204640865325928
1001 3.1250832080841064
1003 3.130070686340332
1004 3.134472131729126
1005 3.139662981033325
1007 3.1439332962036133
1009 3.149203300476074
1010 3.1534018516540527
1012 3.1585447788238525
1014 3.1628713607788086
1015 3.1692984104156494
1017 3.173548698425293
1018 3.1789066791534424
1020 3.183089256286621
1021 3.188225507736206
1023 3.192310094833374
1024 3.197496175765991
1026 3.201674461364746
1027 3.207071542739868
1029 3.211243152618408
1031 3.2164149284362793
1033 3.221486806869507
1034 3.226881265640259
1035 3.2312190532684326
1037 3.2359778881073
1039 3.2409684658050537
1041 3.245404005050659
1042 3.2503068447113037
1044 3.2549383640289307
1045 3.259899854660034
1047 3.264230489730835
1049 3.270293951034546
1050 3.2749364376068115
1052 3.2798686027526855
1053 3.284167528152466
1054 3.2895667552948
1056 3.2937872409820557
1058 3.2992002964019775
1059 3.3034167289733887
1061 3.3087995052337646
1063 3.3128821849823
1064 3.3179948329925537
1066 3.3233087062835693
1067 3.3284101486206055
1069 3.332500696182251
1071 3.3376569747924805
1072 3.3419289588928223
1073 3.347222089767456
1075 3.3515655994415283
1077 3.356956720352173
1078 3.3611514568328857
1080 3.3659160137176514
1082 3.371678352355957
1083 3.3771140575408936
1087 3.381288766860962
1088 3.3904402256011963
1090 3.395120859146118
1091 3.400244951248169
1093 3.404927968978882
1094 3.4101004600524902
1096 3.414523124694824
1098 3.420901298522949
1099 3.425325870513916
1101 3.4302754402160645
1103 3.434929609298706
1104 3.4399194717407227
1106 3.4442617893218994
1107 3.450120449066162
1109 3.4545607566833496
1111 3.459765672683716
1112 3.4640889167785645
1114 3.469496965408325
1116 3.474949598312378
1117 3.4798834323883057
1119 3.484217882156372
1120 3.489492177963257
1122 3.4937002658843994
1123 3.499232053756714
1125 3.5034537315368652
1127 3.5087954998016357
1128 3.5129058361053467
1130 3.5181024074554443
1132 3.5234434604644775
1133 3.5289649963378906
1135 3.5331928730010986
1136 3.538344383239746
1137 3.542459487915039
1139 3.547603130340576
1141 3.551863670349121
1142 3.5572400093078613
1144 3.5614335536956787
1145 3.5665738582611084
1147 3.571018695831299
1149 3.57719349861145
1153 3.5875351428985596
1154 3.5920615196228027
1155 3.5972750186920166
1157 3.601440668106079
1159 3.606557607650757
1160 3.6110029220581055
1162 3.615403175354004
1164 3.620314359664917
1165 3.6265039443969727
1166 3.631110668182373
1168 3.6354641914367676
1170 3.6404318809509277
1172 3.645047187805176
1173 3.650158405303955
1175 3.6547889709472656
1176 3.6597561836242676
1177 3.664050340652466
1179 3.6693532466888428
1181 3.6735775470733643
1183 3.679647445678711
1184 3.683946132659912
1185 3.689220666885376
1187 3.6934216022491455
1189 3.6985599994659424
1191 3.7028608322143555
1192 3.7082667350769043
1193 3.7123749256134033
1195 3.7175607681274414
1197 3.721836805343628
1199 3.728034257888794
1200 3.7321951389312744
1201 3.7374236583709717
1203 3.7415761947631836
1204 3.7469606399536133
1206 3.75114369392395
1208 3.7558681964874268
1209 3.760867118835449
1211 3.765310049057007
1212 3.770414352416992
1214 3.7750630378723145
1216 3.7809629440307617
1219 3.7853758335113525
1220 3.7941038608551025
1221 3.7995104789733887
1223 3.8037166595458984
1225 3.809323787689209
1227 3.8135578632354736
1228 3.8191235065460205
1230 3.8233678340911865
1231 3.829526424407959
1233 3.8337130546569824
1235 3.839175224304199
1237 3.8433961868286133
1238 3.8485183715820312
1240 3.8528029918670654
1241 3.857982873916626
1243 3.8621485233306885
1244 3.8673229217529297
1246 3.8715527057647705
1248 3.8769869804382324
1249 3.8821613788604736
1250 3.8873136043548584
1252 3.891631603240967
1253 3.8970448970794678
1255 3.901262044906616
1257 3.906381607055664
1258 3.9105520248413086
1260 3.915188789367676
1261 3.9201626777648926
1263 3.9247782230377197
1265 3.9304776191711426
1267 3.935122489929199
1268 3.9400784969329834
1270 3.9444804191589355
1271 3.9498109817504883
1273 3.954169988632202
1274 3.9594407081604004
1276 3.963636875152588
1277 3.9690144062042236
1279 3.973217725753784
1281 3.9783449172973633
1283 3.9836297035217285
1284 3.989001750946045
1286 3.993194580078125
1287 3.998300075531006
1288 4.00234842300415
1290 4.007561683654785
1292 4.012133359909058
1293 4.0173070430755615
1295 4.021649360656738
1297 4.027084112167358
1298 4.03229832649231
1299 4.037499666213989
1301 4.04166841506958
1303 4.047074317932129
1304 4.051262855529785
1306 4.056383848190308
1307 4.060543537139893
1309 4.065197229385376
1311 4.070291757583618
1313 4.074920177459717
1314 4.079883575439453
1316 4.085351228713989
1317 4.09033727645874
1319 4.094964027404785
1321 4.0999109745025635
1322 4.104233026504517
1323 4.109518527984619
1325 4.113707780838013
1326 4.119174003601074
1328 4.123387336730957
1330 4.128898620605469
1331 4.133979558944702
1333 4.139300107955933
1335 4.14354133605957
1336 4.149106740951538
1338 4.153301000595093
1339 4.158405780792236
1341 4.162487983703613
1343 4.1676130294799805
1344 4.171862363815308
1345 4.177191972732544
1347 4.181381702423096
1351 4.191373348236084
1352 4.196520805358887
1353 4.20109224319458
1355 4.205461740493774
1357 4.2105724811553955
1359 4.2152135372161865
1360 4.220287799835205
1362 4.224931478500366
1363 4.229892253875732
1365 4.235323905944824
1366 4.240274906158447
1368 4.244907379150391
1369 4.250000953674316
1371 4.25432014465332
1372 4.259580373764038
1374 4.263776779174805
1375 4.269153594970703
1377 4.273379802703857
1379 4.278876781463623
1381 4.283015012741089
1382 4.289329767227173
1384 4.293542861938477
1385 4.298916578292847
1387 4.303193092346191
1389 4.308465480804443
1391 4.3125598430633545
1392 4.317965269088745
1393 4.322147607803345
1395 4.327336072921753
1397 4.3314900398254395
1399 4.33788537979126
1400 4.341921091079712
1401 4.347207069396973
1403 4.3513734340667725
1404 4.356522798538208
1406 4.360928773880005
1408 4.365340709686279
1409 4.370461702346802
1411 4.375080823898315
1412 4.380022048950195
1414 4.384329557418823
1415 4.390319108963013
1417 4.394980192184448
1419 4.399918079376221
1420 4.404261112213135
1422 4.409695625305176
1423 4.41396427154541
1425 4.419193267822266
1427 4.423424959182739
1428 4.4289445877075195
1430 4.433151006698608
1431 4.439262866973877
1433 4.443492412567139
1435 4.449435710906982
1437 4.453643083572388
1438 4.458997011184692
1440 4.463194847106934
1441 4.468304872512817
1442 4.472349166870117
1444 4.477558374404907
1445 4.481825590133667
1447 4.487119913101196
1449 4.492408990859985
1451 4.497582197189331
1452 4.501856565475464
1453 4.507182598114014
1455 4.511360168457031
1457 4.516512155532837
1458 4.520916223526001
1460 4.525322437286377
1461 4.531068325042725
1463 4.535467624664307
1465 4.5415239334106445
1467 4.546907186508179
1468 4.5512449741363525
1470 4.556403875350952
1471 4.560551166534424
1473 4.565204381942749
1475 4.570142984390259
1477 4.574791193008423
1478 4.579755783081055
1481 4.58406400680542
1482 4.5937511920928955
1484 4.59928822517395
1486 4.603532314300537
1487 4.609155893325806
1489 4.613365173339844
1490 4.618875980377197
1492 4.6230151653289795
1493 4.628200054168701
1495 4.6322643756866455
1497 4.637447118759155
1499 4.642915487289429
1500 4.6480796337127686
1501 4.652238607406616
1503 4.65742826461792
1505 4.661582946777344
1506 4.666980504989624
1508 4.671339750289917
1509 4.6765007972717285
1511 4.680899143218994
1513 4.685293674468994
1514 4.691198348999023
1516 4.696456432342529
1517 4.700830698013306
1519 4.705209255218506
1520 4.710131406784058
1522 4.714555025100708
1524 4.71977162361145
1525 4.724077939987183
1526 4.7294862270355225
1528 4.733728408813477
1530 4.739132642745972
1531 4.744251489639282
1533 4.749538421630859
1535 4.753716945648193
1536 4.759133815765381
1538 4.763324975967407
1539 4.768461465835571
1541 4.772517919540405
1543 4.777894973754883
1544 4.781931638717651
1545 4.7872068881988525
1547 4.791522264480591
1549 4.797608137130737
1551 4.802152633666992
1552 4.807300806045532
1554 4.811463356018066
1555 4.81689190864563
1557 4.821061611175537
1559 4.8254406452178955
1560 4.83040452003479
1562 4.835139036178589
1564 4.840524673461914
1565 4.8469579219818115
1566 4.851294994354248
1568 4.856401443481445
1569 4.860818862915039
1571 4.8652050495147705
1573 4.870207786560059
1576 4.874793291091919
1579 4.884157419204712
1581 4.894819974899292
1583 4.899782657623291
1584 4.9040820598602295
1585 4.909534931182861
1587 4.913727521896362
1589 4.919217586517334
1591 4.923401117324829
1592 4.928929805755615
1594 4.933133840560913
1595 4.938245534896851
1597 4.94233250617981
1599 4.948843955993652
1600 4.952910661697388
1602 4.958045959472656
1603 4.9622273445129395
1604 4.967425107955933
1606 4.9718334674835205
1607 4.977141857147217
1609 4.981326580047607
1612 4.986455917358398
1614 4.994826078414917
1615 5.0009496212005615
1617 5.005361557006836
1619 5.010444164276123
1621 5.015134334564209
1622 5.020244359970093
1624 5.024854898452759
1625 5.029934883117676
1627 5.034271240234375
1628 5.039528846740723
1631 5.043742895126343
1632 5.049881458282471
1633 5.0541863441467285
1635 5.059617757797241
1637 5.06390643119812
1638 5.069231271743774
1640 5.07342791557312
1641 5.078563451766968
1643 5.082844257354736
1644 5.0882439613342285
1645 5.092350006103516
1647 5.098884344100952
1649 5.103069305419922
1651 5.108200311660767
1652 5.112300395965576
1653 5.117498159408569
1655 5.12161922454834
1657 5.127041578292847
1658 5.131245851516724
1660 5.136388301849365
1661 5.140572786331177
1663 5.145205974578857
1665 5.151254415512085
1667 5.156387567520142
1668 5.160538196563721
1670 5.16513991355896
1671 5.170094966888428
1673 5.174514532089233
1675 5.179746389389038
1676 5.1840245723724365
1677 5.189467430114746
1679 5.193662166595459
1681 5.199755668640137
1682 5.2041075229644775
1684 5.209533452987671
1685 5.213726758956909
1687 5.219105005264282
1689 5.223311424255371
1690 5.228415012359619
1691 5.2324793338775635
1693 5.237875938415527
1695 5.241932392120361
1697 5.247199535369873
1698 5.252451419830322
1700 5.257608413696289
1701 5.26186990737915
1703 5.267196416854858
1705 5.2714948654174805
1706 5.276892900466919
1707 5.2810752391815186
1709 5.2854650020599365
1711 5.290378570556641
1713 5.295059680938721
1714 5.2999913692474365
1716 5.305458307266235
1717 5.3103930950164795
1719 5.31505560874939
1721 5.320189952850342
1722 5.3247971534729
1728 5.341925144195557
1729 5.3479790687561035
1731 5.353332042694092
1733 5.358482599258423
1734 5.362564563751221
1736 5.367960214614868
1737 5.372151851654053
1739 5.377355575561523
1741 5.381501197814941
1742 5.386904716491699
1745 5.395103693008423
1747 5.400250196456909
1749 5.406460523605347
1750 5.411040306091309
1752 5.415424346923828
1753 5.420526504516602
1755 5.425170421600342
1757 5.430152177810669
1758 5.434550762176514
1760 5.4397008419036865
1762 5.444061279296875
1763 5.450247764587402
1765 5.456467390060425
1766 5.460851669311523
1768 5.465235710144043
1769 5.470150947570801
1771 5.474787712097168
1773 5.479758977890015
1774 5.484052419662476
1775 5.489323854446411
1777 5.493541240692139
1779 5.498837947845459
1781 5.502910614013672
1782 5.509350776672363
1784 5.513572692871094
1785 5.518934488296509
1787 5.523195266723633
1789 5.528302192687988
1790 5.5323851108551025
1792 5.537582159042358
1793 5.541846752166748
1795 5.547133684158325
1797 5.551318168640137
1798 5.557405233383179
1800 5.561596155166626
1801 5.5669848918914795
1803 5.571343660354614
1804 5.576555252075195
1805 5.581134557723999
1807 5.585856914520264
1809 5.590440034866333
1811 5.595066070556641
1812 5.599992990493774
1814 5.604303359985352
1815 5.6103174686431885
1817 5.614959716796875
1819 5.619944095611572
1820 5.624268531799316
1822 5.6297078132629395
1823 5.634066343307495
1825 5.639346361160278
1827 5.643587350845337
1828 5.648945331573486
1830 5.653139352798462
1831 5.659235715866089
1833 5.663433313369751
1835 5.6685614585876465
1837 5.672868490219116
1838 5.6779985427856445
1839 5.6821582317352295
1840 5.687333106994629
1842 5.691640615463257
1844 5.697035312652588
1845 5.701273441314697
1847 5.706377267837524
1849 5.711801767349243
1850 5.7171173095703125
1852 5.721324920654297
1853 5.726531744003296
1855 5.730928897857666
1857 5.735326528549194
1858 5.740254163742065
1860 5.74487042427063
1861 5.749957323074341
1863 5.7543253898620605
1865 5.7603302001953125
1867 5.764946937561035
1868 5.769879102706909
1869 5.774154424667358
1871 5.779448986053467
1873 5.783684968948364
1875 5.78905987739563
1877 5.797571897506714
1878 5.8020899295806885
1880 5.807311773300171
1882 5.813137769699097
1883 5.818374395370483
1885 5.822429180145264
1887 5.8275721073150635
1888 5.831852436065674
1889 5.837181091308594
1891 5.841556072235107
1893 5.846909999847412
1894 5.851106882095337
1896 5.85547661781311
1898 5.861460447311401
1899 5.8668906688690186
1901 5.87131667137146
1903 5.876458406448364
1904 5.880866765975952
1906 5.885273694992065
1907 5.8901941776275635
1909 5.894821405410767
1911 5.8997814655303955
1912 5.904068470001221
1914 5.909346103668213
1916 5.91451358795166
1917 5.919746398925781
1918 5.924033164978027
1920 5.929455757141113
1922 5.933658123016357
1923 5.938999176025391
1925 5.943212509155273
1926 5.948318719863892
1927 5.952378034591675
1929 5.9575464725494385
1931 5.9630937576293945
1933 5.968427658081055
1935 5.972541570663452
1936 5.977950572967529
1937 5.982135057449341
1939 5.987291097640991
1941 5.991595506668091
1942 5.9970128536224365
