0 0.004334926605224609
0 0.010596990585327148
1 0.02036452293395996
2 0.030338048934936523
4 0.04203343391418457
6 0.052477121353149414
9 0.06131124496459961
10 0.07024168968200684
11 0.0755472183227539
13 0.07978391647338867
14 0.08533835411071777
16 0.0896003246307373
17 0.0949404239654541
19 0.09905838966369629
20 0.10426759719848633
22 0.10838079452514648
24 0.11355829238891602
26 0.11812806129455566
27 0.12441444396972656
29 0.1285233497619629
31 0.1336822509765625
32 0.13791680335998535
34 0.14322280883789062
36 0.14754915237426758
38 0.15290403366088867
39 0.1571359634399414
41 0.1619107723236084
44 0.16646647453308105
45 0.17258167266845703
47 0.17700505256652832
49 0.18142247200012207
51 0.18642234802246094
53 0.19104218482971191
55 0.1960141658782959
56 0.20034313201904297
59 0.2057793140411377
60 0.21012067794799805
62 0.21540045738220215
64 0.21961641311645508
67 0.22575879096984863
68 0.23012948036193848
70 0.23541855812072754
72 0.23966288566589355
74 0.2452082633972168
77 0.2494220733642578
78 0.2545485496520996
80 0.25859618186950684
82 0.2642700672149658
85 0.2683985233306885
86 0.2748425006866455
89 0.2789275646209717
90 0.28405094146728516
92 0.2882273197174072
94 0.29346513748168945
96 0.297605037689209
98 0.30295872688293457
100 0.30718016624450684
102 0.3119344711303711
104 0.3164937496185303
106 0.3211967945098877
108 0.3273136615753174
110 0.3324308395385742
112 0.33687829971313477
114 0.3412902355194092
116 0.34621334075927734
119 0.3508718013763428
120 0.35582637786865234
122 0.360135555267334
124 0.36541080474853516
127 0.3696439266204834
130 0.3758096694946289
132 0.38516855239868164
134 0.38938474655151367
136 0.3949108123779297
139 0.39896583557128906
140 0.40439438819885254
142 0.40850138664245605
144 0.41365575790405273
146 0.4179084300994873
149 0.4251413345336914
151 0.4293982982635498
153 0.43457651138305664
156 0.43889641761779785
157 0.44429755210876465
159 0.44840383529663086
160 0.45357227325439453
163 0.45784425735473633
164 0.46317172050476074
167 0.4673619270324707
169 0.47254014015197754
171 0.47769856452941895
173 0.4831545352935791
175 0.48735976219177246
177 0.49255990982055664
179 0.4971499443054199
181 0.5015332698822021
183 0.5068690776824951
186 0.5113084316253662
187 0.5162501335144043
190 0.5214617252349854
192 0.5274653434753418
194 0.5326054096221924
196 0.537041425704956
198 0.5414340496063232
200 0.5463683605194092
202 0.551013708114624
204 0.5559639930725098
206 0.5603599548339844
208 0.565819263458252
210 0.5701432228088379
212 0.5754296779632568
214 0.5808382034301758
216 0.5858070850372314
218 0.5901141166687012
220 0.5954201221466064
222 0.5996334552764893
224 0.6050012111663818
226 0.6092329025268555
228 0.6143569946289062
230 0.6184065341949463
232 0.6236157417297363
235 0.6293456554412842
236 0.6348679065704346
239 0.6389548778533936
240 0.6440935134887695
242 0.6482608318328857
244 0.6534855365753174
246 0.6576478481292725
248 0.663048267364502
250 0.6672465801239014
252 0.6720306873321533
255 0.6766023635864258
256 0.6830391883850098
259 0.68739914894104
260 0.692561149597168
262 0.6969590187072754
265 0.7013795375823975
266 0.7063415050506592
269 0.7109825611114502
270 0.7159411907196045
272 0.7202565670013428
275 0.7255432605743408
277 0.7308952808380127
279 0.7358529567718506
280 0.7401652336120605
282 0.7455942630767822
285 0.7497835159301758
286 0.7551500797271729
289 0.7594099044799805
290 0.7649619579315186
293 0.7691359519958496
295 0.7742886543273926
299 0.7783873081207275
300 0.78826904296875
303 0.79347825050354
305 0.7979094982147217
306 0.8032193183898926
309 0.8076267242431641
310 0.8130733966827393
312 0.8172380924224854
315 0.8220231533050537
316 0.8266088962554932
319 0.8329801559448242
321 0.8371744155883789
323 0.8419511318206787
325 0.8465847969055176
328 0.8512158393859863
335 0.8603396415710449
337 0.8756978511810303
340 0.8800101280212402
342 0.8861629962921143
344 0.8905997276306152
346 0.8962368965148926
348 0.9008300304412842
350 0.9058537483215332
352 0.9101641178131104
353 0.9154386520385742
356 0.9196927547454834
357 0.9252197742462158
360 0.9294266700744629
362 0.9354391098022461
364 0.9396488666534424
366 0.9450294971466064
368 0.9492397308349609
370 0.9543216228485107
372 0.95839524269104
374 0.963576078414917
376 0.968604326248169
378 0.9751372337341309
381 0.979346752166748
382 0.985619306564331
385 0.9899494647979736
386 0.9952669143676758
389 0.9994630813598633
391 1.0046236515045166
393 1.0089366436004639
395 1.0140693187713623
396 1.018218755722046
398 1.0234148502349854
401 1.0278699398040771
403 1.0332376956939697
405 1.0384228229522705
408 1.0436179637908936
409 1.048124074935913
411 1.053330898284912
413 1.0575528144836426
415 1.0629100799560547
416 1.0670902729034424
419 1.071488618850708
421 1.0764241218566895
423 1.081021785736084
425 1.0870370864868164
428 1.0914504528045654
429 1.0963878631591797
432 1.1010043621063232
433 1.1060986518859863
435 1.1104068756103516
437 1.1156256198883057
439 1.1198301315307617
441 1.125199317932129
444 1.1294069290161133
446 1.1349339485168457
448 1.1400480270385742
449 1.1453702449798584
452 1.1495826244354248
453 1.155092477798462
456 1.1592776775360107
458 1.1645736694335938
460 1.1688904762268066
462 1.1740498542785645
465 1.1782310009002686
468 1.1881277561187744
469 1.1933903694152832
472 1.1976649761199951
474 1.203071117401123
476 1.2073957920074463
478 1.2125451564788818
479 1.2171318531036377
482 1.2215485572814941
484 1.226895809173584
486 1.2312746047973633
488 1.2362234592437744
490 1.2424123287200928
492 1.2465760707855225
494 1.2512562274932861
496 1.2561883926391602
498 1.2606103420257568
500 1.26578950881958
502 1.2700512409210205
505 1.2753868103027344
508 1.2835063934326172
510 1.2879321575164795
512 1.2942571640014648
514 1.2983574867248535
515 1.3035480976104736
518 1.3077328205108643
519 1.3131310939788818
521 1.3173024654388428
524 1.322439193725586
525 1.326601266860962
528 1.3312671184539795
530 1.3362083435058594
532 1.341538906097412
534 1.346609354019165
536 1.3512613773345947
538 1.3561787605285645
540 1.3608431816101074
542 1.3657917976379395
544 1.3700575828552246
545 1.3753604888916016
548 1.3796491622924805
550 1.3850514888763428
552 1.3892462253570557
554 1.3954343795776367
556 1.3996284008026123
558 1.4051358699798584
560 1.409327745437622
562 1.414851188659668
564 1.418917179107666
566 1.4249954223632812
569 1.429194688796997
570 1.4343209266662598
573 1.4383859634399414
574 1.4449536800384521
577 1.4491207599639893
579 1.4542622566223145
580 1.45835542678833
583 1.4635114669799805
584 1.467914342880249
586 1.4732556343078613
589 1.4774456024169922
590 1.4825658798217773
592 1.4869694709777832
594 1.4931659698486328
597 1.4973771572113037
599 1.5025572776794434
600 1.5069549083709717
603 1.5113575458526611
605 1.5162959098815918
607 1.5209031105041504
609 1.5260214805603027
610 1.5303318500518799
612 1.5355780124664307
616 1.5397791862487793
617 1.5460238456726074
619 1.5503931045532227
620 1.5556044578552246
623 1.5597963333129883
624 1.5651485919952393
627 1.5693755149841309
629 1.5744898319244385
632 1.578585147857666
635 1.5876202583312988
637 1.5929977893829346
639 1.598294973373413
641 1.6034889221191406
643 1.6079161167144775
646 1.61323881149292
647 1.6181964874267578
649 1.6233806610107422
651 1.627530813217163
653 1.6329560279846191
655 1.637157678604126
657 1.6415231227874756
660 1.647587776184082
661 1.652956485748291
663 1.6571733951568604
666 1.661949872970581
667 1.6664884090423584
670 1.6711289882659912
671 1.6762242317199707
674 1.6808407306671143
676 1.6858220100402832
677 1.6901209354400635
680 1.6961674690246582
682 1.7008240222930908
684 1.7059552669525146
686 1.7102830410003662
687 1.7155444622039795
690 1.7197487354278564
692 1.7251205444335938
694 1.7293293476104736
696 1.7344655990600586
697 1.7385144233703613
700 1.7436611652374268
702 1.7492492198944092
704 1.7543702125549316
706 1.7584540843963623
708 1.7636146545410156
710 1.7680995464324951
712 1.773317575454712
714 1.7774748802185059
716 1.7825901508331299
717 1.7869904041290283
720 1.7913765907287598
722 1.7974061965942383
724 1.8025851249694824
726 1.8071622848510742
728 1.8115286827087402
736 1.8290643692016602
737 1.8342716693878174
739 1.8383569717407227
741 1.8435394763946533
744 1.8489243984222412
746 1.8541233539581299
749 1.8582794666290283
752 1.8663973808288574
754 1.8751256465911865
756 1.879378080368042
758 1.8848605155944824
761 1.8889374732971191
762 1.894071102142334
765 1.89823579788208
767 1.904524803161621
768 1.908571481704712
771 1.913966417312622
772 1.9181268215179443
774 1.92333984375
777 1.9275033473968506
778 1.9329369068145752
780 1.9372811317443848
782 1.9424316883087158
785 1.9470224380493164
786 1.9532625675201416
789 1.9574573040008545
791 1.9628465175628662
792 1.9670493602752686
795 1.9734172821044922
798 1.9775683879852295
801 1.9863343238830566
804 1.990992546081543
805 1.9960575103759766
808 2.0014760494232178
809 2.0069196224212646
812 2.0113577842712402
814 2.0164754390716553
816 2.021132469177246
818 2.02607798576355
819 2.030383825302124
821 2.0356245040893555
824 2.039963483810425
825 2.0452218055725098
828 2.0494298934936523
829 2.055579900741577
832 2.05977725982666
834 2.0653672218322754
836 2.069634199142456
838 2.0749974250793457
840 2.079176187515259
842 2.0842905044555664
844 2.0883820056915283
845 2.093559980392456
848 2.0978760719299316
850 2.104088544845581
852 2.1082544326782227
854 2.1134631633758545
856 2.117614507675171
858 2.1230201721191406
860 2.127391815185547
862 2.1325461864471436
864 2.1369426250457764
866 2.141336441040039
868 2.1462388038635254
870 2.1508967876434326
872 2.156895637512207
874 2.161275625228882
876 2.1661946773529053
878 2.170830488204956
880 2.1758241653442383
882 2.180128335952759
884 2.1855249404907227
886 2.18973970413208
888 2.1952991485595703
890 2.199510097503662
892 2.20560622215271
894 2.2099342346191406
896 2.215219497680664
899 2.21941876411438
900 2.2245428562164307
903 2.2288453578948975
904 2.234035015106201
906 2.2382004261016846
908 2.243360757827759
910 2.247649669647217
913 2.253018856048584
914 2.2582263946533203
916 2.263437032699585
919 2.267625331878662
920 2.2730367183685303
922 2.277233600616455
924 2.2819864749908447
926 2.2865304946899414
929 2.291172742843628
930 2.296128034591675
933 2.3005011081695557
934 2.306586742401123
937 2.311274290084839
939 2.3162500858306885
941 2.320863962173462
943 2.3259780406951904
944 2.330287218093872
946 2.3355419635772705
949 2.3397326469421387
950 2.345216751098633
953 2.3493990898132324
954 2.35451078414917
957 2.3598155975341797
959 2.36537766456604
961 2.3696203231811523
963 2.375389337539673
967 2.3795878887176514
969 2.3883631229400635
971 2.393552780151367
973 2.3979177474975586
975 2.4032323360443115
978 2.408592700958252
980 2.4141244888305664
981 2.41831111907959
984 2.424597978591919
986 2.428877830505371
988 2.434051513671875
990 2.4382212162017822
991 2.443446159362793
994 2.447606086730957
996 2.4530351161956787
998 2.45739483833313
1000 2.463576078414917
1002 2.4677329063415527
1004 2.473153829574585
1006 2.4773452281951904
1008 2.4825053215026855
1010 2.4870851039886475
1012 2.4914958477020264
1014 2.4964311122894287
1016 2.501063585281372
1018 2.506061315536499
1020 2.511472463607788
1022 2.51643443107605
1025 2.52107310295105
1026 2.526021957397461
1028 2.530333995819092
1030 2.535637617111206
1032 2.539933204650879
1034 2.5453784465789795
1036 2.5496129989624023
1038 2.554962396621704
1040 2.559142827987671
1042 2.5653722286224365
1045 2.5696139335632324
1046 2.5749924182891846
1049 2.5791733264923096
1051 2.5844662189483643
1052 2.5885863304138184
1055 2.5939736366271973
1056 2.5979959964752197
1058 2.6032874584198
1062 2.607600212097168
1063 2.6140003204345703
1065 2.618147373199463
1066 2.623326301574707
1069 2.6275036334991455
1071 2.6328790187835693
1072 2.6370608806610107
1075 2.641490936279297
1076 2.6464343070983887
1079 2.6510562896728516
1081 2.655994415283203
1083 2.6603198051452637
1085 2.666489839553833
1088 2.6711323261260986
1089 2.6760802268981934
1091 2.6803877353668213
1092 2.68562912940979
1095 2.6899757385253906
1096 2.6952342987060547
1099 2.699453830718994
1101 2.704591751098633
1103 2.7088897228240967
1105 2.71528959274292
1108 2.719510555267334
1109 2.725038528442383
1112 2.729238271713257
1113 2.7343478202819824
1115 2.7384192943573
1116 2.743574619293213
1119 2.7478554248809814
1121 2.7531824111938477
1123 2.7573978900909424
1125 2.7625653743743896
1128 2.767895460128784
1129 2.7731986045837402
1132 2.7773940563201904
1135 2.7825753688812256
1138 2.7911133766174316
1139 2.7961976528167725
1142 2.8008506298065186
1143 2.8059921264648438
1146 2.8103392124176025
1148 2.816455841064453
1150 2.821105718612671
1152 2.8260765075683594
1153 2.8303987979888916
1155 2.835639238357544
1158 2.8399455547332764
1159 2.845468521118164
1162 2.849684476852417
1164 2.8550217151641846
1166 2.859252452850342
1168 2.864365577697754
1170 2.8696250915527344
1172 2.8750016689300537
1174 2.8791935443878174
1176 2.8842904567718506
1178 2.888395309448242
1179 2.893627643585205
1182 2.8978898525238037
1184 2.9032235145568848
1186 2.907567262649536
1188 2.912952423095703
1190 2.918231964111328
1192 2.9234402179718018
1194 2.9276034832000732
1196 2.932997465133667
1198 2.937178134918213
1200 2.941544771194458
1202 2.9464643001556396
1204 2.9511122703552246
1206 2.9565584659576416
1208 2.9611923694610596
1211 2.9673502445220947
1213 2.972576141357422
1214 2.9771461486816406
1217 2.981527328491211
1218 2.986449956893921
1221 2.991096019744873
1223 2.9960601329803467
1224 3.000387668609619
1226 3.0056045055389404
1228 3.009779691696167
1231 3.015164375305176
1234 3.0202810764312744
1235 3.0262181758880615
1238 3.0308501720428467
1239 3.0358221530914307
1241 3.0401556491851807
1243 3.0454463958740234
1245 3.0496888160705566
1247 3.055101156234741
1250 3.059282064437866
1251 3.064422130584717
1254 3.069593667984009
1255 3.074958562850952
1258 3.0791831016540527
1260 3.084459066390991
1261 3.088515043258667
1264 3.0936882495880127
1265 3.0979278087615967
1267 3.103224754333496
1270 3.1075546741485596
1271 3.112950563430786
1274 3.117121458053589
1275 3.123332977294922
1278 3.1275041103363037
1280 3.13289737701416
1281 3.137112617492676
1284 3.141494035720825
1285 3.1465952396392822
1288 3.151216745376587
1290 3.156149387359619
1292 3.160876512527466
1294 3.165811061859131
1296 3.171201705932617
1298 3.176161527633667
1300 3.1805787086486816
1304 3.1857693195343018
1306 3.194610834121704
1308 3.1988987922668457
1310 3.204389810562134
1311 3.208488702774048
1314 3.213667154312134
1316 3.2181475162506104
1318 3.2244718074798584
1320 3.228544235229492
1322 3.233661413192749
1324 3.238189220428467
1326 3.2434208393096924
1328 3.2476446628570557
1330 3.2530152797698975
1331 3.2572240829467773
1334 3.261992931365967
1336 3.2669224739074707
1338 3.2731103897094727
1340 3.2773044109344482
1342 3.282437562942505
1344 3.2866122722625732
1346 3.2912611961364746
1348 3.2962350845336914
1350 3.3008646965026855
1352 3.3058664798736572
1354 3.31018328666687
1356 3.3154420852661133
1359 3.319676637649536
1360 3.325880765914917
1362 3.3301734924316406
1364 3.3354380130767822
1366 3.3396599292755127
1368 3.3450162410736084
1370 3.3492279052734375
1372 3.3543784618377686
1374 3.3584959506988525
1376 3.3636467456817627
1378 3.3681740760803223
1381 3.3744606971740723
1382 3.3785576820373535
1385 3.3841381072998047
1386 3.3883144855499268
1388 3.393474817276001
1390 3.3976149559020996
1392 3.403002977371216
1394 3.4072015285491943
1396 3.411958694458008
1398 3.4165284633636475
1400 3.4211840629577637
1403 3.4276950359344482
1405 3.433142900466919
1406 3.4373247623443604
1409 3.4424471855163574
1411 3.447033643722534
1413 3.45143723487854
1415 3.4563400745391846
1417 3.46101450920105
1419 3.4659464359283447
1421 3.4702630043029785
1423 3.4761857986450195
1426 3.4808504581451416
1427 3.4858129024505615
1429 3.490114688873291
1431 3.495537519454956
1433 3.4997165203094482
1435 3.505272388458252
1437 3.5094707012176514
1439 3.514833688735962
1442 3.5189321041107178
1443 3.5240867137908936
1446 3.5294888019561768
1447 3.5348403453826904
1450 3.538919687271118
1452 3.544079542160034
1453 3.5482420921325684
1455 3.5534567832946777
1457 3.557615280151367
1459 3.562990665435791
1461 3.5673418045043945
1463 3.5725138187408447
1470 3.5840771198272705
1472 3.592956304550171
1473 3.5972869396209717
1476 3.6024529933929443
1478 3.6070384979248047
1480 3.611464023590088
1482 3.6165387630462646
1484 3.62117862701416
1486 3.6263322830200195
1488 3.6325523853302
1490 3.6369729042053223
1492 3.641376256942749
1494 3.646324396133423
1497 3.650942802429199
1498 3.655931234359741
1500 3.6602163314819336
1502 3.6654796600341797
1504 3.669743299484253
1507 3.675178050994873
1508 3.68032169342041
1511 3.685758590698242
1512 3.690068483352661
1514 3.6953864097595215
1517 3.6996042728424072
1518 3.7049639225006104
1521 3.7092649936676025
1522 3.714402914047241
1524 3.7184767723083496
1527 3.723639726638794
1529 3.7279062271118164
1531 3.734081268310547
1532 3.7382583618164062
1534 3.7434561252593994
1537 3.7478885650634766
1538 3.7531967163085938
1541 3.7575459480285645
1543 3.762993812561035
1544 3.7671866416931152
1547 3.771958589553833
1549 3.7764995098114014
1551 3.782590866088867
1553 3.787003517150879
1555 3.7913928031921387
1557 3.7963438034057617
1559 3.8009884357452393
1561 3.8060855865478516
1564 3.8104186058044434
1567 3.8197131156921387
1568 3.8251030445098877
1571 3.8292858600616455
1573 3.8354461193084717
1575 3.839679479598999
1577 3.845120429992676
1579 3.849307060241699
1581 3.8544809818267822
1583 3.8585715293884277
1585 3.8641302585601807
1587 3.86830997467041
1588 3.873494863510132
1592 3.8776636123657227
1594 3.884265899658203
1595 3.888373613357544
1597 3.89353084564209
1599 3.8976542949676514
1601 3.903062343597412
1603 3.9072301387786865
1605 3.9119863510131836
1607 3.9165291786193848
1610 3.9211833477020264
1611 3.9263229370117188
1614 3.930985927581787
1615 3.9366085529327393
1618 3.9412598609924316
1620 3.946223497390747
1622 3.9508533477783203
1624 3.9558279514312744
1625 3.9601709842681885
1627 3.9654579162597656
1630 3.9696810245513916
1631 3.9750497341156006
1634 3.9792556762695312
1638 3.9855103492736816
1640 3.9944393634796143
1641 3.998540163040161
1644 4.003679037094116
1645 4.0082361698150635
1648 4.013441801071167
1650 4.017914056777954
1651 4.023210287094116
1654 4.027417182922363
1655 4.0325727462768555
1658 4.037728786468506
1660 4.043132781982422
1662 4.047480821609497
1664 4.052615642547607
1666 4.0570244789123535
1668 4.061415910720825
1670 4.066360712051392
1672 4.070996284484863
1674 4.0759406089782715
1676 4.0802435874938965
1678 4.0861897468566895
1680 4.090870141983032
1682 4.095849514007568
1684 4.100160121917725
1686 4.1055827140808105
1688 4.109760761260986
1690 4.1151487827301025
1692 4.119389772415161
1694 4.124528884887695
1696 4.128560781478882
1698 4.133916616439819
1700 4.139310121536255
1702 4.144613981246948
1705 4.148930311203003
1706 4.154069900512695
1708 4.158234119415283
1710 4.163446426391602
1712 4.1678688526153564
1714 4.173194646835327
1716 4.177404880523682
1718 4.182549476623535
1720 4.1878416538238525
1722 4.193166494369507
1725 4.197345733642578
1726 4.202549695968628
1728 4.206967115402222
1730 4.211397409439087
1732 4.2163474559783936
1735 4.220988750457764
1736 4.226098537445068
1738 4.230509519577026
1740 4.235663175582886
1743 4.241182088851929
1745 4.246133327484131
1746 4.2505505084991455
1749 4.255733251571655
1750 4.2600181102752686
1752 4.26530647277832
1755 4.269482374191284
1756 4.275021076202393
1759 4.279214382171631
1761 4.2845165729522705
1763 4.289782285690308
1765 4.295202016830444
1767 4.299394607543945
1769 4.304534912109375
1772 4.308611869812012
1773 4.314992904663086
1776 4.31920313835144
1777 4.324469089508057
1779 4.328520059585571
1782 4.333658933639526
1784 4.3392603397369385
1786 4.344838619232178
1788 4.348896741867065
1790 4.354048490524292
1792 4.358213186264038
1793 4.363351345062256
1796 4.367524147033691
1797 4.372891902923584
1799 4.377084970474243
1802 4.381483793258667
1806 4.386429309844971
1808 4.396073818206787
1810 4.4003942012786865
1812 4.405889511108398
1813 4.410189151763916
1815 4.415597915649414
1818 4.419816255569458
1820 4.425803184509277
1822 4.430097818374634
1823 4.435386896133423
1826 4.440563678741455
1828 4.445796012878418
1830 4.450103044509888
1832 4.4553728103637695
1834 4.4596107006073
1836 4.4651196002960205
1838 4.469281435012817
1840 4.474419355392456
1842 4.478489398956299
1844 4.483638763427734
1846 4.487898349761963
1848 4.494269609451294
1850 4.49836540222168
1852 4.503545761108398
1854 4.507695436477661
1856 4.5131096839904785
1858 4.5173163414001465
1860 4.522446870803833
1862 4.527020215988159
1864 4.5314600467681885
1866 4.536611795425415
1868 4.54299783706665
1870 4.5472187995910645
1872 4.551998138427734
1874 4.5565385818481445
1877 4.561206579208374
1878 4.566147089004517
1880 4.570569038391113
1882 4.575755596160889
1884 4.5801239013671875
1886 4.585554361343384
1889 4.589746713638306
1891 4.59587550163269
1892 4.600218296051025
1894 4.605514764785767
1897 4.609719276428223
1898 4.615087985992432
1901 4.619269371032715
1903 4.624403476715088
1904 4.628469944000244
1906 4.6336328983306885
1908 4.637959718704224
1911 4.643284320831299
1913 4.6485676765441895
1915 4.653896331787109
1917 4.657970666885376
1918 4.663247585296631
1921 4.667559623718262
1923 4.672992706298828
1924 4.677218675613403
1927 4.6819908618927
1928 4.686520576477051
1931 4.69115686416626
1933 4.697142601013184
1935 4.701519966125488
1937 4.706617832183838
1939 4.711248874664307
1941 4.716167449951172
1944 4.720595121383667
1945 4.725780248641968
1947 4.730079889297485
1948 4.735424280166626
1951 4.739621162414551
1954 4.744957447052002
1955 4.750078916549683
1957 4.755365610122681
1960 4.759618282318115
1961 4.765138387680054
1964 4.769369840621948
1965 4.7744879722595215
1968 4.778576612472534
1970 4.783998489379883
1974 4.788126230239868
1975 4.79814887046814
1977 4.80338191986084
1980 4.8076701164245605
1981 4.813069581985474
1984 4.817403554916382
1985 4.823333024978638
1988 4.827831268310547
1990 4.833163499832153
1991 4.8373260498046875
1994 4.842454671859741
1996 4.847727537155151
1998 4.8531553745269775
2000 4.857310771942139
2002 4.862441539764404
2004 4.866616249084473
2006 4.871242046356201
2008 4.876164674758911
2010 4.8806068897247314
2012 4.885954141616821
2014 4.890259027481079
2016 4.895732164382935
2019 4.901215314865112
2020 4.906163215637207
2023 4.910587310791016
2024 4.9158241748809814
2026 4.920138359069824
2028 4.9255452156066895
2030 4.929755687713623
2032 4.93512225151062
2034 4.939311742782593
2036 4.944613933563232
2039 4.9497411251068115
2040 4.955233097076416
2043 4.959425210952759
2045 4.964539527893066
2047 4.968611478805542
2049 4.9740190505981445
2050 4.97817063331604
2052 4.983367919921875
2054 4.987529993057251
2056 4.992903232574463
2059 4.997107744216919
2060 5.0032618045806885
2063 5.007642507553101
2065 5.0130133628845215
2066 5.0172295570373535
2069 5.021992444992065
2070 5.026573896408081
2073 5.0312111377716064
2075 5.036174297332764
2077 5.040605783462524
2079 5.045783042907715
2081 5.0511956214904785
2083 5.056360244750977
2086 5.060984373092651
2087 5.066088438034058
2089 5.070393800735474
2090 5.0756120681762695
2093 5.079827547073364
2095 5.085222005844116
2097 5.089414119720459
2099 5.094539165496826
2101 5.098592758178711
2103 5.1051926612854
2106 5.1094512939453125
2107 5.114576816558838
2110 5.118845224380493
2112 5.124156713485718
2113 5.128350734710693
2115 5.133530378341675
2117 5.1378350257873535
2119 5.1431565284729
2121 5.147323131561279
2123 5.153510808944702
2126 5.1576409339904785
2127 5.16305947303772
2129 5.167232990264893
2132 5.171974182128906
2133 5.1766133308410645
2136 5.18125581741333
2137 5.186365604400635
2141 5.191020727157593
2144 5.199599742889404
2146 5.205813884735107
2147 5.210097789764404
2149 5.2155516147613525
2152 5.219750165939331
2153 5.225277423858643
2156 5.2294676303863525
2158 5.234586000442505
2160 5.2388505935668945
2162 5.244276762008667
2163 5.248353004455566
2166 5.254598617553711
2168 5.258929014205933
2170 5.264059782028198
2172 5.268206596374512
2173 5.273422479629517
2176 5.277576446533203
2178 5.2829344272613525
2179 5.287128925323486
2182 5.291515350341797
2183 5.296451568603516
2186 5.301111221313477
2188 5.307182550430298
2190 5.3115458488464355
2192 5.316861629486084
2196 5.3271074295043945
2198 5.331536054611206
2200 5.336443185806274
2202 5.341072082519531
2204 5.346035003662109
2206 5.350383758544922
2208 5.356439828872681
2211 5.361135482788086
2212 5.3662238121032715
2215 5.370886564254761
2217 5.375827789306641
2218 5.380126953125
2220 5.385449171066284
2222 5.389673471450806
2224 5.395043849945068
2227 5.399242162704468
2228 5.4043614864349365
2231 5.409711837768555
2232 5.415089845657349
2235 5.419268846511841
2237 5.425408840179443
2239 5.429609537124634
2241 5.434946298599243
2244 5.43914532661438
2245 5.444443225860596
2247 5.448519706726074
2249 5.45367693901062
2252 5.459191799163818
2254 5.464374780654907
2255 5.468445539474487
2257 5.473604917526245
2259 5.477874517440796
2261 5.483176946640015
2264 5.487494230270386
2265 5.492902994155884
2267 5.497088670730591
2269 5.501500844955444
2272 5.506437540054321
2274 5.512879848480225
2275 5.517076015472412
2278 5.521506071090698
2280 5.527434825897217
2282 5.53260612487793
2284 5.537017107009888
2286 5.541398763656616
2288 5.546520471572876
2290 5.55116081237793
2292 5.55616569519043
2294 5.561975479125977
2296 5.566527843475342
2298 5.571198463439941
2300 5.5763304233551025
2303 5.580986738204956
2304 5.585924386978149
2308 5.590235233306885
2310 5.599301338195801
2312 5.604896306991577
2314 5.608952522277832
2316 5.6154396533966064
2318 5.619664430618286
2320 5.625197887420654
2323 5.629403591156006
2324 5.634532451629639
2326 5.638581991195679
2329 5.64396333694458
2330 5.64810037612915
2332 5.653296232223511
2334 5.657469034194946
2337 5.6636223793029785
2339 5.668153524398804
2340 5.67334771156311
2343 5.677503824234009
2344 5.682981014251709
2346 5.687204122543335
2349 5.6919496059417725
2350 5.696475028991699
2353 5.701135158538818
2354 5.706225633621216
2357 5.710855722427368
2359 5.716525077819824
2361 5.721174478530884
2363 5.7263007164001465
2365 5.730939626693726
2367 5.735894680023193
2369 5.740198373794556
2370 5.7454845905303955
2373 5.749691724777222
2374 5.755061388015747
2377 5.759246349334717
2379 5.7653679847717285
2381 5.769617080688477
2383 5.774963855743408
2386 5.7791571617126465
2387 5.784444808959961
2389 5.7885167598724365
2391 5.793911695480347
2393 5.797947406768799
2394 5.803239583969116
2397 5.807432174682617
2399 5.812563896179199
2401 5.81784725189209
2403 5.823145866394043
2405 5.8273091316223145
2407 5.832425832748413
2409 5.837048292160034
2411 5.841440200805664
2413 5.846623420715332
2416 5.851301670074463
2417 5.856212377548218
2420 5.860614538192749
2421 5.866501092910767
2424 5.871142625808716
2426 5.876129150390625
2427 5.880566835403442
2430 5.885734558105469
2431 5.890019655227661
2433 5.895298480987549
2436 5.899522304534912
2437 5.905024528503418
2440 5.9092278480529785
2442 5.914348602294922
2444 5.919542551040649
2446 5.924953937530518
2448 5.929143190383911
2452 5.936114072799683
2453 5.9435508251190186
2456 5.94771146774292
2457 5.953152894973755
2459 5.9573163986206055
2462 5.9624621868133545
2464 5.967975378036499
2466 5.973281621932983
2468 5.977449417114258
2470 5.9826061725616455
2472 5.987018346786499
2475 5.991401195526123
2477 5.999974966049194
