0 0.0034062862396240234
0 0.01586461067199707
1 0.02641749382019043
3 0.03680849075317383
5 0.045366525650024414
7 0.05535483360290527
10 0.0643472671508789
11 0.07175111770629883
12 0.07707738876342773
14 0.08129763603210449
16 0.0864412784576416
17 0.09084630012512207
19 0.0952596664428711
21 0.10017824172973633
23 0.10481786727905273
25 0.10981512069702148
27 0.11413264274597168
29 0.12021613121032715
31 0.1248633861541748
33 0.12980914115905762
35 0.13418245315551758
37 0.13944530487060547
39 0.14376521110534668
41 0.14923810958862305
44 0.15346670150756836
46 0.15888118743896484
49 0.16309070587158203
50 0.1682605743408203
55 0.17346930503845215
57 0.18229293823242188
60 0.18749618530273438
62 0.19202685356140137
63 0.19721460342407227
67 0.20151233673095703
68 0.20693516731262207
71 0.21126675605773926
74 0.21645021438598633
76 0.2217864990234375
78 0.22709083557128906
81 0.2312920093536377
83 0.23641657829284668
85 0.2410275936126709
88 0.24579358100891113
90 0.25035762786865234
93 0.2550172805786133
95 0.25998783111572266
98 0.26443958282470703
100 0.26972341537475586
103 0.2751920223236084
105 0.2803020477294922
108 0.2849571704864502
110 0.289914608001709
113 0.2942500114440918
115 0.2996551990509033
117 0.303955078125
119 0.3092200756072998
122 0.3134286403656006
124 0.3187751770019531
127 0.3238072395324707
129 0.32913851737976074
132 0.3333933353424072
134 0.3387265205383301
137 0.34278202056884766
139 0.34795284271240234
141 0.35215330123901367
144 0.357316255569458
146 0.3617238998413086
148 0.3670382499694824
151 0.3721930980682373
154 0.37746572494506836
156 0.3817477226257324
158 0.38704609870910645
161 0.3912539482116699
163 0.3972489833831787
166 0.4014408588409424
168 0.4068586826324463
171 0.4112422466278076
173 0.41642093658447266
176 0.4210226535797119
178 0.4272334575653076
181 0.43139052391052246
183 0.4368429183959961
185 0.44105982780456543
188 0.44583725929260254
190 0.4503638744354248
193 0.45500612258911133
195 0.4600186347961426
199 0.464658260345459
201 0.46963977813720703
203 0.47499871253967285
205 0.4801452159881592
209 0.48479580879211426
211 0.48982739448547363
213 0.49416351318359375
215 0.4994239807128906
217 0.5036318302154541
220 0.5089864730834961
223 0.513207197189331
225 0.5183658599853516
228 0.5226833820343018
230 0.5290701389312744
233 0.5332984924316406
235 0.5388462543487549
238 0.5430843830108643
240 0.5482132434844971
242 0.5523076057434082
245 0.5574831962585449
247 0.5617740154266357
249 0.5670819282531738
252 0.571314811706543
256 0.5811190605163574
259 0.5863018035888672
261 0.5908598899841309
264 0.5952742099761963
266 0.6004481315612793
269 0.6050844192504883
271 0.6101820468902588
274 0.6148068904876709
276 0.6197497844696045
279 0.6240720748901367
281 0.6301217079162598
284 0.6347510814666748
286 0.6396663188934326
288 0.6439788341522217
291 0.6492645740509033
293 0.6535348892211914
295 0.6590485572814941
299 0.6632997989654541
301 0.6688542366027832
303 0.6730568408966064
305 0.6790931224822998
309 0.6832995414733887
311 0.6884334087371826
314 0.692732572555542
316 0.6979029178619385
318 0.7020654678344727
320 0.7072875499725342
323 0.7114369869232178
325 0.7168183326721191
327 0.7211639881134033
330 0.7262849807739258
333 0.7314972877502441
335 0.7369391918182373
337 0.7411267757415771
340 0.7462491989135742
342 0.7504253387451172
345 0.7550673484802246
347 0.7600057125091553
350 0.764674186706543
352 0.7696683406829834
355 0.7739932537078857
357 0.7801380157470703
360 0.7847628593444824
362 0.7897052764892578
364 0.7939989566802979
366 0.7994334697723389
369 0.8036463260650635
371 0.8090367317199707
374 0.8132486343383789
376 0.8186933994293213
379 0.8227770328521729
381 0.8279321193695068
385 0.8332948684692383
387 0.8388278484344482
389 0.8430197238922119
392 0.8481390476226807
394 0.8522076606750488
397 0.8574585914611816
399 0.8617205619812012
401 0.8670346736907959
404 0.8712043762207031
407 0.8763868808746338
409 0.881751298904419
411 0.8870518207550049
414 0.8912937641143799
416 0.896420955657959
418 0.9010457992553711
421 0.905792236328125
423 0.9103310108184814
426 0.9149675369262695
428 0.9199094772338867
431 0.9242181777954102
433 0.9296700954437256
436 0.9351286888122559
438 0.940056324005127
441 0.9446542263031006
443 0.9495999813079834
445 0.9539027214050293
447 0.9593515396118164
450 0.9635612964630127
452 0.968919038772583
455 0.9731135368347168
460 0.982771635055542
462 0.9882047176361084
464 0.9922926425933838
467 0.9974586963653564
469 1.0019645690917969
471 1.007206916809082
475 1.0114867687225342
477 1.0169041156768799
479 1.021240234375
482 1.0263752937316895
485 1.0307917594909668
487 1.0369713306427002
489 1.0411429405212402
492 1.0462393760681152
494 1.0504181385040283
497 1.0550649166107178
499 1.060145378112793
502 1.064790964126587
504 1.0697002410888672
506 1.0740203857421875
509 1.0794291496276855
512 1.084808349609375
514 1.0897586345672607
516 1.0940797328948975
518 1.0993473529815674
521 1.1035497188568115
523 1.1088926792144775
526 1.113069772720337
528 1.1181941032409668
530 1.1222853660583496
532 1.1274478435516357
536 1.1317112445831299
538 1.1382811069488525
540 1.1423566341400146
543 1.1477344036102295
545 1.151782751083374
547 1.1570782661437988
551 1.161259412765503
553 1.166386604309082
555 1.170792818069458
557 1.1752102375030518
559 1.1801505088806152
563 1.1863548755645752
565 1.1909384727478027
568 1.1953258514404297
570 1.200415849685669
573 1.2050786018371582
575 1.2100367546081543
578 1.214656114578247
580 1.2196059226989746
582 1.2238948345184326
584 1.229217290878296
587 1.2334280014038086
590 1.2395572662353516
592 1.243847131729126
594 1.2491390705108643
597 1.2533297538757324
599 1.2588634490966797
602 1.2630650997161865
604 1.2681677341461182
606 1.27223801612854
608 1.2773938179016113
611 1.2815320491790771
614 1.2879071235656738
616 1.2920751571655273
618 1.297281265258789
621 1.3014206886291504
623 1.306764841079712
625 1.3109569549560547
628 1.315364122390747
630 1.3207175731658936
633 1.3251309394836426
635 1.3300461769104004
639 1.3344495296478271
641 1.3404297828674316
643 1.3450796604156494
645 1.3500113487243652
649 1.3546597957611084
651 1.359670877456665
653 1.363957166671753
655 1.3692262172698975
658 1.373441219329834
662 1.3789663314819336
665 1.3888602256774902
668 1.3931493759155273
670 1.3992621898651123
673 1.4034805297851562
675 1.4089751243591309
678 1.4132049083709717
680 1.4183480739593506
683 1.4224474430084229
685 1.4278631210327148
687 1.4320290088653564
690 1.437220573425293
693 1.442784309387207
695 1.4482221603393555
697 1.452298641204834
699 1.4574558734893799
702 1.4617109298706055
704 1.4670345783233643
707 1.4712252616882324
709 1.4763803482055664
711 1.4807639122009277
714 1.485177755355835
716 1.4911549091339111
719 1.496321439743042
721 1.5008904933929443
725 1.5053448677062988
727 1.5102882385253906
729 1.5152945518493652
731 1.5209076404571533
735 1.5252888202667236
737 1.5302867889404297
740 1.5349395275115967
741 1.5398976802825928
745 1.545339584350586
747 1.5502564907073975
750 1.5549037456512451
752 1.5600109100341797
755 1.5644383430480957
757 1.5696196556091309
759 1.573899745941162
761 1.5793483257293701
764 1.5835835933685303
767 1.5890228748321533
769 1.5941166877746582
771 1.5993905067443848
774 1.603590726852417
776 1.608976125717163
779 1.6132044792175293
781 1.6187171936035156
784 1.6227679252624512
786 1.6278998851776123
788 1.6320619583129883
790 1.6373028755187988
794 1.642374038696289
796 1.6479008197784424
798 1.652064561843872
800 1.657259225845337
803 1.6614160537719727
805 1.6668331623077393
807 1.6710336208343506
811 1.6757824420928955
813 1.6807641983032227
815 1.6851832866668701
819 1.6901216506958008
821 1.6963448524475098
823 1.7007339000701904
825 1.7051126956939697
827 1.7102234363555908
831 1.714843988418579
833 1.7197844982147217
835 1.724147081375122
837 1.72939133644104
840 1.7335634231567383
842 1.7390668392181396
845 1.744093418121338
847 1.7494170665740967
850 1.7536025047302246
852 1.759007215499878
855 1.7631900310516357
857 1.7683186531066895
859 1.7723767757415771
863 1.7777981758117676
866 1.7862634658813477
869 1.7908580303192139
871 1.7970528602600098
877 1.8081247806549072
879 1.8122243881225586
882 1.8173832893371582
884 1.8217251300811768
886 1.8270323276519775
889 1.8312687873840332
891 1.8363971710205078
893 1.8409488201141357
897 1.8469977378845215
899 1.8512475490570068
901 1.8564255237579346
903 1.86100435256958
907 1.865750789642334
909 1.8703227043151855
911 1.8749878406524658
914 1.8799629211425781
916 1.8844168186187744
919 1.8895998001098633
922 1.8939037322998047
924 1.8999557495117188
926 1.9043738842010498
929 1.9095559120178223
931 1.9138917922973633
933 1.919344425201416
936 1.9235389232635498
938 1.9288816452026367
941 1.9330873489379883
943 1.9382452964782715
945 1.9423317909240723
948 1.948906660079956
951 1.9531500339508057
953 1.9582812786102295
955 1.9623515605926514
958 1.9675042629241943
960 1.9720189571380615
962 1.9772109985351562
965 1.9815492630004883
967 1.986966609954834
969 1.9911401271820068
972 1.9963126182556152
975 2.0014901161193848
977 2.0068867206573486
979 2.0110695362091064
983 2.0158259868621826
985 2.0203654766082764
987 2.0250298976898193
989 2.0299952030181885
993 2.0346686840057373
995 2.039792060852051
997 2.0441019535064697
1000 2.0501723289489746
1003 2.0548369884490967
1005 2.0597643852233887
1007 2.0640668869018555
1009 2.069370985031128
1012 2.0735607147216797
1014 2.0789906978607178
1017 2.0831897258758545
1019 2.0883519649505615
1022 2.092442035675049
1024 2.098073959350586
1027 2.1034042835235596
1029 2.108792543411255
1032 2.112980842590332
1034 2.118093252182007
1036 2.122187376022339
1038 2.1273508071899414
1041 2.131502389907837
1043 2.136942148208618
1045 2.1411118507385254
1048 2.1462550163269043
1051 2.1513357162475586
1053 2.1567697525024414
1055 2.161155939102173
1059 2.1662604808807373
1061 2.170423984527588
1063 2.175071954727173
1067 2.1800124645233154
1069 2.1893422603607178
1073 2.1935641765594482
1075 2.1991028785705566
1079 2.2042415142059326
1081 2.2096145153045654
1083 2.2139394283294678
1085 2.219359874725342
1088 2.2235567569732666
1090 2.2291104793548584
1093 2.2333011627197266
1095 2.2384376525878906
1098 2.242790460586548
1100 2.248060464859009
1103 2.253188371658325
1105 2.2583491802215576
1107 2.2624051570892334
1110 2.2678427696228027
1112 2.271984815597534
1114 2.27720308303833
1117 2.2815330028533936
1119 2.28696346282959
1121 2.291123628616333
1124 2.2962849140167236
1127 2.300442934036255
1129 2.3067715167999268
1131 2.3109941482543945
1134 2.3157479763031006
1136 2.3203184604644775
1139 2.3250508308410645
1141 2.33001708984375
1145 2.334444999694824
1147 2.33978009223938
1149 2.344101667404175
1151 2.3493964672088623
1155 2.35481595993042
1157 2.3599531650543213
1159 2.3643581867218018
1161 2.3695549964904785
1163 2.3738458156585693
1166 2.379202127456665
1169 2.3834145069122314
1171 2.3887600898742676
1174 2.3929433822631836
1176 2.39911150932312
1179 2.4033234119415283
1181 2.4094855785369873
1184 2.413780689239502
1186 2.4190783500671387
1189 2.423316240310669
1191 2.428708791732788
1194 2.432785749435425
1196 2.4380717277526855
1198 2.442185878753662
1200 2.4473721981048584
1204 2.4515419006347656
1206 2.458183526992798
1208 2.4623231887817383
1211 2.4675049781799316
1213 2.471771478652954
1215 2.477085828781128
1218 2.4812700748443604
1220 2.4864141941070557
1222 2.491039514541626
1225 2.495786428451538
1227 2.5003397464752197
1231 2.5049688816070557
1233 2.5108978748321533
1235 2.5153133869171143
1237 2.5204412937164307
1241 2.5250961780548096
1243 2.530061721801758
1245 2.5347018241882324
1247 2.539654493331909
1250 2.5439887046813965
1252 2.549268960952759
1256 2.5534822940826416
1258 2.5596349239349365
1260 2.5639400482177734
1262 2.5692126750946045
1265 2.573462724685669
1267 2.5789952278137207
1272 2.5874335765838623
1274 2.591935157775879
1276 2.5971434116363525
1279 2.6014533042907715
1282 2.606839418411255
1284 2.6121251583099365
1287 2.6173131465911865
1289 2.621717929840088
1291 2.6270663738250732
1294 2.631251096725464
1296 2.6363918781280518
1298 2.6409661769866943
1301 2.6453487873077393
1303 2.6502938270568848
1306 2.654944896697998
1308 2.6609816551208496
1311 2.665348529815674
1313 2.6702651977539062
1317 2.6748764514923096
1319 2.679844617843628
1321 2.68416166305542
1323 2.689434289932251
1325 2.693619728088379
1327 2.6991379261016846
1331 2.703324794769287
1333 2.7086894512176514
1335 2.7138524055480957
1338 2.7191829681396484
1341 2.723405599594116
1343 2.7287580966949463
1346 2.732887029647827
1348 2.7380995750427246
1350 2.7422046661376953
1353 2.7473766803741455
1355 2.7518105506896973
1358 2.7570934295654297
1361 2.762740135192871
1363 2.767889976501465
1365 2.7720580101013184
1367 2.7772586345672607
1370 2.781425952911377
1372 2.7867822647094727
1374 2.790999174118042
1377 2.795736312866211
1379 2.800297975540161
1382 2.8049142360687256
1384 2.8098690509796143
1387 2.815321207046509
1389 2.820768356323242
1392 2.8251585960388184
1394 2.8302805423736572
1397 2.8349339962005615
1399 2.8399195671081543
1401 2.844215154647827
1403 2.849468231201172
1407 2.8536577224731445
1409 2.8590445518493652
1411 2.864088296890259
1413 2.8693580627441406
1417 2.873572587966919
1419 2.8791449069976807
1422 2.883373975753784
1424 2.8887672424316406
1427 2.8928873538970947
1429 2.8980743885040283
1431 2.9021975994110107
1433 2.9073550701141357
1437 2.9115030765533447
1439 2.917888879776001
1441 2.922053575515747
1443 2.9272449016571045
1446 2.9314332008361816
1448 2.936798334121704
1450 2.9411656856536865
1453 2.9462811946868896
1455 2.950700283050537
1458 2.95509934425354
1460 2.960050582885742
1463 2.9658613204956055
1465 2.97041916847229
1468 2.9750654697418213
1470 2.9800069332122803
1474 2.9889490604400635
1477 2.993215560913086
1479 2.9987833499908447
1482 3.0029478073120117
1484 3.008347511291504
1487 3.012437105178833
1489 3.019094467163086
1493 3.023285388946533
1495 3.028433322906494
1497 3.032726526260376
1499 3.037893295288086
1501 3.0420610904693604
1503 3.0472617149353027
1507 3.0514276027679443
1509 3.056806802749634
1512 3.06117582321167
1514 3.0673537254333496
1517 3.071491003036499
1519 3.0768771171569824
1521 3.0810797214508057
1524 3.085836410522461
1526 3.090418577194214
1529 3.095078706741333
1531 3.100013494491577
1533 3.1044299602508545
1536 3.109600782394409
1539 3.1138901710510254
1541 3.120086669921875
1544 3.124702215194702
1546 3.1297168731689453
1548 3.1340417861938477
1550 3.1394553184509277
1553 3.1437604427337646
1555 3.149092674255371
1558 3.1533010005950928
1560 3.1586670875549316
1563 3.1627557277679443
1565 3.1690051555633545
1568 3.1732537746429443
1570 3.178793430328369
1573 3.182987689971924
1575 3.1881511211395264
1577 3.1922311782836914
1579 3.197387218475342
1583 3.2015233039855957
1585 3.2069602012634277
1587 3.2111616134643555
1589 3.216285467147827
1593 3.2214419841766357
1595 3.2268331050872803
1597 3.231084108352661
1600 3.235835075378418
1602 3.2407944202423096
1605 3.24520206451416
1607 3.2501578330993652
1610 3.254809856414795
1612 3.259791851043701
1614 3.2641146183013916
1617 3.2703051567077637
1620 3.2750256061553955
1622 3.2799904346466064
1625 3.2844338417053223
1627 3.2896320819854736
1629 3.2939260005950928
1631 3.299367904663086
1634 3.3035671710968018
1636 3.3089523315429688
1639 3.313190221786499
1641 3.3183088302612305
1644 3.3236186504364014
1646 3.3289873600006104
1649 3.333221197128296
1651 3.338361978530884
1654 3.3426871299743652
1656 3.3478686809539795
1658 3.3520336151123047
1661 3.3572258949279785
1663 3.3615517616271973
1667 3.3669910430908203
1669 3.3722076416015625
1671 3.377413034439087
1673 3.3816616535186768
1678 3.3901965618133545
1681 3.394871234893799
1683 3.40091872215271
1686 3.405331611633301
1688 3.4104490280151367
1691 3.4150900840759277
1694 3.420288324356079
1696 3.426823854446411
1698 3.431043863296509
1701 3.4358038902282715
1703 3.4404430389404297
1706 3.4451022148132324
1708 3.4500668048858643
1711 3.4546890258789062
1713 3.4596540927886963
1715 3.463981866836548
1718 3.4692795276641846
1721 3.4744341373443604
1723 3.47979474067688
1725 3.484142303466797
1727 3.489407539367676
1730 3.4935996532440186
1732 3.4989888668060303
1735 3.503235101699829
1737 3.508408308029175
1740 3.5127005577087402
1742 3.517871618270874
1747 3.529308557510376
1751 3.5335967540740967
1753 3.5391769409179688
1755 3.543410062789917
1757 3.54874849319458
1761 3.5528926849365234
1763 3.5580716133117676
1765 3.5622031688690186
1767 3.567373037338257
1771 3.571537971496582
1773 3.577901601791382
1775 3.5820682048797607
1777 3.587287425994873
1780 3.5914363861083984
1782 3.5968353748321533
1785 3.601201057434082
1787 3.6063756942749023
1789 3.610816717147827
1792 3.615260124206543
1794 3.6201651096343994
1797 3.6248202323913574
1799 3.6307718753814697
1802 3.6351873874664307
1804 3.6401309967041016
1807 3.6448071002960205
1809 3.6497790813446045
1811 3.654135227203369
1814 3.6595852375030518
1816 3.6639087200164795
1818 3.6692097187042236
1821 3.6734321117401123
1823 3.6794629096984863
1826 3.6837527751922607
1829 3.6890742778778076
1831 3.693291187286377
1833 3.6986749172210693
1837 3.7027740478515625
1839 3.707923650741577
1841 3.7120699882507324
1843 3.717268228530884
1846 3.721717596054077
1849 3.728156566619873
1851 3.732267141342163
1853 3.737436294555664
1856 3.7417709827423096
1858 3.747079849243164
1861 3.75126576423645
1863 3.7566752433776855
1865 3.760894298553467
1868 3.765281915664673
1870 3.7702081203460693
1873 3.774848699569702
1875 3.7808775901794434
1880 3.7852511405944824
1882 3.7941596508026123
1885 3.7995853424072266
1887 3.803906202316284
1889 3.8093483448028564
1892 3.813565731048584
1894 3.8191890716552734
1897 3.8234403133392334
1900 3.829493522644043
1902 3.8338735103607178
1904 3.8393304347991943
1907 3.8435494899749756
1909 3.848954439163208
1912 3.8531429767608643
1914 3.858279228210449
1917 3.862389326095581
1919 3.8677492141723633
1921 3.8718132972717285
1925 3.8771185874938965
1927 3.8823864459991455
1929 3.8878352642059326
1931 3.891988754272461
1933 3.897167682647705
1937 3.901482343673706
1939 3.9068567752838135
1941 3.911064624786377
1944 3.9158504009246826
1946 3.9208362102508545
1949 3.9252641201019287
1952 3.931262493133545
1954 3.9364233016967773
1956 3.9408435821533203
1959 3.945276975631714
1961 3.950209617614746
1964 3.9548263549804688
1966 3.9599530696868896
1968 3.9644017219543457
1971 3.969578981399536
1973 3.9739830493927
1976 3.9792537689208984
1979 3.9844465255737305
1981 3.989619493484497
1983 3.9939258098602295
1985 3.9992408752441406
1988 4.0034730434417725
1990 4.008830785751343
1993 4.013047456741333
1995 4.018870830535889
1998 4.023435831069946
2001 4.028764247894287
2003 4.03381609916687
2005 4.0390870571136475
2009 4.043300628662109
2011 4.048837184906006
2013 4.053088188171387
2015 4.05820894241333
2017 4.062269926071167
2021 4.0674426555633545
2023 4.071739196777344
2025 4.077051162719727
2029 4.081462621688843
2031 4.087871313095093
2033 4.09201717376709
2035 4.097185373306274
2038 4.101339340209961
2040 4.106791019439697
2042 4.110969543457031
2045 4.115348815917969
2047 4.120254278182983
2050 4.124862194061279
2052 4.1297926902771
2055 4.135232448577881
2057 4.140313148498535
2060 4.144985675811768
2062 4.1499786376953125
2064 4.154398679733276
2067 4.159577131271362
2069 4.163970232009888
2071 4.16922664642334
2074 4.1734254360198975
2076 4.178934335708618
2081 4.18312931060791
2085 4.193081617355347
2087 4.19843864440918
2089 4.20273232460022
2091 4.208102226257324
2093 4.2121970653533936
2097 4.217414379119873
2099 4.221776485443115
2101 4.227063417434692
2103 4.2312376499176025
2105 4.23737359046936
2109 4.2415406703948975
2111 4.246999502182007
2113 4.251180410385132
2116 4.256324529647827
2118 4.260915994644165
2121 4.26531195640564
2123 4.270265340805054
2126 4.2749176025390625
2128 4.279882907867432
2131 4.2841877937316895
2133 4.290180921554565
2136 4.2948102951049805
2138 4.299783706665039
2140 4.304069757461548
2142 4.309519290924072
2145 4.31389045715332
2147 4.319346189498901
2150 4.323555946350098
2152 4.328942537307739
2155 4.3331544399261475
2157 4.339327573776245
2160 4.343550443649292
2162 4.348936080932617
2165 4.35317063331604
2167 4.358310222625732
2169 4.362377882003784
2173 4.367745637893677
2175 4.37179708480835
2177 4.37706184387207
2179 4.381458759307861
2183 4.386826992034912
2185 4.391987323760986
2187 4.397982120513916
2189 4.4021382331848145
2191 4.407334089279175
2195 4.4114744663238525
2197 4.416859149932861
2199 4.4210593700408936
2202 4.425840616226196
2204 4.430412769317627
2207 4.4350669384002686
2210 4.441232919692993
2212 4.446385383605957
2214 4.4507691860198975
2217 4.455189228057861
2219 4.460116147994995
2222 4.464761972427368
2224 4.469688177108765
2226 4.47399115562439
2228 4.479259967803955
2231 4.483472108840942
2234 4.488861799240112
2236 4.494014501571655
2238 4.4994282722473145
2241 4.503645420074463
2243 4.509084701538086
2246 4.513274669647217
2248 4.518662691116333
2251 4.522754907608032
2253 4.527900218963623
2255 4.532061815261841
2259 4.5372772216796875
2261 4.542718887329102
2263 4.547888278961182
2265 4.552038192749023
2267 4.557234048843384
2271 4.56154465675354
2273 4.566951751708984
2275 4.571292877197266
2277 4.57642674446106
2279 4.5808305740356445
2285 4.5852210521698
2288 4.595044851303101
2290 4.6001598834991455
2293 4.604804754257202
2295 4.609881162643433
2298 4.614187717437744
2300 4.619678020477295
2302 4.6239705085754395
2304 4.6292712688446045
2307 4.633489608764648
2310 4.6388678550720215
2312 4.6439049243927
2314 4.649198055267334
2317 4.653456449508667
2319 4.658834934234619
2322 4.6630518436431885
2324 4.668179273605347
2326 4.672220468521118
2329 4.677371501922607
2331 4.681934118270874
2333 4.687124013900757
2336 4.691296339035034
2339 4.6974897384643555
2341 4.702005386352539
2343 4.707189083099365
2347 4.711352348327637
2349 4.71673059463501
2351 4.720906496047974
2353 4.725297927856445
2355 4.730260610580444
2359 4.734872341156006
2361 4.739974737167358
2363 4.745767831802368
2366 4.750324726104736
2369 4.754960775375366
2371 4.759967565536499
2374 4.7644219398498535
2376 4.769622802734375
2378 4.773929119110107
2380 4.779193878173828
2383 4.783432960510254
2388 4.793058156967163
2390 4.799356460571289
2393 4.803562879562378
2395 4.808942556381226
2398 4.813121318817139
2400 4.818339824676514
2402 4.822386741638184
2405 4.827895879745483
2407 4.832070350646973
2409 4.837280750274658
2412 4.841426610946655
2415 4.847760438919067
2417 4.85180926322937
2419 4.857158899307251
2422 4.8614821434021
2425 4.86685585975647
2427 4.871043682098389
2429 4.875816583633423
2431 4.880357980728149
2435 4.884986400604248
2437 4.8899500370025635
2439 4.894236326217651
2441 4.9002110958099365
2445 4.904829025268555
2447 4.909759044647217
2449 4.914060831069946
2451 4.919450759887695
2454 4.9236462116241455
2456 4.929073095321655
2459 4.933301210403442
2461 4.938663482666016
2464 4.942731142044067
2466 4.948972463607788
2469 4.953202724456787
2471 4.958740234375
2474 4.962775468826294
2476 4.967898368835449
2478 4.972079277038574
2480 4.97728157043457
2483 4.981701612472534
2487 4.987022876739502
2490 4.995140552520752
2492 5.00114369392395
2495 5.006291151046753
2497 5.010879039764404
2500 5.0152552127838135
2502 5.020324468612671
2505 5.024941682815552
2507 5.029893398284912
2510 5.034200429916382
2512 5.039618730545044
2514 5.043908357620239
2517 5.049864292144775
2519 5.054233074188232
2521 5.0594542026519775
2525 5.063758373260498
2527 5.069044828414917
2529 5.073260068893433
2531 5.0783891677856445
2535 5.082674264907837
2537 5.088072776794434
2539 5.092196702957153
2542 5.097370386123657
2545 5.103084087371826
2547 5.108168840408325
2549 5.112240791320801
2551 5.117434740066528
2554 5.121693134307861
2556 5.12697696685791
2558 5.131149053573608
2561 5.136263132095337
2563 5.1404173374176025
2566 5.145066499710083
2568 5.151050567626953
2571 5.15583348274231
2573 5.160780668258667
2576 5.165195941925049
2578 5.17015528678894
2581 5.174809694290161
2583 5.1797590255737305
2585 5.1840972900390625
2587 5.189378023147583
2590 5.19356894493103
2593 5.198929309844971
2595 5.203967094421387
2597 5.209239959716797
2601 5.213464975357056
2603 5.219032049179077
2605 5.22325325012207
2607 5.228399038314819
2611 5.232678174972534
2613 5.237836599349976
2615 5.2419753074646
2617 5.247169494628906
2620 5.252336263656616
2623 5.257725238800049
2625 5.261795282363892
2636 5.283835172653198
2638 5.2892069816589355
2641 5.2934184074401855
2643 5.298779726028442
2646 5.303807020187378
2648 5.309200286865234
2651 5.313418626785278
2653 5.3187432289123535
2656 5.322786808013916
2658 5.328077554702759
2660 5.332184314727783
2663 5.337385416030884
2665 5.341740608215332
2667 5.34705376625061
2671 5.3513569831848145
2673 5.357876300811768
2675 5.362030982971191
2677 5.3672826290130615
2680 5.371451377868652
2682 5.376841306686401
2684 5.381045341491699
2687 5.385791778564453
2693 5.390437126159668
2695 5.400319576263428
2697 5.406731843948364
2699 5.411105632781982
2703 5.416322708129883
2705 5.4208714962005615
2708 5.42528510093689
2710 5.430219650268555
2713 5.434833526611328
2715 5.439775705337524
2717 5.444126129150391
2719 5.4493818283081055
2723 5.453573942184448
2725 5.4598634243011475
2727 5.464226245880127
2729 5.469472646713257
2732 5.473798513412476
2734 5.479235410690308
2737 5.483447790145874
2739 5.488813161849976
2742 5.493008375167847
2744 5.4981584548950195
2746 5.502260446548462
2749 5.508718967437744
2752 5.512779474258423
2754 5.51820182800293
2756 5.522270441055298
2759 5.527448892593384
2761 5.5317223072052
2763 5.537020683288574
2765 5.541179418563843
2768 5.546319961547852
2770 5.5507636070251465
2773 5.555178642272949
2775 5.56115984916687
2779 5.566273212432861
2781 5.570436000823975
2783 5.575092554092407
2785 5.580177307128906
2789 5.584835767745972
2791 5.589771509170532
2793 5.594069719314575
2795 5.599328279495239
2798 5.603531837463379
2801 5.60975980758667
2803 5.61406946182251
2805 5.619326114654541
2808 5.623509407043457
2810 5.628860235214233
2813 5.633044958114624
2815 5.638339042663574
2818 5.6424360275268555
2820 5.647836208343506
2822 5.6519975662231445
2825 5.657184839248657
2828 5.662411451339722
2830 5.667837619781494
2832 5.6720123291015625
2834 5.677206754684448
2837 5.6813695430755615
2839 5.686728477478027
2841 5.690923452377319
2844 5.695326089859009
2846 5.700432300567627
2849 5.705092191696167
2851 5.711105823516846
2854 5.716258525848389
2856 5.72075629234314
2859 5.725168943405151
2861 5.730084419250488
2865 5.734690189361572
2867 5.739814281463623
2869 5.744144439697266
2871 5.749416351318359
2873 5.75359320640564
2877 5.759153604507446
2879 5.764374494552612
2882 5.769542217254639
2884 5.773831844329834
2886 5.779110670089722
2889 5.783308744430542
2891 5.7884180545806885
2895 5.797141075134277
2898 5.8014936447143555
2900 5.8068931102752686
2903 5.812259197235107
2906 5.817466735839844
2908 5.822172164916992
2910 5.827373027801514
2913 5.831672191619873
2915 5.836973667144775
2917 5.841145992279053
2920 5.846264123916626
2922 5.850426912307739
2925 5.855107545852661
2927 5.860049486160278
2930 5.865779161453247
2932 5.870744466781616
2935 5.875153303146362
2937 5.880216836929321
2940 5.88486123085022
2942 5.889795303344727
2944 5.894113540649414
2946 5.89937162399292
2949 5.903582572937012
2951 5.909034252166748
2955 5.91414475440979
2957 5.919428825378418
2959 5.923631191253662
2961 5.929010629653931
2965 5.93322229385376
2967 5.938781261444092
2970 5.942974328994751
2972 5.948098659515381
2974 5.95219349861145
2976 5.957357406616211
2980 5.961513996124268
2982 5.9680681228637695
2984 5.9721596240997314
2986 5.97733998298645
2989 5.981486082077026
2991 5.986884355545044
2993 5.991065979003906
2996 5.995847940444946
