0 0.0046613216400146484
1 0.016576051712036133
2 0.026403427124023438
3 0.03608059883117676
6 0.04654860496520996
8 0.05460071563720703
12 0.06646537780761719
14 0.07192158699035645
15 0.07713580131530762
18 0.08147239685058594
19 0.0867462158203125
22 0.09094977378845215
24 0.09649538993835449
26 0.10068273544311523
28 0.10583305358886719
30 0.10993504524230957
33 0.11511850357055664
36 0.12047219276428223
38 0.1257948875427246
40 0.12988710403442383
42 0.13508248329162598
45 0.13933801651000977
47 0.14467716217041016
50 0.14901518821716309
52 0.15445566177368164
54 0.15882015228271484
57 0.16397809982299805
61 0.16839957237243652
63 0.17457246780395508
65 0.17877769470214844
69 0.18393206596374512
71 0.18811845779418945
74 0.19276165962219238
76 0.1976761817932129
79 0.20209455490112305
82 0.20730805397033691
84 0.21161150932312012
87 0.21704959869384766
91 0.22245526313781738
93 0.22748327255249023
96 0.23185324668884277
98 0.23711705207824707
101 0.2413172721862793
104 0.24670767784118652
107 0.25093674659729004
109 0.2560572624206543
113 0.260387659072876
115 0.2655978202819824
119 0.26978087425231934
121 0.2765164375305176
125 0.2807459831237793
127 0.2858860492706299
129 0.2899765968322754
133 0.29516029357910156
135 0.2994258403778076
137 0.3047182559967041
141 0.3089299201965332
143 0.31407976150512695
146 0.31851816177368164
149 0.32474756240844727
153 0.32897400856018066
155 0.3341035842895508
157 0.3386869430541992
161 0.3434765338897705
163 0.34801292419433594
167 0.35267066955566406
169 0.35765719413757324
171 0.3620936870574951
175 0.3672749996185303
179 0.37160563468933105
185 0.37836766242980957
187 0.38729357719421387
189 0.39157938957214355
192 0.3971414566040039
195 0.40145039558410645
197 0.40698981285095215
201 0.41123318672180176
203 0.416623592376709
207 0.42086338996887207
209 0.42705726623535156
213 0.4312746524810791
215 0.43665552139282227
219 0.44087767601013184
221 0.44600772857666016
225 0.4503452777862549
227 0.45574283599853516
229 0.45986366271972656
232 0.46504902839660645
235 0.4692234992980957
239 0.4746713638305664
241 0.47980475425720215
244 0.485001802444458
247 0.4891543388366699
250 0.4945709705352783
252 0.4987509250640869
256 0.5035574436187744
258 0.5081067085266113
262 0.5127573013305664
264 0.5178487300872803
267 0.522479772567749
270 0.5284359455108643
273 0.5328676700592041
276 0.5379917621612549
279 0.5426499843597412
282 0.5476288795471191
284 0.55206298828125
288 0.5572600364685059
290 0.5616123676300049
293 0.5669069290161133
296 0.5711297988891602
299 0.5766637325286865
302 0.5818355083465576
304 0.5871353149414062
308 0.5914404392242432
310 0.5967340469360352
314 0.6009459495544434
316 0.6060953140258789
320 0.6103837490081787
322 0.6155860424041748
325 0.6197481155395508
328 0.6249761581420898
331 0.6304092407226562
334 0.6358191967010498
336 0.6399118900299072
339 0.6451115608215332
342 0.64939284324646
345 0.6546850204467773
348 0.6588943004608154
351 0.6640713214874268
353 0.6686661243438721
357 0.6734812259674072
360 0.6780238151550293
363 0.6844902038574219
365 0.6887061595916748
368 0.6934893131256104
371 0.6984732151031494
374 0.7028753757476807
377 0.7077956199645996
380 0.7124197483062744
383 0.7173769474029541
385 0.7216942310333252
389 0.7270162105560303
392 0.7323441505432129
395 0.7373242378234863
397 0.7416384220123291
399 0.7469325065612793
403 0.7511284351348877
405 0.756669282913208
409 0.7609066963195801
413 0.7696168422698975
416 0.7748658657073975
422 0.7790431976318359
424 0.7886981964111328
428 0.7934746742248535
430 0.7986204624176025
434 0.8030445575714111
436 0.8081216812133789
439 0.8127813339233398
442 0.8179829120635986
445 0.8227028846740723
448 0.8276569843292236
451 0.833521842956543
454 0.8383622169494629
457 0.8427681922912598
460 0.8477394580841064
463 0.8523530960083008
466 0.8572962284088135
468 0.8616137504577637
471 0.8669114112854004
474 0.8711085319519043
477 0.8766207695007324
480 0.8808045387268066
482 0.886998176574707
486 0.8912110328674316
488 0.8966498374938965
492 0.9008560180664062
494 0.9059882164001465
497 0.9100503921508789
500 0.9154665470123291
503 0.9196267127990723
505 0.9248247146606445
509 0.9291436672210693
512 0.9357342720031738
515 0.9398295879364014
517 0.9450371265411377
520 0.949223518371582
523 0.9546468257904053
525 0.9588184356689453
529 0.9639468193054199
531 0.9683609008789062
535 0.9728007316589355
537 0.9779398441314697
541 0.9825592041015625
543 0.9885373115539551
547 0.9929530620574951
549 0.9980871677398682
552 1.00272536277771
555 1.0076942443847656
558 1.0121142864227295
561 1.0172901153564453
563 1.0215692520141602
565 1.0268769264221191
569 1.0311341285705566
573 1.0373592376708984
575 1.0416955947875977
577 1.0469653606414795
581 1.0512213706970215
583 1.0567569732666016
587 1.0609607696533203
589 1.0660927295684814
593 1.0704069137573242
595 1.0755531787872314
597 1.0797333717346191
601 1.084939956665039
603 1.0900604724884033
607 1.0954091548919678
609 1.0994484424591064
612 1.1047489643096924
615 1.1089591979980469
618 1.114074945449829
620 1.118736743927002
623 1.1234822273254395
626 1.1280295848846436
629 1.1326689720153809
632 1.1387197971343994
635 1.143505334854126
638 1.1480395793914795
641 1.152683973312378
644 1.1576311588287354
646 1.1620440483093262
650 1.1672351360321045
652 1.1715097427368164
655 1.176940679550171
660 1.1811714172363281
664 1.1910624504089355
666 1.1965460777282715
670 1.2007384300231934
672 1.2060372829437256
676 1.2101092338562012
678 1.2156498432159424
681 1.2197957038879395
683 1.2249810695648193
687 1.2291316986083984
689 1.2345023155212402
693 1.2398879528045654
695 1.245077133178711
698 1.2492337226867676
701 1.2546327114105225
703 1.2588269710540771
707 1.2639479637145996
709 1.2681214809417725
713 1.272768497467041
715 1.2777070999145508
719 1.2821152210235596
721 1.2872827053070068
725 1.2927236557006836
727 1.2978382110595703
731 1.3025026321411133
733 1.3074500560760498
735 1.3117618560791016
737 1.3171625137329102
741 1.3214426040649414
743 1.3267521858215332
747 1.330958604812622
749 1.3361091613769531
753 1.3412437438964844
755 1.3466835021972656
759 1.3509128093719482
761 1.356445550918579
765 1.3605568408966064
767 1.3657801151275635
769 1.369868516921997
773 1.3759469985961914
775 1.3800547122955322
779 1.3854315280914307
783 1.3894786834716797
785 1.3958542346954346
787 1.3999218940734863
790 1.405092716217041
793 1.4092326164245605
796 1.4146630764007568
799 1.4189858436584473
802 1.4243464469909668
804 1.4285566806793213
808 1.4329419136047363
811 1.4379146099090576
813 1.4440741539001465
816 1.4486422538757324
819 1.453014850616455
822 1.4579260349273682
825 1.4625234603881836
828 1.4674937725067139
830 1.471803903579712
834 1.4772121906280518
836 1.481499433517456
839 1.486767292022705
842 1.4909636974334717
845 1.4971342086791992
848 1.5013408660888672
850 1.5067317485809326
854 1.5109515190124512
856 1.5161073207855225
860 1.5204355716705322
862 1.5255703926086426
865 1.5297372341156006
867 1.534958839416504
872 1.5393812656402588
874 1.5457634925842285
877 1.5498735904693604
879 1.5550367832183838
882 1.5591747760772705
885 1.5645489692687988
887 1.568723440170288
891 1.5734765529632568
893 1.5784540176391602
899 1.5828595161437988
903 1.5916798114776611
905 1.597923755645752
909 1.602576494216919
911 1.607651948928833
915 1.6120760440826416
917 1.6173789501190186
919 1.6217036247253418
921 1.6270010471343994
925 1.6312153339385986
927 1.6365549564361572
931 1.6407470703125
933 1.6469676494598389
937 1.651181936264038
939 1.656712532043457
943 1.6609187126159668
945 1.6660397052764893
949 1.6701040267944336
951 1.6755177974700928
953 1.6796655654907227
956 1.6849133968353271
959 1.6890583038330078
963 1.6944503784179688
965 1.6994707584381104
968 1.7047619819641113
971 1.7091453075408936
974 1.71457839012146
977 1.7189066410064697
980 1.7240657806396484
982 1.728489637374878
986 1.7328612804412842
988 1.7378387451171875
991 1.7424793243408203
994 1.7484490871429443
997 1.7528784275054932
1000 1.7577815055847168
1003 1.762373447418213
1006 1.7673463821411133
1008 1.7716505527496338
1011 1.7770633697509766
1014 1.781324863433838
1017 1.7867059707641602
1029 1.8088243007659912
1033 1.8140063285827637
1035 1.8184194564819336
1039 1.8228421211242676
1041 1.827763319015503
1045 1.8324027061462402
1047 1.8375208377838135
1050 1.8418385982513428
1053 1.8471200466156006
1057 1.852555274963379
1059 1.8575210571289062
1061 1.8618645668029785
1064 1.8671364784240723
1067 1.8714876174926758
1070 1.876760721206665
1073 1.8809428215026855
1076 1.886080026626587
1079 1.8904149532318115
1082 1.895805835723877
1085 1.90108060836792
1088 1.9064693450927734
1091 1.9106457233428955
1094 1.915769338607788
1096 1.9198739528656006
1099 1.9250528812408447
1102 1.9293546676635742
1104 1.934668779373169
1107 1.9388470649719238
1110 1.9439918994903564
1114 1.9484007358551025
1116 1.9546465873718262
1120 1.9589838981628418
1122 1.9641270637512207
1125 1.968724012374878
1128 1.9734723567962646
1131 1.9780328273773193
1137 1.9827392101287842
1139 1.9915902614593506
1141 1.9970009326934814
1146 2.0024290084838867
1148 2.0076043605804443
1152 2.0119194984436035
1154 2.0173821449279785
1157 2.0217108726501465
1159 2.0269553661346436
1163 2.031189203262329
1165 2.0365686416625977
1169 2.040803909301758
1171 2.0459372997283936
1174 2.0500261783599854
1177 2.056518077850342
1180 2.0606837272644043
1183 2.065845012664795
1185 2.069918155670166
1189 2.075096845626831
1191 2.0794882774353027
1193 2.084792137145996
1197 2.0889909267425537
1199 2.0944840908050537
1203 2.09887957572937
1205 2.1049952507019043
1209 2.1091439723968506
1211 2.114537239074707
1213 2.1187567710876465
1217 2.123528242111206
1219 2.128098487854004
1223 2.132728338241577
1225 2.1378438472747803
1229 2.1424944400787354
1231 2.1474666595458984
1235 2.1517863273620605
1237 2.1577305793762207
1241 2.1623425483703613
1243 2.1673622131347656
1245 2.1716809272766113
1248 2.176989793777466
1251 2.1812002658843994
1254 2.1865766048431396
1257 2.190755844116211
1260 2.1960294246673584
1263 2.2000949382781982
1266 2.2066333293914795
1269 2.210859537124634
1272 2.2159690856933594
1274 2.220024585723877
1278 2.225154161453247
1280 2.229691505432129
1282 2.2348906993865967
1286 2.2390408515930176
1288 2.244466543197632
1291 2.2486579418182373
1294 2.253030776977539
1298 2.2590465545654297
1300 2.2644197940826416
1303 2.2686266899108887
1306 2.2730164527893066
1309 2.2779409885406494
1312 2.2825911045074463
1315 2.287593126296997
1317 2.291887044906616
1319 2.297128677368164
1323 2.301327705383301
1326 2.3073930740356445
1329 2.3117377758026123
1331 2.3171589374542236
1335 2.3214614391326904
1337 2.3267557621002197
1341 2.330993175506592
1343 2.3360989093780518
1347 2.3404130935668945
1349 2.3455567359924316
1351 2.349729061126709
1355 2.354921817779541
1359 2.360741138458252
1361 2.3658571243286133
1364 2.3699538707733154
1367 2.3764171600341797
1370 2.3804662227630615
1375 2.385648250579834
1377 2.3940742015838623
1380 2.3985953330993652
1383 2.4030110836029053
1387 2.4091317653656006
1389 2.414541482925415
1393 2.418928861618042
1395 2.4240806102752686
1397 2.428506851196289
1401 2.432940721511841
1403 2.4380269050598145
1407 2.442659378051758
1409 2.4476494789123535
1412 2.452064275741577
1415 2.4572322368621826
1419 2.4625494480133057
1421 2.4675076007843018
1424 2.4718263149261475
1426 2.477116823196411
1430 2.481320858001709
1432 2.4868643283843994
1436 2.49110746383667
1439 2.496614456176758
1441 2.501695156097412
1445 2.5069637298583984
1449 2.5124223232269287
1451 2.5173611640930176
1453 2.521681547164917
1456 2.526996374130249
1459 2.531221628189087
1462 2.5365989208221436
1465 2.540815591812134
1468 2.5459516048431396
1470 2.5500290393829346
1473 2.555560350418091
1477 2.5607810020446777
1479 2.5659518241882324
1482 2.5700321197509766
1485 2.5753958225250244
1488 2.5794484615325928
1490 2.5847766399383545
1494 2.5889618396759033
1496 2.5941128730773926
1499 2.598522901535034
1502 2.6029300689697266
1505 2.6078758239746094
1508 2.6139957904815674
1511 2.6186163425445557
1514 2.6230151653289795
1517 2.6279449462890625
1520 2.6326024532318115
1522 2.6375691890716553
1525 2.641909599304199
1527 2.6471352577209473
1531 2.6513257026672363
1533 2.6567320823669434
1537 2.66098690032959
1539 2.6671395301818848
1543 2.671328544616699
1545 2.6768884658813477
1548 2.6811065673828125
1551 2.686506748199463
1554 2.690696954727173
1557 2.695852518081665
1559 2.699925661087036
1561 2.7050814628601074
1566 2.7093398571014404
1569 2.7157516479492188
1571 2.719862222671509
1573 2.7250590324401855
1577 2.7292134761810303
1579 2.734619617462158
1583 2.7389488220214844
1585 2.7440855503082275
1587 2.7486965656280518
1591 2.753476142883301
1593 2.7580225467681885
1597 2.7644035816192627
1599 2.7686514854431152
1603 2.7730274200439453
1605 2.7779769897460938
1609 2.78262996673584
1614 2.79129695892334
1616 2.797024965286255
1619 2.801286220550537
1622 2.8068230152130127
1627 2.8110833168029785
1629 2.8173046112060547
1631 2.8216066360473633
1634 2.826895236968994
1637 2.8311328887939453
1640 2.836516857147217
1643 2.840690851211548
1646 2.8457908630371094
1648 2.8498780727386475
1652 2.855041027069092
1654 2.8594601154327393
1658 2.8647544384002686
1660 2.8699374198913574
1663 2.875123977661133
1666 2.879612922668457
1668 2.884828805923462
1672 2.888972759246826
1674 2.894094944000244
1677 2.898519277572632
1680 2.9029042720794678
1683 2.907831907272339
1686 2.9124999046325684
1689 2.918553352355957
1692 2.922940492630005
1695 2.927868604660034
1698 2.9324841499328613
1700 2.937438488006592
1703 2.941789388656616
1705 2.9470653533935547
1709 2.951260805130005
1711 2.9566292762756348
1715 2.9608519077301025
1717 2.9660041332244873
1721 2.9712717533111572
1723 2.9768261909484863
1727 2.981074333190918
1729 2.9863996505737305
1733 2.990460157394409
1735 2.9956274032592773
1737 2.9997518062591553
1741 3.0049610137939453
1743 3.0094988346099854
1747 3.014773368835449
1749 3.019991636276245
1753 3.0251522064208984
1755 3.029428243637085
1757 3.034724473953247
1761 3.0390207767486572
1763 3.0444557666778564
1766 3.0486555099487305
1769 3.0530319213867188
1772 3.0579352378845215
1775 3.062591075897217
1777 3.0675675868988037
1781 3.0730113983154297
1783 3.077968120574951
1787 3.0826950073242188
1789 3.0876576900482178
1793 3.09206223487854
1795 3.097357749938965
1798 3.1016757488250732
1800 3.106975793838501
1804 3.111189126968384
1807 3.1165401935577393
1809 3.121638298034668
1812 3.126910924911499
1815 3.1311798095703125
1818 3.1367194652557373
1821 3.140935182571411
1824 3.146052837371826
1827 3.150115966796875
1830 3.155656337738037
1832 3.159855365753174
1835 3.1650359630584717
1839 3.169177532196045
1842 3.1754894256591797
1844 3.1796469688415527
1847 3.1848413944244385
1853 3.192920207977295
1855 3.1979949474334717
1858 3.2026662826538086
1861 3.207793712615967
1864 3.2123770713806152
1867 3.2175745964050293
1870 3.222972869873047
1873 3.2279179096221924
1876 3.2325286865234375
1879 3.2374699115753174
1881 3.241814136505127
1883 3.2470571994781494
1887 3.2512528896331787
1889 3.256617784500122
1893 3.2608325481414795
1895 3.2661218643188477
1899 3.270451068878174
1901 3.276928186416626
1905 3.2811286449432373
1907 3.286498546600342
1911 3.290678024291992
1913 3.2957913875579834
1915 3.2998929023742676
1918 3.305084228515625
1921 3.3093533515930176
1924 3.314664363861084
1927 3.3188085556030273
1929 3.325010061264038
1933 3.3291664123535156
1935 3.3345584869384766
1939 3.338902235031128
1941 3.344043493270874
1944 3.348426103591919
1947 3.3528385162353516
1950 3.357726812362671
1953 3.3623294830322266
1956 3.367295503616333
1959 3.3715875148773193
1962 3.378460168838501
1965 3.382883071899414
1967 3.387808322906494
1971 3.392436981201172
1973 3.397571325302124
1976 3.4018733501434326
1978 3.407161235809326
1982 3.4114742279052734
1984 3.4167513847351074
1988 3.4209816455841064
1990 3.4270637035369873
1994 3.4312679767608643
1996 3.4366650581359863
1999 3.4408886432647705
2002 3.446014165878296
2004 3.4500749111175537
2008 3.455595016479492
2010 3.459744691848755
2013 3.4649572372436523
2016 3.4691061973571777
2020 3.47450852394104
2022 3.4796767234802246
2025 3.4848756790161133
2028 3.489027500152588
2031 3.4944348335266113
2033 3.4986355304718018
2037 3.503040313720703
2039 3.5079376697540283
2045 3.5185515880584717
2048 3.5229883193969727
2052 3.52915096282959
2054 3.5345170497894287
2057 3.5387189388275146
2060 3.543524742126465
2063 3.548081159591675
2066 3.552718162536621
2069 3.5576515197753906
2072 3.562098503112793
2075 3.567420482635498
2077 3.5717358589172363
2080 3.5779659748077393
2084 3.58264422416687
2089 3.587592363357544
2091 3.5968375205993652
2095 3.6010613441467285
2097 3.6066086292266846
2101 3.6108081340789795
2103 3.616100788116455
2107 3.6204042434692383
2109 3.625603199005127
2113 3.6310007572174072
2115 3.63653564453125
2118 3.640730619430542
2121 3.6458470821380615
2123 3.649958610534668
2127 3.655156135559082
2129 3.659681558609009
2131 3.664857864379883
2135 3.669009208679199
2137 3.674391508102417
2141 3.6794495582580566
2143 3.684798002243042
2147 3.6889472007751465
2149 3.694079637527466
2152 3.698739767074585
2155 3.7035067081451416
2158 3.7081265449523926
2161 3.7127842903137207
2163 3.7177207469940186
2167 3.7221052646636963
2169 3.7273030281066895
2173 3.732802391052246
2175 3.737748622894287
2179 3.7423689365386963
2181 3.7473485469818115
2184 3.75172758102417
2186 3.757141351699829
2190 3.761443853378296
2192 3.76674747467041
2195 3.7709641456604004
2198 3.776355028152466
2201 3.7813127040863037
2204 3.786900758743286
2207 3.79114031791687
2210 3.7965967655181885
2213 3.8007960319519043
2216 3.8059873580932617
2218 3.81007981300354
2222 3.8156118392944336
2224 3.8197944164276123
2227 3.8249857425689697
2231 3.8291382789611816
2234 3.8354952335357666
2236 3.839672565460205
2238 3.844891309738159
2242 3.84908390045166
2244 3.854456901550293
2247 3.858656644821167
2250 3.863041639328003
2253 3.8679306507110596
2256 3.8725507259368896
2259 3.8776838779449463
2262 3.883511781692505
2265 3.8880615234375
2268 3.8926892280578613
2271 3.8976478576660156
2273 3.9020955562591553
2276 3.9072768688201904
2279 3.9115777015686035
2281 3.917029619216919
2285 3.9212300777435303
2287 3.9266254901885986
2291 3.9308536052703857
2293 3.9371564388275146
2297 3.9414639472961426
2299 3.94675612449646
2303 3.9509739875793457
2305 3.9563827514648438
2309 3.9604594707489014
2311 3.9656014442443848
2313 3.969752788543701
2315 3.9749670028686523
2319 3.979130268096924
2323 3.98551869392395
2327 3.9896910190582275
2330 3.998730182647705
2333 4.003491401672363
2336 4.00842809677124
2339 4.0128493309021
2342 4.0179057121276855
2345 4.0225255489349365
2348 4.027478218078613
2351 4.03181791305542
2353 4.037742853164673
2357 4.04237174987793
2359 4.047521114349365
2363 4.0518434047698975
2365 4.0572898387908936
2368 4.061570167541504
2370 4.066926717758179
2374 4.071130037307739
2376 4.076505422592163
2380 4.080732107162476
2382 4.086874008178711
2386 4.091118097305298
2388 4.096513509750366
2391 4.100695371627808
2394 4.105815410614014
2396 4.109884977340698
2400 4.115031480789185
2402 4.119431257247925
2405 4.124752759933472
2408 4.12894082069397
2411 4.134069204330444
2414 4.139221668243408
2417 4.144665002822876
2420 4.148876190185547
2423 4.154064416885376
2425 4.15846586227417
2428 4.162862539291382
2431 4.167770862579346
2434 4.172364234924316
2437 4.177544832229614
2439 4.181873321533203
2443 4.1878979206085205
2446 4.192551851272583
2449 4.1974945068359375
2451 4.201828241348267
2453 4.207101583480835
2457 4.211304664611816
2459 4.216671466827393
2463 4.220885992050171
2465 4.226033926010132
2469 4.2300941944122314
2471 4.2357659339904785
2475 4.241121768951416
2477 4.2464611530303955
2481 4.250682830810547
2483 4.255770921707153
2485 4.2598700523376465
2488 4.265034198760986
2491 4.269164800643921
2494 4.274561643600464
2496 4.27872109413147
2499 4.2834742069244385
2503 4.289126396179199
2505 4.294541835784912
2509 4.298882246017456
2511 4.3040549755096436
2514 4.308628559112549
2517 4.313041925430298
2520 4.317932605743408
2523 4.322586297988892
2526 4.327553987503052
2528 4.331859827041626
2532 4.337103366851807
2535 4.3425867557525635
2537 4.347514390945435
2540 4.3518149852752686
2543 4.357259035110474
2546 4.361614465713501
2548 4.3668835163116455
2552 4.371186971664429
2554 4.377199411392212
2558 4.3814857006073
2561 4.386766672134399
2566 4.391786813735962
2570 4.400446891784668
2572 4.40579628944397
2575 4.409883975982666
2578 4.415078163146973
2580 4.41969108581543
2583 4.424919128417969
2586 4.429237604141235
2589 4.434634685516357
2592 4.438979625701904
2596 4.445148706436157
2598 4.449403285980225
2601 4.454740524291992
2604 4.458940267562866
2607 4.464089870452881
2609 4.468505620956421
2613 4.47288966178894
2615 4.478025436401367
2618 4.4826741218566895
2621 4.48764967918396
2624 4.493459939956665
2627 4.498036623001099
2630 4.50267767906189
2633 4.507663249969482
2636 4.512348890304565
2639 4.517308473587036
2641 4.521602630615234
2643 4.526890277862549
2647 4.531113147735596
2649 4.536648988723755
2653 4.5408594608306885
2655 4.547056674957275
2659 4.551251411437988
2661 4.556694030761719
2665 4.56095814704895
2667 4.566478967666626
2671 4.5706868171691895
2673 4.575786828994751
2675 4.579867124557495
2678 4.585045099258423
2683 4.589236736297607
2685 4.595816373825073
2687 4.599889516830444
2690 4.605039596557617
2693 4.609188079833984
2695 4.6146111488342285
2698 4.6187989711761475
2701 4.62394642829895
2704 4.6281046867370605
2707 4.6327619552612305
2710 4.637683629989624
2713 4.64208984375
2716 4.647998571395874
2719 4.652688980102539
2722 4.657817125320435
2725 4.662485837936401
2728 4.667434930801392
2730 4.671764373779297
2732 4.677031993865967
2736 4.681248188018799
2738 4.686619758605957
2742 4.690810680389404
2744 4.697137117385864
2748 4.701340436935425
2750 4.706744909286499
2754 4.710962533950806
2756 4.716502904891968
2760 4.720675230026245
2762 4.725848913192749
2765 4.729920387268066
2767 4.735094785690308
2770 4.739363431930542
2774 4.744675874710083
2776 4.749811172485352
2779 4.755005598068237
2782 4.759158611297607
2785 4.764521837234497
2788 4.7691779136657715
2791 4.774584531784058
2794 4.7789223194122314
2797 4.784094572067261
2799 4.788501739501953
2805 4.792902946472168
2808 4.802551984786987
2811 4.807649850845337
2814 4.81206202507019
2817 4.81736421585083
2819 4.821672677993774
2821 4.827162027359009
2825 4.831454515457153
2827 4.836907148361206
2831 4.841106414794922
2835 4.846742630004883
2837 4.851872205734253
2839 4.857128381729126
2843 4.861448764801025
2845 4.866719484329224
2849 4.870911598205566
2851 4.876063823699951
2855 4.880348443984985
2857 4.885519504547119
2859 4.889683246612549
2863 4.8948447704315186
2867 4.90045690536499
2869 4.905618190765381
2871 4.909750699996948
2874 4.914971113204956
2877 4.919109106063843
2879 4.92449164390564
2882 4.9286768436431885
2885 4.933045864105225
2888 4.937967300415039
2891 4.942616939544678
2894 4.947611570358276
2897 4.9530415534973145
2900 4.9583823680877686
2903 4.962782382965088
2906 4.967717409133911
2909 4.972357988357544
2911 4.977333068847656
2914 4.981649160385132
2916 4.986926317214966
2920 4.991124391555786
2922 4.996481418609619
2926 5.0015552043914795
2929 5.006900310516357
2933 5.012037754058838
2935 5.017354965209961
2938 5.02164888381958
2940 5.026968717575073
2944 5.0311784744262695
2946 5.036550045013428
2950 5.040775537490845
2952 5.045916318893433
2955 5.049979209899902
2958 5.056519985198975
2961 5.060712814331055
2964 5.065822124481201
2966 5.069887638092041
2970 5.075042963027954
2972 5.079427719116211
2975 5.084757328033447
2978 5.089062452316284
2981 5.094448089599609
2984 5.098633766174316
2987 5.104853868484497
2990 5.109073638916016
2992 5.114439010620117
2995 5.118614673614502
2998 5.123007774353027
3001 5.127929925918579
3004 5.132534742355347
3007 5.137661695480347
3009 5.142079830169678
3013 5.147249937057495
3016 5.151531219482422
3019 5.15756630897522
3021 5.161875486373901
3023 5.167174577713013
3027 5.171465158462524
3029 5.176733732223511
3033 5.180919170379639
3035 5.186044931411743
3039 5.190096855163574
3043 5.199048757553101
3047 5.205570697784424
3049 5.209749698638916
3053 5.214980602264404
3055 5.2194905281066895
3058 5.2247748374938965
3061 5.229140758514404
3064 5.234542608261108
3066 5.238737106323242
3069 5.2435219287872314
3072 5.2480857372283936
3075 5.252722501754761
3078 5.258800268173218
3085 5.269087076187134
3087 5.274525880813599
3090 5.2787251472473145
3093 5.283498048782349
3096 5.288034915924072
3099 5.29270339012146
3102 5.297649383544922
3105 5.302112579345703
3107 5.30806827545166
3111 5.3127336502075195
3113 5.317841053009033
3117 5.3224921226501465
3119 5.3274922370910645
3122 5.331830739974976
3124 5.337063789367676
3128 5.3412699699401855
3130 5.346834659576416
3134 5.351092576980591
3137 5.3572022914886475
3140 5.361515998840332
3142 5.36677098274231
3145 5.370973825454712
3148 5.377097129821777
3151 5.3813135623931885
3154 5.386725187301636
3157 5.390939950942993
3160 5.396108150482178
3163 5.4004151821136475
3166 5.405565977096558
3169 5.4109320640563965
3172 5.416059970855713
3175 5.420374631881714
3178 5.425515651702881
3180 5.429652452468872
3183 5.43487548828125
3186 5.439189195632935
3189 5.444596767425537
3191 5.448776483535767
3194 5.453532457351685
3198 5.459155321121216
3200 5.464548587799072
3203 5.468749284744263
3206 5.4735095500946045
3209 5.478481292724609
3212 5.4828996658325195
3215 5.487859010696411
3218 5.492505073547363
3220 5.49761962890625
3223 5.501924276351929
3226 5.50714373588562
3230 5.5125977993011475
3232 5.517579555511475
3235 5.521898508071899
3237 5.527132987976074
3241 5.5313215255737305
3243 5.536702632904053
3247 5.540914535522461
3249 5.546077489852905
3252 5.55037784576416
3255 5.555795431137085
3258 5.561042308807373
3261 5.566456079483032
3264 5.570663690567017
3267 5.575787544250488
3269 5.579856634140015
3271 5.584984540939331
3275 5.589138031005859
3280 5.594518423080444
3283 5.60241174697876
3286 5.607621192932129
3289 5.613415241241455
3292 5.618484258651733
3295 5.622870683670044
3297 5.627993106842041
3301 5.632633209228516
3303 5.637606620788574
3306 5.64191746711731
3308 5.6471216678619385
3312 5.651440143585205
3314 5.656750679016113
3318 5.661834478378296
3320 5.667104721069336
3324 5.671332359313965
3326 5.676864862442017
3330 5.681101322174072
3332 5.686473846435547
3335 5.690642833709717
3338 5.695746421813965
3340 5.699854135513306
3343 5.705064058303833
3347 5.709352254867554
3350 5.71580171585083
3352 5.719874858856201
3355 5.725052833557129
3358 5.729208469390869
3361 5.734578609466553
3364 5.738955020904541
3367 5.74409556388855
3369 5.748521089553833
3372 5.752909898757935
3375 5.757850885391235
3381 5.764086723327637
3384 5.772622108459473
3387 5.777568817138672
3389 5.78188419342041
3391 5.787087917327881
3395 5.791310787200928
3397 5.796947956085205
3401 5.8011698722839355
3403 5.806589603424072
3407 5.810767412185669
3409 5.816813707351685
3413 5.821018934249878
3415 5.82637882232666
3419 5.830453634262085
3421 5.835576295852661
3423 5.839746713638306
3426 5.844970941543579
3429 5.8491246700286865
3432 5.8545081615448
3434 5.858875274658203
3439 5.864059925079346
3441 5.869488000869751
3444 5.87477970123291
3447 5.878939628601074
3449 5.8840813636779785
3452 5.888538122177124
3455 5.892955303192139
3458 5.897890090942383
3461 5.9025397300720215
3464 5.907488584518433
3467 5.911820888519287
3470 5.917888641357422
3473 5.922510862350464
3476 5.927464008331299
3478 5.931810617446899
3481 5.9370410442352295
3484 5.941250324249268
3487 5.946624755859375
3490 5.950835943222046
3492 5.955986499786377
3495 5.960030794143677
3498 5.965165615081787
3502 5.970456123352051
3504 5.975823640823364
3507 5.979907751083374
3509 5.985106468200684
3513 5.989371299743652
3517 5.994672775268555
