0 0.0034003257751464844
1 0.015104055404663086
2 0.026723861694335938
4 0.03687238693237305
8 0.04638075828552246
10 0.05569028854370117
13 0.06409335136413574
15 0.07252216339111328
18 0.07692790031433105
19 0.08186960220336914
22 0.08648800849914551
24 0.0914306640625
26 0.09572958946228027
28 0.10103845596313477
31 0.10525321960449219
33 0.1106724739074707
36 0.11490726470947266
39 0.12102866172790527
42 0.12525248527526855
44 0.13084650039672852
48 0.13509011268615723
50 0.1406116485595703
54 0.14485716819763184
56 0.15001273155212402
60 0.15406513214111328
62 0.15953683853149414
64 0.16373205184936523
68 0.17005014419555664
72 0.17437338829040527
77 0.1795334815979004
80 0.18843936920166016
83 0.1928846836090088
86 0.19804739952087402
88 0.2026081085205078
92 0.20699858665466309
95 0.21207976341247559
99 0.21676135063171387
101 0.22272181510925293
105 0.2274777889251709
108 0.23209810256958008
112 0.2367546558380127
114 0.24176359176635742
118 0.2463674545288086
121 0.25147485733032227
124 0.25583744049072266
126 0.261094331741333
130 0.2652888298034668
134 0.27164578437805176
138 0.276320219039917
141 0.28128623962402344
144 0.2855851650238037
146 0.2908809185028076
150 0.29512858390808105
153 0.3005099296569824
157 0.3047037124633789
160 0.3099784851074219
164 0.3140556812286377
166 0.3195006847381592
170 0.3249359130859375
173 0.33033013343811035
177 0.33443355560302734
180 0.33957672119140625
182 0.34374022483825684
186 0.34987568855285645
189 0.35397887229919434
193 0.35913634300231934
196 0.3634073734283447
200 0.3687295913696289
204 0.37409424781799316
207 0.37955665588378906
210 0.38370776176452637
212 0.38893818855285645
216 0.3931088447570801
219 0.3985421657562256
223 0.4028940200805664
226 0.4080836772918701
228 0.41249632835388184
232 0.41690945625305176
237 0.4218614101409912
240 0.4280433654785156
242 0.43263959884643555
246 0.4370307922363281
249 0.4419405460357666
253 0.44658780097961426
256 0.45154595375061035
258 0.4558866024017334
261 0.46114015579223633
265 0.4654514789581299
269 0.47072720527648926
272 0.4758288860321045
275 0.48107290267944336
279 0.4852936267852783
282 0.49086737632751465
286 0.49510717391967773
288 0.500490665435791
292 0.5046734809875488
295 0.5097813606262207
298 0.5138628482818604
300 0.5190808773040771
306 0.5233449935913086
309 0.5299100875854492
312 0.5340085029602051
316 0.5391530990600586
318 0.5434372425079346
321 0.548729658126831
325 0.5530569553375244
328 0.5584309101104736
330 0.5626332759857178
335 0.5669996738433838
339 0.5719609260559082
344 0.5783870220184326
348 0.5865261554718018
351 0.5916199684143066
355 0.596095085144043
358 0.6014256477355957
362 0.6057596206665039
364 0.6112730503082275
367 0.6155674457550049
370 0.6208662986755371
376 0.6251120567321777
378 0.6312801837921143
381 0.6355559825897217
384 0.6408500671386719
388 0.6450765132904053
390 0.6504442691802979
394 0.6546330451965332
397 0.6599342823028564
400 0.6640491485595703
404 0.669586181640625
408 0.6737699508666992
411 0.6800787448883057
415 0.6843860149383545
418 0.6895709037780762
420 0.6937146186828613
423 0.6989283561706543
427 0.7030982971191406
430 0.7085273265838623
433 0.7127232551574707
437 0.7174980640411377
440 0.7220582962036133
444 0.7267043590545654
446 0.7327795028686523
450 0.737929105758667
453 0.7423367500305176
457 0.7467489242553711
460 0.7516677379608154
464 0.756103515625
467 0.761324405670166
470 0.7656338214874268
472 0.7709918022155762
478 0.7752203941345215
480 0.781360387802124
483 0.7856981754302979
487 0.7911977767944336
490 0.795515775680542
492 0.8008251190185547
497 0.8050763607025146
500 0.8104352951049805
504 0.8145458698272705
506 0.8197479248046875
509 0.8238451480865479
513 0.829028844833374
517 0.8343570232391357
520 0.8395326137542725
522 0.8437216281890869
525 0.8489193916320801
529 0.8533194065093994
532 0.8586349487304688
535 0.8628048896789551
539 0.8679063320159912
542 0.8723483085632324
546 0.8767380714416504
548 0.8827426433563232
552 0.8875062465667725
555 0.8923425674438477
559 0.8967418670654297
562 0.9017086029052734
566 0.9063336849212646
569 0.9114482402801514
572 0.9157438278198242
576 0.9211812019348145
578 0.9254906177520752
582 0.9308316707611084
586 0.9360630512237549
589 0.9412665367126465
592 0.9455626010894775
595 0.950859546661377
599 0.9551088809967041
602 0.9604554176330566
606 0.964714527130127
608 0.9699680805206299
611 0.974045991897583
618 0.9794251918792725
622 0.9890670776367188
625 0.9934582710266113
629 0.9987714290618896
632 1.004065752029419
636 1.009577751159668
638 1.0137245655059814
641 1.0189189910888672
645 1.0230977535247803
648 1.0284826755523682
652 1.033869743347168
654 1.0390543937683105
659 1.0433158874511719
662 1.0486130714416504
666 1.0529460906982422
668 1.0580484867095947
671 1.06247878074646
675 1.0668883323669434
678 1.0718142986297607
682 1.0764546394348145
684 1.0813758373260498
689 1.0867090225219727
691 1.0918371677398682
696 1.0964617729187012
698 1.1014177799224854
701 1.1057264804840088
704 1.110994577407837
708 1.1152193546295166
710 1.1205635070800781
714 1.1247406005859375
717 1.1298322677612305
722 1.1339104175567627
724 1.140420913696289
728 1.1445996761322021
731 1.1499145030975342
734 1.154003620147705
738 1.1591315269470215
740 1.1634037494659424
743 1.168712854385376
747 1.1729164123535156
750 1.1780588626861572
754 1.1826376914978027
757 1.188887596130371
761 1.1931228637695312
764 1.1985406875610352
766 1.2027575969696045
770 1.207505464553833
773 1.2124688625335693
777 1.2168796062469482
780 1.2218189239501953
784 1.2264764308929443
787 1.2314276695251465
791 1.236769199371338
794 1.241745948791504
798 1.246337890625
800 1.251291036605835
803 1.2556138038635254
806 1.2608749866485596
810 1.2650861740112305
813 1.2706098556518555
817 1.2748329639434814
820 1.2799689769744873
824 1.284038782119751
826 1.29048752784729
830 1.2946562767028809
833 1.2997643947601318
836 1.303851842880249
840 1.3090276718139648
842 1.3134281635284424
845 1.318701982498169
849 1.3228812217712402
852 1.3280327320098877
855 1.3325879573822021
859 1.337012767791748
863 1.3428950309753418
866 1.348850965499878
870 1.3530158996582031
872 1.3584067821502686
875 1.362626552581787
880 1.3670201301574707
882 1.3719189167022705
886 1.3765895366668701
893 1.3815271854400635
896 1.3913793563842773
898 1.3956971168518066
901 1.401125192642212
905 1.40531587600708
908 1.4108355045318604
912 1.4150736331939697
915 1.4204978942871094
919 1.4246797561645508
922 1.4297733306884766
924 1.433854341506958
928 1.439028024673462
932 1.4446020126342773
935 1.4498984813690186
938 1.453986644744873
942 1.4591259956359863
945 1.4633936882019043
948 1.4686880111694336
952 1.4728996753692627
954 1.4780466556549072
957 1.482466697692871
961 1.4868483543395996
964 1.4928398132324219
968 1.498009204864502
971 1.502394437789917
975 1.5068049430847168
978 1.5119104385375977
982 1.5165345668792725
984 1.521477222442627
987 1.5258164405822754
990 1.531090497970581
994 1.5353078842163086
998 1.5406925678253174
1001 1.5458362102508545
1004 1.5510952472686768
1008 1.555419683456421
1010 1.5607388019561768
1014 1.5649354457855225
1017 1.5705146789550781
1021 1.574720859527588
1024 1.579807996749878
1026 1.5838944911956787
1030 1.5890910625457764
1035 1.5946485996246338
1037 1.5997750759124756
1040 1.6038641929626465
1044 1.6091203689575195
1047 1.6133966445922852
1050 1.6187119483947754
1054 1.6228950023651123
1056 1.6280603408813477
1059 1.632704734802246
1063 1.6375081539154053
1067 1.6420860290527344
1070 1.6485321521759033
1073 1.652724027633667
1077 1.657459020614624
1080 1.6620192527770996
1084 1.6666738986968994
1086 1.6716384887695312
1089 1.676055908203125
1093 1.6812357902526855
1096 1.6855995655059814
1100 1.6910388469696045
1104 1.6964035034179688
1107 1.7014918327331543
1110 1.7058241367340088
1112 1.7110888957977295
1116 1.7152748107910156
1119 1.720672369003296
1123 1.7248828411102295
1126 1.7300240993499756
1130 1.734088659286499
1136 1.7394700050354004
1140 1.7495229244232178
1142 1.7537007331848145
1145 1.7588446140289307
1149 1.7629883289337158
1152 1.768333911895752
1154 1.7725648880004883
1158 1.7770087718963623
1164 1.7819850444793701
1167 1.791139841079712
1175 1.802804946899414
1179 1.808004379272461
1182 1.8126769065856934
1186 1.8174400329589844
1189 1.8219926357269287
1193 1.8267185688018799
1196 1.8318157196044922
1200 1.8364720344543457
1202 1.8414292335510254
1206 1.8457722663879395
1209 1.851797103881836
1213 1.856452465057373
1216 1.8614685535430908
1219 1.865779161453247
1223 1.8712143898010254
1226 1.8755085468292236
1228 1.880859613418579
1232 1.8851318359375
1235 1.890496015548706
1239 1.8946983814239502
1242 1.900763988494873
1246 1.90498948097229
1248 1.9103422164916992
1253 1.9144346714019775
1256 1.9195642471313477
1258 1.9237315654754639
1262 1.9289655685424805
1265 1.933401107788086
1268 1.9387407302856445
1272 1.9429373741149902
1274 1.948089599609375
1278 1.953385829925537
1281 1.9586846828460693
1285 1.9630193710327148
1288 1.9684314727783203
1291 1.9726271629333496
1295 1.977393388748169
1298 1.981977939605713
1302 1.986621379852295
1304 1.9917001724243164
1309 1.9963386058807373
1311 2.0020503997802734
1316 2.0066967010498047
1318 2.0116448402404785
1322 2.0160868167877197
1325 2.0212996006011963
1328 2.0256290435791016
1330 2.030954599380493
1334 2.035158157348633
1337 2.0405118465423584
1341 2.044720411300659
1344 2.0508880615234375
1348 2.055209159851074
1351 2.06058931350708
1355 2.0647706985473633
1358 2.0699076652526855
1360 2.0739855766296387
1364 2.0791397094726562
1367 2.083418607711792
1370 2.0887420177459717
1374 2.0930798053741455
1378 2.098484516143799
1381 2.1037309169769287
1385 2.1089582443237305
1388 2.113389253616333
1390 2.1186909675598145
1394 2.1228883266448975
1397 2.1280510425567627
1400 2.1324915885925293
1404 2.1368863582611084
1407 2.1418325901031494
1411 2.146469831466675
1414 2.152372360229492
1418 2.156862497329712
1420 2.161837577819824
1424 2.1664648056030273
1427 2.171552896499634
1430 2.175856590270996
1433 2.1811015605926514
1440 2.185431718826294
1442 2.1938838958740234
1446 2.1991026401519775
1450 2.2046735286712646
1453 2.2099814414978027
1456 2.21405029296875
1460 2.2197535037994385
1462 2.2238638401031494
1467 2.229036569595337
1470 2.233452081680298
1472 2.238780975341797
1476 2.2429707050323486
1479 2.2483408451080322
1483 2.2525484561920166
1486 2.2587475776672363
1490 2.262922763824463
1492 2.2683186531066895
1495 2.2725424766540527
1499 2.276947498321533
1502 2.281888723373413
1506 2.286485433578491
1509 2.2916042804718018
1512 2.2960422039031982
1516 2.3012452125549316
1520 2.3065476417541504
1522 2.3115439414978027
1525 2.3158485889434814
1528 2.321096658706665
1532 2.3254354000091553
1535 2.3307406902313232
1539 2.3349342346191406
1542 2.340080976486206
1546 2.3443851470947266
1548 2.350681781768799
1552 2.355670690536499
1555 2.3609511852264404
1559 2.3651530742645264
1562 2.370532989501953
1566 2.374718427658081
1569 2.37986421585083
1572 2.383958578109741
1576 2.389136552810669
1578 2.3933944702148438
1581 2.3987081050872803
1585 2.402902364730835
1589 2.409130096435547
1592 2.4136385917663574
1595 2.4188356399536133
1599 2.4230289459228516
1602 2.428438663482666
1604 2.432630777359009
1608 2.436997890472412
1611 2.4419214725494385
1615 2.446544885635376
1618 2.451502561569214
1622 2.4568989276885986
1625 2.4618797302246094
1629 2.4665019512176514
1632 2.4716403484344482
1636 2.476071357727051
1638 2.4814093112945557
1641 2.485729455947876
1644 2.4910292625427246
1648 2.4952406883239746
1651 2.500671863555908
1655 2.5049030780792236
1658 2.511075973510742
1662 2.51542329788208
1664 2.520749092102051
1668 2.5249545574188232
1671 2.5305120944976807
1675 2.534738779067993
1678 2.5398950576782227
1681 2.544010877609253
1685 2.5491509437561035
1688 2.5533969402313232
1692 2.5597448348999023
1694 2.5638580322265625
1697 2.5690526962280273
1701 2.573366165161133
1704 2.5786330699920654
1706 2.5828118324279785
1713 2.5914762020111084
1718 2.5959901809692383
1720 2.6012988090515137
1724 2.6056175231933594
1727 2.611908197402954
1731 2.616507053375244
1734 2.621584415435791
1736 2.6260015964508057
1739 2.631122350692749
1743 2.6353113651275635
1746 2.640697956085205
1750 2.644888162612915
1753 2.6504666805267334
1757 2.6547160148620605
1760 2.6607398986816406
1764 2.6650853157043457
1766 2.6704487800598145
1771 2.674639940261841
1773 2.6797845363616943
1776 2.6838743686676025
1779 2.6891050338745117
1783 2.693368673324585
1786 2.69865345954895
1790 2.702831268310547
1794 2.708024263381958
1796 2.713637113571167
1799 2.718824625015259
1803 2.722989559173584
1806 2.7281081676483154
1809 2.732520341873169
1813 2.7369332313537598
1816 2.7420780658721924
1820 2.7467360496520996
1822 2.7516660690307617
1826 2.7561028003692627
1829 2.762063503265381
1833 2.7667434215545654
1836 2.7719051837921143
1840 2.7765355110168457
1843 2.781679630279541
1847 2.7863152027130127
1850 2.791332483291626
1852 2.7956302165985107
1855 2.800912618637085
1859 2.8051223754882812
1863 2.8104960918426514
1866 2.815650463104248
1869 2.8209095001220703
1873 2.8251187801361084
1876 2.830644369125366
1880 2.8348777294158936
1882 2.840026378631592
1886 2.8443515300750732
1889 2.8495278358459473
1892 2.853698968887329
1895 2.8589110374450684
1900 2.864377975463867
1903 2.869823694229126
1906 2.873894214630127
1908 2.879094123840332
1912 2.883359909057617
1915 2.8886590003967285
1919 2.8929696083068848
1922 2.898367404937744
1924 2.9025657176971436
1929 2.9069664478302
1933 2.9119150638580322
1936 2.9180448055267334
1938 2.9224705696105957
1942 2.9268999099731445
1945 2.9318528175354004
1949 2.9364824295043945
1952 2.9414327144622803
1954 2.9457597732543945
1959 2.9511799812316895
1962 2.9555063247680664
1964 2.9608592987060547
1968 2.9658708572387695
1971 2.9711225032806396
1975 2.9753146171569824
1978 2.9807043075561523
1985 2.9849274158477783
1987 2.993703842163086
1992 2.9988949298858643
1994 3.003408670425415
1997 3.0087404251098633
2002 3.013162136077881
2005 3.0199081897735596
2008 3.023982524871826
2012 3.029130697250366
2014 3.0333712100982666
2017 3.038682222366333
2022 3.042860269546509
2024 3.0479936599731445
2027 3.052382707595825
2031 3.056762933731079
2034 3.0617079734802246
2038 3.067540407180786
2040 3.0724923610687256
2044 3.076904296875
2047 3.081831455230713
2051 3.0864641666412354
2054 3.0914533138275146
2057 3.095796823501587
2060 3.101085901260376
2064 3.105253219604492
2066 3.1106812953948975
2070 3.1148877143859863
2073 3.1210873126983643
2077 3.1254525184631348
2080 3.130889892578125
2084 3.1350886821746826
2087 3.140420436859131
2091 3.1446213722229004
2094 3.149747848510742
2096 3.153834104537964
2099 3.158966541290283
2103 3.1631057262420654
2107 3.1694161891937256
2110 3.173593521118164
2113 3.1787755489349365
2117 3.1829628944396973
2120 3.188319683074951
2122 3.192704916000366
2126 3.197460889816284
2129 3.202042579650879
2133 3.2066400051116943
2136 3.2116124629974365
2140 3.2160093784332275
2143 3.221970796585083
2147 3.226667642593384
2150 3.2316339015960693
2152 3.236056089401245
2156 3.241236686706543
2159 3.245609998703003
2162 3.2510080337524414
2166 3.2552502155303955
2168 3.260810136795044
2172 3.2650492191314697
2177 3.271153688430786
2180 3.2754859924316406
2182 3.280731439590454
2186 3.2849416732788086
2189 3.2900941371917725
2193 3.2943813800811768
2196 3.299534320831299
2198 3.3036859035491943
2201 3.30888032913208
2205 3.3133153915405273
2210 3.3186631202697754
2212 3.323868751525879
2215 3.329023838043213
2219 3.3331539630889893
2222 3.338543176651001
2224 3.342709541320801
2228 3.347477674484253
2233 3.352917194366455
2236 3.3580482006073
2238 3.3624320030212402
2242 3.3668735027313232
2246 3.373058795928955
2249 3.3784313201904297
2252 3.3826332092285156
2258 3.387024164199829
2262 3.396057367324829
2265 3.4013681411743164
2268 3.4056644439697266
2271 3.411083936691284
2275 3.4152672290802
2279 3.420811891555786
2283 3.4260358810424805
2286 3.4313600063323975
2288 3.435701608657837
2291 3.4409706592559814
2295 3.445185899734497
2298 3.4505844116210938
2302 3.454771041870117
2305 3.459907293319702
2308 3.463968515396118
2312 3.4691219329833984
2316 3.474698305130005
2318 3.4798150062561035
2321 3.483879566192627
2325 3.4890921115875244
2328 3.4936132431030273
2332 3.498821258544922
2335 3.5034661293029785
2339 3.509134531021118
2346 3.519805908203125
2350 3.524972438812256
2352 3.5304114818573
2357 3.534543037414551
2360 3.539736032485962
2362 3.5438742637634277
2366 3.5490663051605225
2369 3.5534770488739014
2372 3.5588295459747314
2376 3.5630321502685547
2378 3.5684168338775635
2382 3.5726232528686523
2385 3.578847885131836
2389 3.5830254554748535
2392 3.5884337425231934
2395 3.5926308631896973
2399 3.5970139503479004
2402 3.6019561290740967
2406 3.606619119644165
2408 3.6117324829101562
2412 3.6163454055786133
2415 3.6213364601135254
2419 3.6266860961914062
2422 3.631678581237793
2426 3.6361050605773926
2429 3.6412837505340576
2432 3.645594596862793
2434 3.6510047912597656
2438 3.6552436351776123
2441 3.6606011390686035
2445 3.6648430824279785
2448 3.670323133468628
2452 3.674415111541748
2455 3.6806352138519287
2459 3.6848645210266113
2462 3.6900274753570557
2466 3.694345474243164
2468 3.699528932571411
2471 3.7036943435668945
2474 3.7089109420776367
2478 3.713062286376953
2481 3.718440055847168
2484 3.7226498126983643
2488 3.7273924350738525
2492 3.733001232147217
2494 3.7384297847747803
2497 3.7426421642303467
2501 3.7474260330200195
2504 3.751981496810913
2508 3.7566280364990234
2511 3.7615978717803955
2513 3.7660045623779297
2518 3.7712016105651855
2522 3.7755465507507324
2524 3.7817351818084717
2530 3.786365032196045
2534 3.7949905395507812
2536 3.8005189895629883
2541 3.8047308921813965
2544 3.810021162033081
2548 3.8140878677368164
2550 3.8196351528167725
2553 3.82381534576416
2557 3.829019546508789
2561 3.8340954780578613
2564 3.839528799057007
2566 3.84369158744812
2569 3.848853588104248
2573 3.8531653881073
2576 3.8586270809173584
2579 3.8627970218658447
2583 3.867912769317627
2586 3.8720669746398926
2590 3.876718282699585
2592 3.882580518722534
2596 3.887014150619507
2599 3.8919289112091064
2603 3.896613597869873
2606 3.9015896320343018
2610 3.9059858322143555
2613 3.9113364219665527
2616 3.915632724761963
2618 3.9209144115448
2622 3.9251463413238525
2626 3.9304938316345215
2629 3.9356272220611572
2632 3.940934658050537
2636 3.945150375366211
2639 3.9504947662353516
2643 3.9547016620635986
2646 3.959808349609375
2648 3.9638733863830566
2652 3.9691243171691895
2655 3.9736452102661133
2659 3.9788637161254883
2663 3.984079360961914
2666 3.9894518852233887
2669 3.993590831756592
2672 3.9987940788269043
2676 4.002969026565552
2678 4.0083184242248535
2681 4.012523174285889
2685 4.016922473907471
2688 4.021829605102539
2692 4.026485919952393
2695 4.0315940380096436
2699 4.0369508266448975
2702 4.042360067367554
2706 4.046759128570557
2708 4.051705837249756
2712 4.05634069442749
2716 4.0638651847839355
2719 4.069058656692505
2723 4.073212623596191
2726 4.078648328781128
2730 4.08375096321106
2734 4.088968753814697
2737 4.09337854385376
2740 4.09870719909668
2744 4.102887868881226
2746 4.1080641746521
2749 4.112458944320679
2753 4.116873502731323
2756 4.121829032897949
2760 4.126466751098633
2763 4.131451845169067
2767 4.136820316314697
2770 4.14192533493042
2774 4.146580219268799
2776 4.151681900024414
2780 4.156087398529053
2783 4.161275625228882
2786 4.165561676025391
2789 4.171023845672607
2793 4.17522406578064
2796 4.180597305297852
2800 4.185529708862305
2806 4.190863370895386
2809 4.199768304824829
2812 4.203861951828003
2816 4.2090301513671875
2819 4.213663578033447
2822 4.218851804733276
2826 4.223152160644531
2828 4.228545188903809
2832 4.23271107673645
2835 4.238965749740601
2839 4.243123531341553
2842 4.248520851135254
2844 4.252762794494629
2849 4.257507085800171
2851 4.262057304382324
2856 4.266707181930542
2858 4.2718212604522705
2862 4.276463031768799
2865 4.2814483642578125
2869 4.286835432052612
2872 4.291803359985352
2876 4.296470403671265
2879 4.301594257354736
2881 4.305891990661621
2884 4.311123847961426
2888 4.315436363220215
2891 4.320727586746216
2895 4.3249592781066895
2898 4.330489158630371
2902 4.334667444229126
2904 4.3408379554748535
2909 4.345073223114014
2911 4.351063013076782
2916 4.35525107383728
2918 4.360630035400391
2922 4.364839792251587
2925 4.36998724937439
2929 4.374100685119629
2932 4.37949800491333
2934 4.3836281299591064
2938 4.390040397644043
2943 4.39433217048645
2946 4.3995020389556885
2948 4.403663873672485
2951 4.408888339996338
2955 4.413021087646484
2958 4.41840672492981
2960 4.422582149505615
2964 4.426972150802612
2967 4.432062864303589
2971 4.436733961105347
2974 4.4427571296691895
2978 4.447511434555054
2981 4.452453374862671
2985 4.456859827041626
2988 4.4618072509765625
2992 4.466463088989258
2994 4.471416711807251
2997 4.475710153579712
3000 4.480994701385498
3004 4.485215425491333
3008 4.491375207901001
3011 4.495683193206787
3014 4.500978231430054
3018 4.505162954330444
3020 4.510674476623535
3024 4.514906644821167
3027 4.520006418228149
3030 4.524072170257568
3034 4.529432773590088
3037 4.5335845947265625
3041 4.538798093795776
3044 4.54403281211853
3048 4.549381256103516
3050 4.553431510925293
3053 4.558727979660034
3057 4.563040018081665
3060 4.568398714065552
3063 4.572759628295898
3067 4.577882289886475
3070 4.58206582069397
3074 4.586690902709961
3080 4.596524238586426
3083 4.6016271114349365
3087 4.6060497760772705
3090 4.611352920532227
3092 4.615646839141846
3095 4.6210618019104
3099 4.62528395652771
3102 4.630828380584717
3106 4.63506293296814
3110 4.640410900115967
3113 4.645521640777588
3116 4.650877237319946
3120 4.65509557723999
3123 4.660455226898193
3127 4.664717674255371
3130 4.66985011100769
3132 4.6739349365234375
3136 4.6791603565216064
3139 4.683401346206665
3142 4.688694715499878
3146 4.694027662277222
3150 4.699409008026123
3152 4.7034454345703125
3155 4.7087624073028564
3160 4.712940216064453
3162 4.718060255050659
3165 4.72251033782959
3169 4.726915597915649
3172 4.7318336963653564
3176 4.736489772796631
3178 4.741438865661621
3182 4.746815204620361
3185 4.751871824264526
3189 4.756480932235718
3192 4.761418581008911
3195 4.765770196914673
3198 4.771099805831909
3203 4.775314569473267
3206 4.782022714614868
3212 4.791746616363525
3217 4.797905445098877
3219 4.802072048187256
3224 4.806683778762817
3226 4.811812400817871
3230 4.816479206085205
3233 4.821586847305298
3236 4.825888395309448
3238 4.831099510192871
3242 4.835307836532593
3245 4.8406982421875
3250 4.844916820526123
3252 4.851138353347778
3256 4.855429172515869
3259 4.860724210739136
3263 4.864917278289795
3266 4.8704798221588135
3270 4.87471079826355
3272 4.87982177734375
3275 4.883864164352417
3278 4.889016628265381
3284 4.893149375915527
3286 4.899553537368774
3289 4.903695821762085
3292 4.908883810043335
3296 4.913036108016968
3298 4.918403625488281
3301 4.922569036483765
3305 4.9269859790802
3308 4.932085037231445
3312 4.936734914779663
3315 4.941702365875244
3319 4.946093559265137
3322 4.952453851699829
3326 4.956833362579346
3328 4.961745262145996
3332 4.966344594955444
3335 4.971299409866333
3338 4.975581169128418
3341 4.980896949768066
3345 4.985089540481567
3352 4.990598678588867
3354 5.000596523284912
3358 5.0048041343688965
3361 5.01010274887085
3365 5.014392137527466
3368 5.019756078720093
3371 5.0238378047943115
3374 5.028997898101807
3378 5.033152103424072
3380 5.038544178009033
3383 5.042720794677734
3387 5.047499656677246
3391 5.053328037261963
3394 5.058706760406494
3398 5.062891006469727
3401 5.06804347038269
3404 5.072424650192261
3408 5.076828718185425
3410 5.081907272338867
3414 5.086533546447754
3417 5.091468811035156
3421 5.095774412155151
3424 5.10178542137146
3428 5.1064112186431885
3430 5.111534357070923
3433 5.115855693817139
3436 5.121106386184692
3440 5.12530255317688
3443 5.13069224357605
3447 5.134880781173706
3450 5.139986991882324
3452 5.144062757492065
3456 5.149442195892334
3460 5.154829740524292
3463 5.159993886947632
3466 5.164074897766113
3470 5.16960072517395
3473 5.173767566680908
3476 5.178956508636475
3480 5.183129787445068
3482 5.188538074493408
3485 5.192723751068115
3489 5.197516679763794
3493 5.203124761581421
3496 5.208516836166382
3500 5.2128918170928955
3503 5.2180492877960205
3506 5.222454786300659
3510 5.22687554359436
3512 5.231965065002441
3516 5.23660945892334
3519 5.241522312164307
3522 5.245835304260254
3526 5.251070976257324
3530 5.256536483764648
3533 5.2614641189575195
3540 5.271963119506836
3544 5.27663779258728
3546 5.281620025634766
3550 5.286022424697876
3553 5.291306734085083
3556 5.295650005340576
3560 5.300926923751831
3564 5.306344985961914
3567 5.311304807662964
3570 5.3156421184539795
3572 5.32091212272644
3576 5.325124740600586
3579 5.3304736614227295
3583 5.334670305252075
3586 5.339982032775879
3590 5.344065427780151
3594 5.350601434707642
3597 5.355663299560547
3600 5.360958576202393
3604 5.365170955657959
3606 5.370518684387207
3610 5.37472939491272
3613 5.3798744678497314
3616 5.383977651596069
3620 5.389132976531982
3626 5.393420934677124
3630 5.402447462081909
3632 5.408677101135254
3636 5.413088083267212
3639 5.418487548828125
3642 5.422814846038818
3646 5.427939176559448
3649 5.432385683059692
3653 5.4368181228637695
3656 5.44172477722168
3660 5.4463560581207275
3662 5.451330900192261
3666 5.4567711353302
3669 5.461709260940552
3673 5.466330289840698
3676 5.471484422683716
3679 5.4758384227752686
3681 5.481121301651001
3686 5.485415697097778
3688 5.490725755691528
3692 5.494940280914307
3695 5.500063180923462
3699 5.5044167041778564
3702 5.5107581615448
3706 5.514950752258301
3709 5.520082712173462
3713 5.524390935897827
3716 5.529815912246704
3718 5.5339131355285645
3721 5.539084196090698
3725 5.543348550796509
3728 5.548644065856934
3730 5.552809476852417
3734 5.558993101119995
3738 5.563162088394165
3741 5.568601846694946
3744 5.572768449783325
3748 5.577920198440552
3751 5.5820794105529785
3755 5.586737632751465
3758 5.59184718132019
3762 5.596477746963501
3764 5.6016154289245605
3768 5.606047630310059
3771 5.612048864364624
3775 5.616694211959839
3778 5.621642589569092
3782 5.626075506210327
3785 5.63128924369812
3788 5.635569095611572
3790 5.640882730484009
3794 5.645087003707886
3797 5.650593996047974
3801 5.65480637550354
3804 5.66098952293396
3808 5.6652116775512695
3811 5.670600891113281
3815 5.674817323684692
3818 5.679951906204224
3820 5.684021234512329
3824 5.689384460449219
3827 5.69343376159668
3830 5.698740482330322
3834 5.702926874160767
3838 5.708096027374268
3841 5.71343207359314
3844 5.7187395095825195
3848 5.722978115081787
3850 5.728081703186035
3853 5.732667446136475
3857 5.737424850463867
3860 5.742676258087158
3864 5.747504472732544
3867 5.7520692348480225
3871 5.756709575653076
3874 5.762715101242065
3878 5.767467498779297
3880 5.7724926471710205
3884 5.776900291442871
3887 5.781848907470703
3891 5.786467552185059
3894 5.791427850723267
3900 5.795759916305542
3904 5.804404973983765
3906 5.8097617626190186
3910 5.815094709396362
3913 5.820615291595459
3917 5.824818849563599
3920 5.83041787147522
3924 5.834590911865234
3927 5.839734792709351
3930 5.843839645385742
3932 5.849025726318359
3936 5.853159189224243
3940 5.858599662780762
3943 5.863958358764648
3947 5.869136810302734
3950 5.873408317565918
3952 5.878730535507202
3957 5.882938623428345
3960 5.888084173202515
3962 5.892653942108154
3966 5.897406578063965
3969 5.9019670486450195
3973 5.906677961349487
3976 5.911673545837402
3980 5.917492866516113
3982 5.9220545291900635
3986 5.926668167114258
3989 5.931646823883057
3994 5.93608283996582
3996 5.94129490852356
3999 5.945599317550659
4002 5.9510228633880615
4006 5.955218315124512
4010 5.960601091384888
4012 5.9657206535339355
4015 5.971007823944092
4019 5.975215673446655
4022 5.98101806640625
4026 5.985229969024658
4029 5.990868330001831
4033 5.9951112270355225
