0 0.003505706787109375
1 0.015450716018676758
2 0.023564815521240234
4 0.03339815139770508
7 0.04369211196899414
10 0.05536055564880371
14 0.06455779075622559
17 0.07313656806945801
20 0.0803537368774414
23 0.0868837833404541
26 0.0910801887512207
28 0.09647512435913086
31 0.10067081451416016
34 0.10543513298034668
36 0.11041378974914551
40 0.11483979225158691
44 0.11980986595153809
46 0.12600445747375488
49 0.13042378425598145
53 0.13482260704040527
55 0.13993573188781738
59 0.14458584785461426
62 0.14957284927368164
66 0.15401411056518555
69 0.15918707847595215
72 0.16348838806152344
76 0.16897106170654297
80 0.17442917823791504
82 0.17938995361328125
85 0.18373775482177734
88 0.18900394439697266
92 0.193206787109375
96 0.1985781192779541
100 0.20282673835754395
102 0.20795059204101562
107 0.2120227813720703
110 0.2174537181854248
114 0.22161555290222168
117 0.2283928394317627
122 0.23256516456604004
124 0.2377626895904541
128 0.2418689727783203
132 0.24704980850219727
135 0.25133204460144043
138 0.2566802501678467
142 0.2608678340911865
145 0.2660067081451416
150 0.2706308364868164
153 0.2768540382385254
157 0.281008243560791
160 0.28641247749328613
165 0.29078078269958496
168 0.29597043991088867
171 0.30038905143737793
176 0.30478835105895996
178 0.3097398281097412
183 0.31439852714538574
186 0.31940293312072754
200 0.3237450122833252
206 0.34436774253845215
215 0.35335397720336914
223 0.36493515968322754
240 0.380983829498291
250 0.3940117359161377
261 0.40920042991638184
272 0.42171764373779297
281 0.4387352466583252
292 0.4509434700012207
302 0.4631490707397461
321 0.4790351390838623
334 0.4997692108154297
352 0.5226848125457764
359 0.5392675399780273
370 0.5586519241333008
374 0.566361665725708
378 0.5707399845123291
382 0.5758767127990723
387 0.5800216197967529
390 0.5864017009735107
394 0.5907773971557617
398 0.5959572792053223
401 0.6003811359405518
405 0.6047825813293457
408 0.6097202301025391
413 0.6143777370452881
416 0.6193356513977051
419 0.6236531734466553
422 0.6289148330688477
428 0.6343092918395996
432 0.6392714977264404
434 0.64361572265625
438 0.6490151882171631
442 0.6532268524169922
445 0.6587779521942139
450 0.6630072593688965
453 0.6683721542358398
458 0.6725704669952393
461 0.6776957511901855
465 0.6817889213562012
468 0.6883273124694824
473 0.6924543380737305
476 0.6976401805877686
479 0.70176100730896
484 0.7069368362426758
487 0.711341142654419
490 0.7166571617126465
494 0.7208726406097412
498 0.7263104915618896
502 0.7305183410644531
505 0.7367353439331055
510 0.7408983707427979
513 0.7462823390960693
516 0.7505419254302979
521 0.7549500465393066
524 0.7599062919616699
528 0.7645466327667236
531 0.7696371078491211
536 0.7742612361907959
539 0.7792470455169678
547 0.7835903167724609
550 0.793682336807251
553 0.7991025447845459
558 0.8034939765930176
561 0.8089325428009033
565 0.813145637512207
568 0.8186790943145752
573 0.8228867053985596
576 0.8284456729888916
581 0.8326737880706787
584 0.8387689590454102
588 0.8429980278015137
592 0.8483421802520752
596 0.8524684906005859
599 0.8576395511627197
602 0.8617544174194336
605 0.866917610168457
610 0.8710579872131348
613 0.8764734268188477
618 0.8808202743530273
622 0.885993242263794
625 0.8913936614990234
628 0.8966848850250244
633 0.9008557796478271
636 0.9059908390045166
639 0.9104077816009521
644 0.9148502349853516
647 0.9199562072753906
652 0.9246058464050293
654 0.929558515548706
659 0.9340219497680664
662 0.9399044513702393
667 0.9446005821228027
672 0.9509336948394775
674 0.9563233852386475
678 0.9605453014373779
682 0.9649314880371094
685 0.9698545932769775
690 0.9745354652404785
693 0.9795315265655518
698 0.9839510917663574
701 0.9898898601531982
705 0.9945650100708008
708 0.999542236328125
713 1.0039682388305664
716 1.0092644691467285
719 1.013582706451416
722 1.0188305377960205
727 1.0230262279510498
730 1.0284037590026855
734 1.0326032638549805
738 1.0376911163330078
742 1.0430166721343994
745 1.0485172271728516
750 1.0527088642120361
753 1.0579109191894531
756 1.061964988708496
761 1.0675077438354492
764 1.071666955947876
767 1.0768632888793945
772 1.0810492038726807
776 1.0864179134368896
779 1.091613531112671
782 1.096830129623413
787 1.1010420322418213
790 1.106462001800537
793 1.1106393337249756
798 1.1154019832611084
800 1.1199419498443604
805 1.1245720386505127
808 1.1297008991241455
813 1.134303092956543
816 1.1392745971679688
821 1.1446154117584229
824 1.1495518684387207
827 1.1539807319641113
832 1.1591370105743408
834 1.163459300994873
838 1.1687657833099365
842 1.1729881763458252
845 1.1785070896148682
852 1.1826887130737305
858 1.192347526550293
861 1.1977739334106445
864 1.2018487453460693
868 1.2070164680480957
872 1.2114686965942383
874 1.2166948318481445
879 1.2209784984588623
882 1.2263338565826416
885 1.230508804321289
890 1.2348806858062744
894 1.2398154735565186
898 1.2460100650787354
901 1.2506015300750732
905 1.2553763389587402
908 1.2599036693572998
913 1.2645833492279053
916 1.2695584297180176
921 1.2739970684051514
924 1.2791953086853027
927 1.2834877967834473
930 1.2887814044952393
935 1.2937977313995361
938 1.299053430557251
942 1.303227424621582
945 1.3088006973266602
950 1.3130152225494385
953 1.3183627128601074
958 1.3225514888763428
961 1.32853102684021
965 1.3327360153198242
968 1.3378615379333496
973 1.3419134616851807
976 1.3484501838684082
981 1.352675199508667
984 1.3578600883483887
987 1.361928939819336
992 1.3670759201049805
994 1.3716073036193848
998 1.3767647743225098
1002 1.3809068202972412
1005 1.3863670825958252
1008 1.390557050704956
1013 1.3967273235321045
1018 1.400904893875122
1021 1.4062416553497314
1024 1.4104721546173096
1028 1.4148712158203125
1032 1.4198417663574219
1036 1.4244582653045654
1039 1.4295685291290283
1044 1.433992624282837
1047 1.4393141269683838
1052 1.4436376094818115
1054 1.4496591091156006
1059 1.454277753829956
1062 1.4592208862304688
1065 1.4635107517242432
1068 1.4688177108764648
1073 1.4730346202850342
1076 1.4783833026885986
1081 1.4825782775878906
1084 1.48785400390625
1087 1.4919357299804688
1092 1.4983525276184082
1096 1.5025720596313477
1099 1.5077130794525146
1102 1.5118062496185303
1105 1.5169720649719238
1110 1.5212864875793457
1113 1.5266485214233398
1118 1.530862808227539
1121 1.5359997749328613
1124 1.540431022644043
1128 1.5448453426361084
1133 1.5509631633758545
1136 1.556326150894165
1139 1.5605316162109375
1144 1.5649211406707764
1147 1.5702614784240723
1152 1.5747010707855225
1154 1.5796425342559814
1161 1.5842671394348145
1165 1.5930397510528564
1170 1.5992529392242432
1173 1.6036176681518555
1178 1.609149694442749
1180 1.613438367843628
1184 1.618896245956421
1188 1.6230974197387695
1192 1.628493309020996
1196 1.632688045501709
1199 1.6378512382507324
1202 1.6419241428375244
1207 1.6473057270050049
1211 1.6526658535003662
1214 1.6578214168548584
1218 1.6619067192077637
1222 1.667067527770996
1225 1.6715943813323975
1228 1.6767795085906982
1233 1.6809301376342773
1236 1.6863534450531006
1239 1.6905517578125
1244 1.6949386596679688
1248 1.7010788917541504
1252 1.706474781036377
1254 1.7106611728668213
1259 1.7154285907745361
1262 1.7199866771697998
1267 1.7246358394622803
1270 1.7297589778900146
1274 1.7343864440917969
1278 1.7393715381622314
1281 1.7436964511871338
1285 1.7490148544311523
1290 1.7544538974761963
1293 1.7593927383422852
1296 1.7637150287628174
1299 1.7689754962921143
1304 1.7731719017028809
1307 1.7785601615905762
1311 1.7827467918395996
1314 1.7882583141326904
1319 1.7923471927642822
1322 1.7974917888641357
1327 1.8028488159179688
1330 1.807990550994873
1334 1.8122708797454834
1338 1.817417860031128
1340 1.8216073513031006
1344 1.8267710208892822
1348 1.831106185913086
1351 1.8365192413330078
1354 1.8406994342803955
1359 1.845846176147461
1364 1.8504664897918701
1367 1.8566372394561768
1372 1.8608577251434326
1374 1.865966558456421
1378 1.8703432083129883
1382 1.8747541904449463
1385 1.879732608795166
1390 1.8843438625335693
1393 1.8892757892608643
1396 1.8936059474945068
1399 1.8988919258117676
1405 1.9042925834655762
1408 1.909411907196045
1412 1.9137210845947266
1414 1.9190001487731934
1419 1.9231901168823242
1422 1.9285712242126465
1427 1.9328279495239258
1444 1.954657793045044
1447 1.9598286151885986
1452 1.9644560813903809
1454 1.9695703983306885
1458 1.9740073680877686
1462 1.979276180267334
1468 1.9836127758026123
1473 1.9928679466247559
1476 1.9983973503112793
1481 2.0026204586029053
1485 2.009291648864746
1490 2.014402151107788
1493 2.0194737911224365
1498 2.023792266845703
1501 2.029219627380371
1504 2.0335025787353516
1507 2.0388286113739014
1512 2.0430891513824463
1514 2.0484530925750732
1519 2.052652597427368
1522 2.0587005615234375
1527 2.0629384517669678
1530 2.068272113800049
1534 2.0723533630371094
1538 2.0776407718658447
1541 2.0817267894744873
1545 2.0869193077087402
1548 2.091400623321533
1552 2.0966687202453613
1556 2.100851535797119
1559 2.1059863567352295
1564 2.1112382411956787
1567 2.1165852546691895
1570 2.1207642555236816
1574 2.1259100437164307
1578 2.130321502685547
1582 2.1347463130950928
1585 2.1396920680999756
1590 2.144307851791382
1593 2.1493825912475586
1598 2.1537294387817383
1601 2.159769296646118
1605 2.164424180984497
1608 2.169379472732544
1612 2.1737353801727295
1615 2.1789844036102295
1619 2.1831822395324707
1622 2.1886072158813477
1627 2.19281268119812
1630 2.1979427337646484
1634 2.2022545337677
1638 2.2076592445373535
1642 2.2128992080688477
1645 2.2184293270111084
1650 2.2226526737213135
1653 2.2277944087982178
1656 2.231877088546753
1661 2.2370479106903076
1664 2.2412993907928467
1667 2.246628522872925
1672 2.2508203983306885
1676 2.255999803543091
1679 2.261338472366333
1682 2.2666420936584473
1687 2.270967483520508
1690 2.2763428688049316
1693 2.280550956726074
1698 2.2853410243988037
1701 2.2898855209350586
1706 2.2945871353149414
1708 2.2995734214782715
1713 2.304025650024414
1716 2.3091838359832764
1721 2.3146414756774902
1724 2.319612979888916
1728 2.3240277767181396
1732 2.3302648067474365
1736 2.334672689437866
1739 2.339632034301758
1744 2.344268321990967
1747 2.349386215209961
1750 2.3537163734436035
1755 2.3589649200439453
1759 2.3642663955688477
1762 2.3692386150360107
1765 2.3735384941101074
1768 2.3788084983825684
1773 2.3830246925354004
1779 2.3917081356048584
1784 2.3969626426696777
1787 2.40138578414917
1790 2.4066500663757324
1796 2.4119787216186523
1799 2.4176530838012695
1802 2.421769142150879
1805 2.426931381225586
1810 2.431058883666992
1813 2.4364376068115234
1816 2.440603017807007
1821 2.4453773498535156
1824 2.450331926345825
1828 2.4547276496887207
1832 2.4596495628356934
1836 2.4653637409210205
1839 2.469907522201538
1844 2.4746205806732178
1847 2.4797539710998535
1852 2.484421968460083
1854 2.489372491836548
1858 2.4937169551849365
1861 2.49895977973938
1866 2.5031752586364746
1868 2.5087368488311768
1873 2.5137383937835693
1876 2.5190248489379883
1881 2.5232326984405518
1884 2.5286247730255127
1888 2.5328681468963623
1892 2.538006544113159
1896 2.542307138442993
1899 2.547457218170166
1902 2.5516035556793213
1906 2.5568301677703857
1912 2.560976266860962
1915 2.567659616470337
1918 2.5717709064483643
1921 2.5769495964050293
1926 2.5811140537261963
1928 2.5865635871887207
1932 2.590749502182007
1936 2.5958619117736816
1939 2.6000118255615234
1944 2.6046571731567383
1947 2.6097590923309326
1952 2.615934133529663
1955 2.620344877243042
1959 2.6247453689575195
1962 2.629844903945923
1967 2.6344826221466064
1970 2.639430046081543
1973 2.6437623500823975
1976 2.649036407470703
1981 2.6533427238464355
1984 2.658632755279541
1988 2.6628315448760986
1992 2.669019937515259
1996 2.673229932785034
1999 2.678626298904419
2004 2.6828408241271973
2007 2.6883935928344727
2012 2.6925976276397705
2015 2.6977243423461914
2018 2.701809883117676
2021 2.7069506645202637
2026 2.711085796356201
2033 2.7174339294433594
2036 2.7265923023223877
2041 2.730788469314575
2044 2.735949993133545
2047 2.740544557571411
2052 2.744931697845459
2055 2.750351667404175
2059 2.7547428607940674
2062 2.7596590518951416
2067 2.7643003463745117
2070 2.7699389457702637
2075 2.7745957374572754
2078 2.7795727252960205
2081 2.7839949131011963
2088 2.789180040359497
2092 2.7983081340789795
2096 2.8025169372558594
2099 2.8079371452331543
2104 2.8120148181915283
2107 2.817682981491089
2112 2.8228418827056885
2115 2.827970266342163
2119 2.8322594165802
2122 2.837413787841797
2126 2.841566562652588
2128 2.8467564582824707
2133 2.850905179977417
2136 2.856301784515381
2139 2.860487461090088
2144 2.8648841381073
2148 2.8710522651672363
2152 2.8764708042144775
2155 2.8806493282318115
2159 2.8854360580444336
2162 2.889979362487793
2167 2.8946237564086914
2170 2.899571418762207
2173 2.9039852619171143
2178 2.909182071685791
2181 2.913494110107422
2186 2.918775796890259
2190 2.92396879196167
2193 2.929311513900757
2196 2.933607816696167
2199 2.938896417617798
2204 2.943113088607788
2207 2.948460817337036
2212 2.9526736736297607
2215 2.9578092098236084
2218 2.9618992805480957
2222 2.9670889377593994
2227 2.972519874572754
2230 2.9776692390441895
2233 2.9817698001861572
2238 2.9869496822357178
2241 2.9913597106933594
2244 2.9966940879821777
2248 3.0010323524475098
2252 3.0064351558685303
2255 3.0106394290924072
2259 3.0154242515563965
2264 3.0202784538269043
2267 3.026557683944702
2270 3.030745506286621
2275 3.0358872413635254
2278 3.0400259494781494
2282 3.0446722507476807
2286 3.0497848987579346
2290 3.0544137954711914
2293 3.059347629547119
2296 3.0636463165283203
2301 3.0689315795898438
2306 3.0743319988250732
2308 3.0792927742004395
2312 3.0835907459259033
2315 3.0888705253601074
2319 3.0931005477905273
2322 3.0984582901000977
2327 3.102658271789551
2330 3.108018159866333
2335 3.112309217453003
2338 3.117459535598755
2342 3.1216201782226562
2346 3.128018856048584
2350 3.1323516368865967
2353 3.1375038623809814
2356 3.141658306121826
2359 3.14687180519104
2364 3.151008129119873
2367 3.156402111053467
2370 3.160639524459839
2375 3.1653995513916016
2380 3.1703596115112305
2382 3.176619291305542
2387 3.180840492248535
2390 3.186006546020508
2398 3.193993091583252
2401 3.1993513107299805
2404 3.2036592960357666
2409 3.2090864181518555
2412 3.2134437561035156
2415 3.218890905380249
2421 3.22310471534729
2424 3.229376792907715
2427 3.2336957454681396
2430 3.238961696624756
2435 3.243165969848633
2438 3.2486114501953125
2442 3.252826452255249
2446 3.25834321975708
2450 3.2624549865722656
2453 3.2676825523376465
2458 3.2717740535736084
2461 3.278027296066284
2466 3.2823359966278076
2469 3.287760019302368
2472 3.2918472290039062
2476 3.29703426361084
2480 3.301292657852173
2482 3.3065707683563232
2486 3.3107552528381348
2490 3.3158977031707764
2493 3.3203089237213135
2498 3.3247501850128174
2502 3.3312315940856934
2506 3.3365588188171387
2509 3.3407576084136963
2513 3.345900297164917
2516 3.3504679203033447
2521 3.3548943996429443
2524 3.3598835468292236
2529 3.364508867263794
2532 3.3694465160369873
2536 3.373776912689209
2540 3.3798437118530273
2544 3.384498119354248
2547 3.389626979827881
2552 3.3942434787750244
2555 3.3992204666137695
2558 3.403541326522827
2561 3.4089598655700684
2566 3.413174867630005
2569 3.418590545654297
2573 3.4228007793426514
2576 3.4289329051971436
2581 3.4331767559051514
2584 3.438627004623413
2589 3.442817449569702
2592 3.447963237762451
2596 3.452247142791748
2600 3.4574127197265625
2602 3.4615986347198486
2606 3.4667625427246094
2610 3.4711246490478516
2615 3.4765350818634033
2618 3.4818098545074463
2623 3.4870476722717285
2626 3.4913365840911865
2629 3.496634006500244
2633 3.5008246898651123
2636 3.505988597869873
2640 3.510399580001831
2644 3.514817476272583
2647 3.51992130279541
2652 3.5245487689971924
2655 3.5307021141052246
2660 3.5358359813690186
2662 3.540029764175415
2667 3.5446925163269043
2670 3.5496318340301514
2675 3.554264545440674
2678 3.5592153072357178
2681 3.563504219055176
2684 3.5687856674194336
2689 3.5730366706848145
2693 3.57841157913208
2696 3.583516836166382
2704 3.5889341831207275
2707 3.5979666709899902
2712 3.602010488510132
2715 3.6076579093933105
2718 3.611755847930908
2722 3.6169357299804688
2726 3.6213386058807373
2729 3.6266696453094482
2733 3.631830930709839
2736 3.637033462524414
2741 3.6412761211395264
2744 3.646582841873169
2749 3.650902509689331
2752 3.6562938690185547
2755 3.660496950149536
2760 3.664907932281494
2767 3.6759519577026367
2772 3.68039870262146
2775 3.6866097450256348
2780 3.690805673599243
2782 3.6959643363952637
2786 3.7003986835479736
2790 3.7047927379608154
2794 3.7099030017852783
2798 3.714566707611084
2801 3.7195589542388916
2804 3.724006414413452
2809 3.729187488555908
2813 3.7346465587615967
2816 3.739575147628784
2821 3.744236469268799
2824 3.749267339706421
2827 3.7535879611968994
2830 3.758939743041992
2835 3.7631897926330566
2838 3.7687454223632812
2843 3.7730064392089844
2846 3.778531074523926
2850 3.782743215560913
2854 3.7889742851257324
2858 3.7931768894195557
2861 3.7985706329345703
2866 3.802799940109253
2869 3.807960033416748
2874 3.8122658729553223
2876 3.8174631595611572
2880 3.8216497898101807
2883 3.826841115951538
2889 3.831280469894409
2892 3.837660551071167
2895 3.841775894165039
2898 3.846989393234253
2902 3.8512492179870605
2906 3.8565735816955566
2909 3.860771656036377
2914 3.8659181594848633
2916 3.8703362941741943
2921 3.8747761249542236
2924 3.8797268867492676
2929 3.884387493133545
2932 3.890479803085327
2936 3.894879102706909
2940 3.899838924407959
2944 3.904496908187866
2947 3.9096124172210693
2952 3.9140284061431885
2955 3.919218063354492
2958 3.9235198497772217
2961 3.9288172721862793
2967 3.933037757873535
2970 3.939216136932373
2974 3.9435229301452637
2976 3.9489433765411377
2981 3.9531614780426025
2984 3.9585683345794678
2989 3.962836980819702
2992 3.9679791927337646
2996 3.9722588062286377
3000 3.9774253368377686
3003 3.981600046157837
3007 3.9868221282958984
3014 3.99198317527771
3018 4.000889778137207
3021 4.006270885467529
3024 4.010718107223511
3029 4.015833854675293
3032 4.020414352416992
3036 4.024801254272461
3040 4.029751777648926
3044 4.034435033798218
3048 4.040569305419922
3052 4.04492974281311
3055 4.0498480796813965
3060 4.054497003555298
3063 4.05950140953064
3067 4.063810110092163
3070 4.069192171096802
3074 4.073497533798218
3076 4.07877254486084
3081 4.082988500595093
3086 4.088332176208496
3089 4.093484401702881
3092 4.09877610206604
3097 4.102998971939087
3100 4.1083550453186035
3104 4.112553834915161
3107 4.117691516876221
3110 4.121762275695801
3115 4.126947641372681
3118 4.131362199783325
3123 4.136657238006592
3126 4.141892671585083
3130 4.147067308425903
3134 4.151301860809326
3137 4.156623125076294
3141 4.1608216762542725
3144 4.165964126586914
3148 4.1705543994903564
3152 4.175312280654907
3155 4.179871320724487
3160 4.184501886367798
3163 4.189608097076416
3168 4.195422887802124
3170 4.199997901916504
3175 4.204661846160889
3178 4.20959997177124
3183 4.214023590087891
3186 4.219177007675171
3189 4.223470211029053
3192 4.228802680969238
3197 4.232995986938477
3200 4.238353252410889
3204 4.2433741092681885
3208 4.248822927474976
3212 4.253014087677002
3215 4.258397340774536
3220 4.262593984603882
3223 4.267690896987915
3226 4.271774053573608
3229 4.276953220367432
3234 4.281121492385864
3237 4.286550760269165
3241 4.290714502334595
3246 4.296905994415283
3249 4.30131983757019
3252 4.306631565093994
3257 4.310956001281738
3260 4.31636118888855
3263 4.320541858673096
3268 4.3249266147613525
3270 4.330697774887085
3275 4.3354432582855225
3280 4.34001612663269
3283 4.346482276916504
3286 4.3506433963775635
3290 4.355417251586914
3294 4.359949350357056
3298 4.364601373672485
3301 4.369754314422607
3306 4.374396085739136
3309 4.379340410232544
3312 4.383667230606079
3315 4.388927459716797
3323 4.393143177032471
3328 4.403024435043335
3330 4.408550977706909
3335 4.412787914276123
3338 4.418302059173584
3343 4.422362804412842
3346 4.427870035171509
3349 4.431944131851196
3354 4.437304973602295
3358 4.44137167930603
3361 4.447752237319946
3364 4.4518654346466064
3369 4.457051992416382
3372 4.461296558380127
3375 4.4665985107421875
3380 4.470785140991211
3383 4.475925445556641
3386 4.480371475219727
3391 4.484768390655518
3394 4.489842653274536
3398 4.49446439743042
3402 4.500415802001953
3406 4.504847526550293
3409 4.509775876998901
3414 4.515799045562744
3417 4.519983291625977
3422 4.524632453918457
3424 4.52966570854187
3429 4.53428053855896
3432 4.539233207702637
3437 4.543532133102417
3440 4.5497119426727295
3444 4.554401397705078
3448 4.559508323669434
3451 4.563804388046265
3454 4.569033861160278
3458 4.57323694229126
3462 4.578615665435791
3466 4.582866907119751
3469 4.588003158569336
3474 4.592273950576782
3477 4.597436428070068
3482 4.6026997566223145
3484 4.608019590377808
3489 4.612330198287964
3492 4.617475986480713
3495 4.621649980545044
3498 4.626862049102783
3503 4.63100790977478
3506 4.636399030685425
3509 4.640610933303833
3514 4.645360946655273
3518 4.6509785652160645
3522 4.6563475131988525
3524 4.660550832748413
3529 4.665317535400391
3532 4.670261383056641
3537 4.674683332443237
3540 4.679611444473267
3544 4.684029579162598
3548 4.689360618591309
3551 4.69370436668396
3555 4.698945045471191
3560 4.70439338684082
3563 4.709333419799805
3566 4.713616132736206
3571 4.718900442123413
3575 4.724841117858887
3578 4.730025053024292
3583 4.734662294387817
3586 4.739753246307373
3591 4.744377613067627
3595 4.751631021499634
3598 4.75684666633606
3603 4.7612645626068115
3606 4.766585111618042
3611 4.770904779434204
3614 4.776323556900024
3617 4.7806596755981445
3622 4.785425424575806
3624 4.790386915206909
3632 4.79477071762085
3637 4.804621696472168
3640 4.8097288608551025
3644 4.8143815994262695
3648 4.8195905685424805
3652 4.824026584625244
3655 4.829395294189453
3658 4.833699464797974
3662 4.838951349258423
3666 4.843142509460449
3671 4.848670721054077
3674 4.853705644607544
3677 4.858960390090942
3682 4.863152503967285
3684 4.868528842926025
3689 4.872737884521484
3692 4.87785267829895
3695 4.8819169998168945
3700 4.887086629867554
3703 4.8913092613220215
3706 4.896636962890625
3710 4.9008214473724365
3715 4.907032489776611
3718 4.911576747894287
3722 4.916763782501221
3726 4.920917749404907
3729 4.926390886306763
3732 4.93059778213501
3737 4.935326337814331
3740 4.939929246902466
3744 4.94454550743103
3748 4.949652910232544
3752 4.955437898635864
3755 4.9604151248931885
3760 4.964822053909302
3763 4.969927787780762
3768 4.974553823471069
3771 4.979521751403809
3774 4.9839253425598145
3777 4.989061594009399
3782 4.993389129638672
3784 4.998671531677246
3789 5.0029237270355225
3792 5.009066104888916
3797 5.013380289077759
3800 5.018636465072632
3804 5.022861957550049
3808 5.028409719467163
3812 5.032587289810181
3816 5.037698745727539
3818 5.041780471801758
3822 5.046936988830566
3828 5.051114559173584
3831 5.05748987197876
3834 5.061668157577515
3837 5.066869020462036
3842 5.071016788482666
3844 5.076408624649048
3848 5.080759763717651
3852 5.085871696472168
3855 5.090441465377808
3860 5.094821453094482
3863 5.09976053237915
3868 5.104418516159058
3871 5.110330581665039
3877 5.114735126495361
3883 5.1242356300354
3886 5.129213571548462
3889 5.133569955825806
3892 5.1388514041900635
3897 5.143065929412842
3900 5.1485559940338135
3905 5.152789354324341
3908 5.158981561660767
3912 5.163156509399414
3915 5.168529987335205
3920 5.17274284362793
3923 5.177859306335449
3926 5.181922197341919
3931 5.187299966812134
3934 5.19133996963501
3940 5.2003748416900635
3945 5.204828977584839
3949 5.211015939712524
3952 5.216407775878906
3955 5.220761060714722
3960 5.225895643234253
3963 5.230470657348633
3968 5.234863519668579
3971 5.2398130893707275
3975 5.244423866271973
3978 5.2493720054626465
3982 5.2537150382995605
3986 5.259741544723511
3991 5.264426946640015
3994 5.269524335861206
3997 5.2738237380981445
4000 5.2790446281433105
4004 5.2832348346710205
4008 5.288624048233032
4012 5.2928526401519775
4015 5.297997713088989
4020 5.302273988723755
4023 5.3074095249176025
4028 5.312814474105835
4031 5.317929267883301
4035 5.322003364562988
4038 5.328516483306885
4043 5.332732915878296
4046 5.338028430938721
4051 5.3423168659210205
4054 5.3475117683410645
4057 5.351647853851318
4062 5.3568408489227295
4066 5.362323045730591
4069 5.367471218109131
4072 5.371632099151611
4076 5.376839637756348
4080 5.38101053237915
4083 5.386390447616577
4086 5.390758991241455
4091 5.3958868980407715
4094 5.400271415710449
4098 5.404677152633667
4102 5.4096150398254395
4106 5.4154253005981445
4109 5.4199841022491455
4117 5.430582761764526
4122 5.435407638549805
4125 5.439966201782227
4129 5.444603443145752
4132 5.449719667434692
4137 5.4544031620025635
4140 5.459384202957153
4145 5.464738368988037
4148 5.469834566116333
4152 5.474462985992432
4156 5.4794087409973145
4158 5.48372745513916
4162 5.489007949829102
4166 5.493184566497803
4169 5.498565196990967
4174 5.502777099609375
4177 5.508261442184448
4182 5.512378931045532
4185 5.51879620552063
4189 5.523021697998047
4192 5.528407096862793
4197 5.5326056480407715
4200 5.537694931030273
4203 5.541798114776611
4206 5.54700779914856
4211 5.551292419433594
4214 5.556631088256836
4218 5.5608367919921875
4223 5.567038297653198
4226 5.57157564163208
4229 5.57676887512207
4234 5.580930233001709
4237 5.586383581161499
4240 5.5905842781066895
4248 5.595362186431885
4252 5.604406356811523
4256 5.609516620635986
4260 5.613820552825928
4263 5.620009183883667
4268 5.624714374542236
4271 5.629887342453003
4276 5.634595155715942
4278 5.639550685882568
4282 5.643985271453857
4286 5.649200677871704
4289 5.6534881591796875
4292 5.658795595169067
4297 5.663060188293457
4302 5.66913104057312
4305 5.6734068393707275
4308 5.678731918334961
4312 5.682972192764282
4316 5.688507556915283
4320 5.692690849304199
4323 5.69783616065979
4326 5.701910495758057
4331 5.707082509994507
4334 5.711329936981201
4338 5.71770453453064
4343 5.722620964050293
4346 5.727882146835327
4349 5.731953144073486
4354 5.737304210662842
4357 5.741350412368774
4360 5.746668100357056
4365 5.751037120819092
4368 5.756423473358154
4371 5.760653495788574
4376 5.765417575836182
4380 5.770979642868042
4383 5.776349067687988
4386 5.780548095703125
4391 5.78493070602417
4394 5.789901256561279
4399 5.794599533081055
4402 5.799565553665161
4406 5.803996801376343
4410 5.809351444244385
4412 5.813649415969849
4417 5.819721221923828
4422 5.824395179748535
4425 5.829349756240845
4428 5.833658456802368
4431 5.838940382003784
4436 5.843175888061523
4439 5.848608016967773
4443 5.852822542190552
4446 5.858353853225708
4451 5.862524747848511
4454 5.867851257324219
4459 5.873162269592285
4462 5.878522872924805
4466 5.882728576660156
4470 5.887850046157837
4472 5.8919267654418945
4477 5.897101163864136
4480 5.9013426303863525
4483 5.906656742095947
4488 5.910854339599609
4491 5.915982723236084
4496 5.9213361740112305
4499 5.926692485809326
4503 5.931025266647339
4506 5.936406373977661
4510 5.940597057342529
4514 5.945321798324585
4517 5.949887275695801
4522 5.954642295837402
4525 5.959591388702393
4530 5.964237451553345
4532 5.9692182540893555
4537 5.974693536758423
4540 5.979627847671509
4545 5.984277248382568
4548 5.989398241043091
4551 5.993710994720459
