0 0.009572267532348633
0 0.02862548828125
0 0.03701448440551758
0 0.04845595359802246
0 0.056810617446899414
0 0.06831741333007812
1 0.07247257232666016
1 0.0780632495880127
1 0.08224034309387207
1 0.08751463890075684
1 0.09156346321105957
1 0.09662246704101562
1 0.10062527656555176
1 0.10584831237792969
2 0.10996842384338379
2 0.11467766761779785
2 0.1203455924987793
2 0.12567377090454102
2 0.1298213005065918
3 0.13411450386047363
3 0.13916420936584473
3 0.14370393753051758
3 0.15234994888305664
3 0.15777850151062012
3 0.161942720413208
3 0.16715073585510254
4 0.17236089706420898
4 0.17779922485351562
4 0.18193531036376953
4 0.1869487762451172
4 0.19096875190734863
4 0.19610118865966797
4 0.20040678977966309
4 0.20572710037231445
5 0.20984911918640137
5 0.21416139602661133
5 0.22013330459594727
5 0.22545671463012695
5 0.2295987606048584
5 0.23391294479370117
5 0.2387988567352295
5 0.24304938316345215
5 0.24843692779541016
5 0.2526850700378418
5 0.25801920890808105
5 0.2621636390686035
5 0.2672080993652344
5 0.27233362197875977
5 0.27759432792663574
5 0.281618595123291
5 0.28667569160461426
5 0.2906653881072998
5 0.29587221145629883
5 0.3000030517578125
5 0.30472874641418457
5 0.30916523933410645
5 0.31376218795776367
5 0.3187880516052246
5 0.3241586685180664
5 0.32903528213500977
5 0.33359813690185547
5 0.3384828567504883
5 0.34273314476013184
5 0.3479127883911133
5 0.35209035873413086
5 0.3571443557739258
5 0.3611433506011963
5 0.3662102222442627
5 0.3703310489654541
5 0.37634897232055664
5 0.3808140754699707
5 0.38595032691955566
5 0.39006733894348145
5 0.39513611793518066
5 0.39951515197753906
5 0.4038386344909668
5 0.4086897373199463
5 0.41297173500061035
5 0.41809725761413574
5 0.42341017723083496
5 0.42827486991882324
5 0.43245530128479004
5 0.43787193298339844
5 0.4420609474182129
5 0.4470844268798828
5 0.45105743408203125
5 0.45611023902893066
5 0.46018195152282715
5 0.46545934677124023
5 0.4696183204650879
5 0.47571372985839844
5 0.47986364364624023
5 0.4841639995574951
5 0.48902273178100586
5 0.4935421943664551
5 0.49855852127075195
5 0.5028238296508789
5 0.5081446170806885
5 0.5130231380462646
5 0.5181455612182617
5 0.5223023891448975
5 0.5283107757568359
5 0.5324971675872803
5 0.5377132892608643
5 0.541834831237793
5 0.5467860698699951
5 0.5554146766662598
5 0.5599031448364258
5 0.5646889209747314
5 0.5695600509643555
5 0.5738897323608398
5 0.5799062252044678
5 0.5841999053955078
5 0.5890369415283203
5 0.5935728549957275
5 0.5984072685241699
5 0.6026599407196045
5 0.6078431606292725
5 0.6119718551635742
5 0.6171236038208008
5 0.6211206912994385
5 0.6274545192718506
5 0.6314802169799805
5 0.6363329887390137
5 0.6406769752502441
5 0.6458582878112793
5 0.649951696395874
5 0.6546924114227295
5 0.6591546535491943
5 0.6636786460876465
5 0.6685259342193604
5 0.6727931499481201
5 0.6788544654846191
5 0.6834127902984619
5 0.6882758140563965
5 0.6924159526824951
5 0.6977157592773438
5 0.7018423080444336
5 0.7067785263061523
5 0.710881233215332
5 0.7159731388092041
5 0.7200639247894287
5 0.7247240543365479
5 0.7302284240722656
5 0.7354726791381836
5 0.7397756576538086
5 0.7440681457519531
5 0.7488956451416016
5 0.7534317970275879
5 0.7582979202270508
5 0.7624349594116211
5 0.7678687572479248
5 0.772010326385498
5 0.7778806686401367
5 0.7829387187957764
5 0.7880685329437256
5 0.7922260761260986
5 0.7976264953613281
5 0.8016276359558105
5 0.8067378997802734
5 0.8108265399932861
5 0.8159186840057373
5 0.8200185298919678
5 0.8246908187866211
5 0.8301515579223633
5 0.8354523181915283
5 0.8395822048187256
5 0.8438766002655029
5 0.8487708568572998
5 0.853032112121582
5 0.8583309650421143
5 0.8624680042266846
5 0.8677113056182861
5 0.8718276023864746
5 0.87680983543396
5 0.8819515705108643
5 0.8869669437408447
5 0.8909652233123779
5 0.8960521221160889
5 0.9003205299377441
5 0.9056217670440674
5 0.9097647666931152
5 0.9140462875366211
5 0.9190371036529541
5 0.9235494136810303
5 0.9283792972564697
5 0.9337756633758545
5 0.938650369644165
5 0.9429030418395996
5 0.9480650424957275
5 0.9567773342132568
5 0.9609003067016602
5 0.9659864902496338
5 0.9702370166778564
5 0.9754657745361328
5 0.9798426628112793
5 0.985908031463623
5 0.9900074005126953
5 0.9946639537811279
5 0.9991722106933594
5 1.0036861896514893
5 1.00852370262146
5 1.012807846069336
5 1.0179800987243652
5 1.022123098373413
5 1.0275137424468994
5 1.031510829925537
5 1.037853717803955
5 1.0420145988464355
5 1.0471243858337402
5 1.0511243343353271
5 1.056168556213379
5 1.0602846145629883
5 1.0655272006988525
5 1.0696461200714111
5 1.0739245414733887
5 1.078805923461914
5 1.0841004848480225
5 1.088940143585205
5 1.0934932231903076
5 1.098498821258545
5 1.102726697921753
5 1.1079020500183105
5 1.112053632736206
5 1.1170532703399658
5 1.1210567951202393
5 1.1261119842529297
5 1.1302070617675781
5 1.136315107345581
5 1.1403827667236328
5 1.1456351280212402
5 1.1497559547424316
5 1.1540493965148926
5 1.1590523719787598
5 1.163621425628662
5 1.1723685264587402
5 1.1776463985443115
5 1.1816489696502686
5 1.187697410583496
5 1.1918442249298096
5 1.196805715560913
5 1.200927495956421
5 1.2059996128082275
5 1.2100868225097656
5 1.215116024017334
5 1.2195985317230225
5 1.2239129543304443
5 1.2287676334381104
5 1.2330517768859863
5 1.2389719486236572
5 1.2435007095336914
5 1.2483582496643066
5 1.252478837966919
5 1.2577118873596191
5 1.2618260383605957
5 1.2667346000671387
5 1.2708241939544678
5 1.2759132385253906
5 1.28013014793396
5 1.2851653099060059
5 1.290405035018921
5 1.2956781387329102
5 1.2998132705688477
5 1.3040885925292969
5 1.308922290802002
5 1.3134846687316895
5 1.3183348178863525
5 1.3224670886993408
5 1.327704668045044
5 1.3318262100219727
5 1.3370509147644043
5 1.3421590328216553
5 1.3472020626068115
5 1.3558621406555176
5 1.360097885131836
5 1.3651525974273682
5 1.3696277141571045
5 1.3739218711853027
5 1.378927230834961
5 1.3834223747253418
5 1.3890528678894043
5 1.3936946392059326
5 1.3986785411834717
5 1.4029216766357422
5 1.4080610275268555
5 1.4122099876403809
5 1.4175989627838135
5 1.4216434955596924
5 1.426682710647583
5 1.4306645393371582
5 1.4358587265014648
5 1.4409945011138916
5 1.4460749626159668
5 1.4504194259643555
5 1.4557232856750488
5 1.4600088596343994
5 1.4646668434143066
5 1.4691760540008545
5 1.473710060119629
5 1.4785816669464111
5 1.4828109741210938
5 1.4880030155181885
5 1.4930026531219482
5 1.4981153011322021
5 1.5022838115692139
5 1.5075311660766602
5 1.5115430355072021
5 1.516355276107788
5 1.520678997039795
5 1.525860071182251
5 1.5301053524017334
5 1.535468578338623
5 1.5395936965942383
5 1.5456809997558594
5 1.5499763488769531
5 1.5546445846557617
5 1.5591118335723877
5 1.5636703968048096
5 1.568516492843628
5 1.5727543830871582
5 1.5780596733093262
5 1.582228660583496
5 1.5874955654144287
5 1.5923683643341064
5 1.5976080894470215
5 1.6016371250152588
5 1.6066920757293701
5 1.6106719970703125
5 1.6158790588378906
5 1.6200039386749268
5 1.6246647834777832
5 1.6291120052337646
5 1.6336688995361328
5 1.6386682987213135
5 1.6440162658691406
5 1.6488840579986572
5 1.6533982753753662
5 1.6582589149475098
5 1.6624248027801514
5 1.6676552295684814
5 1.6717686653137207
5 1.6769917011260986
5 1.6810088157653809
5 1.686081886291504
5 1.6901776790618896
5 1.6962485313415527
5 1.700594425201416
5 1.705801010131836
5 1.7098863124847412
5 1.7141592502593994
5 1.719031810760498
5 1.7235629558563232
5 1.7284581661224365
5 1.732689619064331
5 1.7378458976745605
5 1.7420177459716797
5 1.7480125427246094
5 1.756169319152832
5 1.7606301307678223
5 1.7658331394195557
5 1.7700634002685547
5 1.7747366428375244
5 1.7802174091339111
5 1.785461187362671
5 1.7895534038543701
5 1.79386568069458
5 1.7997102737426758
5 1.8040239810943604
5 1.809053897857666
5 1.8135619163513184
5 1.8185620307922363
5 1.82281494140625
5 1.8279964923858643
5 1.8321425914764404
5 1.8371968269348145
5 1.8411974906921387
5 1.8475565910339355
5 1.8516552448272705
5 1.8567121028900146
5 1.8606863021850586
5 1.8658676147460938
5 1.869981050491333
5 1.874643087387085
5 1.8794772624969482
5 1.8838040828704834
5 1.8886961936950684
5 1.8929553031921387
5 1.8989169597625732
5 1.9034583568572998
5 1.908336877822876
5 1.964216709136963
5 1.9690699577331543
5 1.973653793334961
5 1.9785008430480957
5 1.9827744960784912
5 1.987966775894165
5 1.992116928100586
5 1.9975240230560303
5 2.002488613128662
5 2.007725954055786
5 2.0118634700775146
5 2.0168018341064453
5 2.0209012031555176
5 2.0259850025177
5 2.0300564765930176
5 2.0347070693969727
5 2.039149045944214
5 2.0436911582946777
5 2.0495150089263916
5 2.05389142036438
5 2.058905839920044
5 2.06343674659729
5 2.0684750080108643
5 2.072725772857666
5 2.0778915882110596
5 2.0820705890655518
5 2.0871171951293945
5 2.0911154747009277
5 2.0961661338806152
5 2.101457118988037
5 2.106354236602783
5 2.1104254722595215
5 2.1157419681549072
5 2.120027542114258
5 2.124662399291992
5 2.12915301322937
5 2.1336829662323
5 2.138524055480957
5 2.14273738861084
5 2.147901773452759
5 2.157651901245117
5 2.1618199348449707
5 2.1669833660125732
5 2.170987844467163
5 2.176063060760498
5 2.180380344390869
5 2.185668468475342
5 2.189990758895874
5 2.1946630477905273
5 2.199594259262085
5 2.2056243419647217
5 2.20975661277771
5 2.2140328884124756
5 2.218897581100464
5 2.223421096801758
5 2.2282681465148926
5 2.2324130535125732
5 2.2377753257751465
5 2.2418975830078125
5 2.246976613998413
5 2.250981092453003
5 2.25744366645813
5 2.2614309787750244
5 2.2662906646728516
5 2.270355224609375
5 2.275630474090576
5 2.279742956161499
5 2.284024953842163
5 2.288851737976074
5 2.2931251525878906
5 2.298436164855957
5 2.3161380290985107
5 2.330827236175537
5 2.3371074199676514
5 2.3411076068878174
5 2.346177816390991
5 2.350302219390869
5 2.3563458919525146
5 2.360692262649536
5 2.3658721446990967
5 2.3699960708618164
5 2.374660015106201
5 2.3791465759277344
5 2.3836588859558105
5 2.3890604972839355
5 2.3936753273010254
5 2.398524284362793
5 2.4027647972106934
5 2.4086954593658447
5 2.412947416305542
5 2.418267011642456
5 2.422407388687134
5 2.4276034832000732
5 2.431607961654663
5 2.4366800785064697
5 2.4406535625457764
5 2.4458580017089844
5 2.449960231781006
5 2.454623222351074
5 2.460222005844116
5 2.4654736518859863
5 2.46958589553833
5 2.473890781402588
5 2.4789106845855713
5 2.4834508895874023
5 2.4883501529693604
5 2.492532253265381
5 2.4977989196777344
5 2.501953601837158
5 2.5068538188934326
5 2.5120961666107178
5 2.5171139240264893
5 2.521106481552124
5 2.5261597633361816
5 2.53021502494812
5 2.5354747772216797
5 2.5397181510925293
5 2.5440635681152344
5 2.548884630203247
5 2.5534229278564453
5 2.562666416168213
5 2.568025588989258
5 2.572187900543213
5 2.577587366104126
5 2.5816102027893066
5 2.587007522583008
5 2.590975761413574
5 2.596076011657715
5 2.6003150939941406
5 2.6056182384490967
5 2.6106553077697754
5 2.6158645153045654
5 2.6199769973754883
5 2.6246538162231445
5 2.629119396209717
5 2.633638858795166
5 2.6385159492492676
5 2.6427648067474365
5 2.6479508876800537
5 2.6521456241607666
5 2.6576035022735596
5 2.6624932289123535
5 2.6677536964416504
5 2.6719014644622803
5 2.6768317222595215
5 2.68094539642334
5 2.6860015392303467
5 2.690075397491455
5 2.6951074600219727
5 2.6994802951812744
5 2.7038044929504395
5 2.708665132522583
5 2.714001178741455
5 2.7190279960632324
5 2.7235395908355713
5 2.728414297103882
5 2.7326436042785645
5 2.7378463745117188
5 2.741994857788086
5 2.7469561100006104
5 2.7509593963623047
5 2.7559969425201416
5 2.760101318359375
5 2.766124725341797
5 2.770211935043335
5 2.776099681854248
5 2.7803571224212646
5 2.785627841949463
5 2.789823055267334
5 2.7941009998321533
5 2.7989282608032227
5 2.8034567832946777
5 2.8083038330078125
5 2.813607931137085
5 2.818512201309204
5 2.822744131088257
5 2.8279035091400146
5 2.8320555686950684
5 2.8374476432800293
5 2.8414602279663086
5 2.8463196754455566
5 2.8506691455841064
5 2.855872392654419
5 2.8599793910980225
5 2.866075277328491
5 2.8701300621032715
5 2.875453233718872
5 2.8795855045318604
5 2.8838722705841064
5 2.888725757598877
5 2.8929736614227295
5 2.8982670307159424
5 2.902432918548584
5 2.907691240310669
5 2.911811590194702
5 2.9178407192230225
5 2.921980381011963
5 2.927022695541382
5 2.930992841720581
5 2.936061143875122
5 2.9401416778564453
5 2.94519305229187
5 2.949528694152832
5 2.9538042545318604
5 2.962515115737915
5 2.9686942100524902
5 2.972932815551758
5 2.9783265590667725
5 2.9824745655059814
5 2.987846851348877
5 2.991962432861328
5 2.9969594478607178
5 3.00095534324646
5 3.005979537963867
5 3.0101795196533203
5 3.016855478286743
5 3.0209667682647705
5 3.026061773300171
5 3.030151844024658
5 3.0354440212249756
5 3.039552927017212
5 3.0438735485076904
5 3.0487358570098877
5 3.0530099868774414
5 3.058152198791504
5 3.062326192855835
5 3.0683603286743164
5 3.0724897384643555
5 3.0778541564941406
5 3.0819804668426514
5 3.087012767791748
5 3.0910024642944336
5 3.0960845947265625
5 3.105729818344116
5 3.110081434249878
5 3.1151230335235596
5 3.1204185485839844
5 3.125701904296875
5 3.1299636363983154
5 3.1346285343170166
5 3.1394882202148438
5 3.143841505050659
5 3.1486988067626953
5 3.1537725925445557
5 3.1586594581604004
5 3.162904739379883
5 3.168825626373291
5 3.175577163696289
5 3.1798033714294434
5 3.184091806411743
5 3.1890945434570312
5 3.1936702728271484
5 3.1997549533843994
5 3.204038619995117
5 3.2090213298797607
5 3.2135677337646484
5 3.219552755355835
5 3.2239296436309814
5 3.22898006439209
5 3.2334747314453125
5 3.2384960651397705
5 3.242738723754883
5 3.2478671073913574
5 3.2520370483398438
5 3.2571940422058105
5 3.261194944381714
5 3.266270875930786
5 3.271472454071045
5 3.276310682296753
5 3.28041672706604
5 3.285715103149414
5 3.2898356914520264
5 3.294121026992798
5 3.2989749908447266
5 3.3035008907318115
5 3.3083372116088867
5 3.3124747276306152
5 3.3178484439849854
5 3.322894811630249
5 3.328047513961792
5 3.3321926593780518
5 3.3374340534210205
5 3.341433048248291
5 3.346285581588745
5 3.3503451347351074
5 3.35562801361084
5 3.3636748790740967
5 3.3687472343444824
5 3.3740155696868896
5 3.379117488861084
5 3.383641242980957
5 3.388676166534424
5 3.392904758453369
5 3.398043155670166
5 3.402196168899536
5 3.4072117805480957
5 3.4112024307250977
5 3.4163055419921875
5 3.4203760623931885
5 3.4266817569732666
5 3.430647611618042
5 3.4358339309692383
5 3.4400720596313477
5 3.445120096206665
5 3.449486494064331
5 3.4537994861602783
5 3.458671808242798
5 3.462902784347534
5 3.468040943145752
5 3.47220778465271
5 3.478208541870117
5 3.482342004776001
5 3.487571954727173
5 3.491628885269165
5 3.496966600418091
5 3.5009548664093018
5 3.505995035171509
5 3.5100603103637695
5 3.5146942138671875
5 3.5191619396209717
5 3.525421619415283
5 3.5295894145965576
5 3.5338754653930664
5 3.538734197616577
5 3.5429794788360596
5 3.5481207370758057
5 3.552292585372925
5 3.55771541595459
5 3.561769485473633
5 3.5667316913604736
5 3.5706984996795654
5 3.576829433441162
5 3.580946683883667
5 3.5860016345977783
5 3.5900719165802
5 3.5947012901306152
5 3.599152088165283
5 3.6036555767059326
5 3.60853910446167
5 3.6127612590789795
5 3.6180684566497803
5 3.622234344482422
5 3.628354549407959
5 3.6324851512908936
5 3.6377880573272705
5 3.6419265270233154
5 3.6468522548675537
5 3.6509318351745605
5 3.6559901237487793
5 3.6600804328918457
5 3.665114641189575
5 3.6694560050964355
5 3.67378830909729
5 3.679851770401001
5 3.6841323375701904
5 3.68900728225708
5 3.69356107711792
5 3.6984009742736816
5 3.702509880065918
5 3.70771861076355
5 3.711827516555786
5 3.7167625427246094
5 3.720883369445801
5 3.725963830947876
5 3.7310807704925537
5 3.736157178878784
5 3.740382432937622
5 3.745673894882202
5 3.74980092048645
5 3.754089117050171
5 3.7629756927490234
5 3.7682712078094482
5 3.7724530696868896
5 3.779510498046875
5 3.7838172912597656
5 3.788783550262451
5 3.7930173873901367
5 3.798342704772949
5 3.802459239959717
5 3.807692527770996
5 3.8117752075195312
5 3.816741466522217
5 3.8208069801330566
5 3.8259036540985107
5 3.831042528152466
5 3.8360958099365234
5 3.840165853500366
5 3.8452000617980957
5 3.849496841430664
5 3.853816032409668
5 3.858790159225464
5 3.863043785095215
5 3.8681793212890625
5 3.872318744659424
5 3.8775553703308105
5 3.8824799060821533
5 3.8878982067108154
5 3.8920397758483887
5 3.8970539569854736
5 3.9010539054870605
5 3.9061057567596436
5 3.916379690170288
5 3.9208505153656006
5 3.9259400367736816
5 3.930992841720581
5 3.9361255168914795
5 3.9402260780334473
5 3.9454762935638428
5 3.949598789215088
5 3.9539036750793457
5 3.958789825439453
5 3.96307373046875
5 3.968191623687744
5 3.972325086593628
5 3.977724313735962
5 3.982522487640381
5 3.9878127574920654
5 3.9919633865356445
5 3.996983289718628
5 4.000996351242065
5 4.0060811042785645
5 4.010158538818359
5 4.015208005905151
5 4.0197296142578125
5 4.024041652679443
5 4.028885364532471
5 4.0342490673065186
5 4.039499998092651
5 4.04380464553833
5 4.048686742782593
5 4.052931785583496
5 4.058071136474609
5 4.062223672866821
5 4.067439794540405
5 4.0714287757873535
5 4.076315879821777
5 4.08039665222168
5 4.0867393016815186
5 4.090821981430054
5 4.095921993255615
5 4.100156545639038
5 4.105448961257935
5 4.1095805168151855
5 4.113877534866333
5 4.118750333786011
5 4.122987747192383
5 4.128089666366577
5 4.132270574569702
5 4.138274669647217
5 4.142438650131226
5 4.14781928062439
5 4.1519715785980225
5 4.157135486602783
5 4.165926694869995
5 4.17019248008728
5 4.175459384918213
5 4.179734945297241
5 4.185770511627197
5 4.190041542053223
5 4.1946940422058105
5 4.199197292327881
5 4.203744173049927
5 4.208570718765259
5 4.2128307819366455
5 4.218118667602539
5 4.222280502319336
5 4.22749400138855
5 4.231492519378662
5 4.237544059753418
5 4.2415361404418945
5 4.246360540390015
5 4.250407934188843
5 4.255673885345459
5 4.2597596645355225
5 4.264085292816162
5 4.268954753875732
5 4.273494243621826
5 4.278513669967651
5 4.282761096954346
5 4.288709878921509
5 4.292996168136597
5 4.2981579303741455
5 4.3023152351379395
5 4.307568073272705
5 4.311586380004883
5 4.316601037979126
5 4.320572376251221
5 4.32580041885376
5 4.3299174308776855
5 4.33423638343811
5 4.340219974517822
5 4.345456838607788
5 4.349582672119141
5 4.353867769241333
5 4.358737945556641
5 4.363000392913818
5 4.368105888366699
5 4.3722474575042725
5 4.377491474151611
5 4.381456136703491
5 4.386309623718262
5 4.391644477844238
5 4.396837949752808
5 4.400934457778931
5 4.4060163497924805
5 4.41028356552124
5 4.4155144691467285
5 4.419625282287598
5 4.423925161361694
5 4.428787708282471
5 4.433058500289917
5 4.438215255737305
5 4.443539142608643
5 4.448358774185181
5 4.452483892440796
5 4.457859992980957
5 4.462003469467163
5 4.467029333114624
5 4.4710118770599365
5 4.4760730266571045
5 4.4801483154296875
5 4.485416650772095
5 4.490344285964966
5 4.495657205581665
5 4.499774932861328
5 4.504061222076416
5 4.508875846862793
5 4.513420581817627
5 4.518454074859619
5 4.522719621658325
5 4.5278613567352295
5 4.53200888633728
5 4.5371363162994385
5 4.542307376861572
5 4.547549486160278
5 4.5515735149383545
5 4.556391000747681
5 4.564214706420898
5 4.56945276260376
5 4.573800086975098
5 4.578864812850952
5 4.583215236663818
5 4.588400602340698
5 4.593659400939941
5 4.598529577255249
5 4.6027796268463135
5 4.607952356338501
5 4.6120898723602295
5 4.617076635360718
5 4.621052503585815
5 4.626133441925049
5 4.630195140838623
5 4.635467767715454
5 4.639752388000488
5 4.6457788944244385
5 4.649885177612305
5 4.654228687286377
5 4.65902853012085
5 4.663548946380615
5 4.668525457382202
5 4.672769546508789
5 4.6779608726501465
5 4.6821136474609375
5 4.6871325969696045
5 4.691134691238403
5 4.697691202163696
5 4.701679468154907
5 4.706738233566284
5 4.710687160491943
5 4.715863227844238
5 4.719969749450684
5 4.724615812301636
5 4.729065418243408
5 4.733607530593872
5 4.738471031188965
5 4.742729425430298
5 4.748677730560303
5 4.752925395965576
5 4.758195877075195
5 4.762341260910034
5 4.767596006393433
5 4.771601676940918
5 4.777570962905884
5 4.781612157821655
5 4.786682367324829
5 4.790701389312744
5 4.797097206115723
5 4.80108904838562
5 4.806125164031982
5 4.810187101364136
5 4.815493583679199
5 4.81976842880249
5 4.824018716812134
5 4.828855037689209
5 4.8333899974823
5 4.838232517242432
5 4.842336893081665
5 4.848336696624756
5 4.852530479431152
5 4.857799530029297
5 4.8619372844696045
5 4.866849660873413
5 4.870934247970581
5 4.876039743423462
5 4.880324363708496
5 4.885616779327393
5 4.8897318840026855
5 4.8940348625183105
5 4.8999693393707275
5 4.904645681381226
5 4.909118413925171
5 4.913655042648315
5 4.918515920639038
5 4.922752857208252
5 4.928083896636963
5 4.932258129119873
5 4.9376380443573
5 4.941646337509155
5 4.947694778442383
5 4.951896667480469
5 4.956842660903931
5 4.9655468463897705
5 4.969821214675903
5 4.974093437194824
5 4.979063987731934
5 4.983683347702026
5 4.988671064376831
5 4.992906093597412
5 4.9988038539886475
5 5.003067970275879
5 5.008230209350586
5 5.012352466583252
5 5.017597436904907
5 5.021608591079712
5 5.0266501903533936
5 5.030664682388306
5 5.035892724990845
5 5.039985418319702
5 5.044661998748779
5 5.050198554992676
5 5.0554656982421875
5 5.059757709503174
5 5.0640709400177
5 5.068890571594238
5 5.073402643203735
5 5.0782630443573
5 5.082388162612915
5 5.087591171264648
5 5.091641664505005
5 5.0966956615448
5 5.101991176605225
5 5.106994867324829
5 5.110966920852661
5 5.116050958633423
5 5.120337247848511
5 5.125625848770142
5 5.129761219024658
5 5.1340484619140625
5 5.138860702514648
5 5.14321231842041
5 5.14827299118042
5 5.153478145599365
5 5.158340930938721
5 5.162540912628174
5 5.168249845504761
5 5.172423601150513
5 5.177827596664429
5 5.18193507194519
5 5.187110185623169
5 5.191105365753174
5 5.196141004562378
5 5.20157790184021
5 5.206862926483154
5 5.210948705673218
5 5.21599555015564
5 5.220064163208008
5 5.224698781967163
5 5.229162693023682
5 5.233668327331543
5 5.238677024841309
5 5.242910861968994
5 5.248050212860107
5 5.253033876419067
5 5.258199214935303
5 5.262332201004028
5 5.267563581466675
5 5.2715373039245605
5 5.276354551315308
5 5.280399322509766
5 5.285700082778931
5 5.289811849594116
5 5.2941107749938965
5 5.299124479293823
5 5.3054163455963135
5 5.309542417526245
5 5.313868999481201
5 5.318905353546143
5 5.323423385620117
5 5.328287124633789
5 5.332406759262085
5 5.33762788772583
5 5.341650009155273
5 5.346686840057373
5 5.350661754608154
5 5.357128143310547
5 5.365731477737427
5 5.370012998580933
5 5.374646425247192
5 5.379497528076172
5 5.383812665939331
5 5.388788461685181
5 5.3930747509002686
5 5.39826226234436
5 5.402408123016357
5 5.408369779586792
5 5.412484645843506
5 5.417849779129028
5 5.42201566696167
5 5.427018642425537
5 5.430985689163208
5 5.436078786849976
5 5.440150260925293
5 5.445209264755249
5 5.449750185012817
5 5.4557411670684814
5 5.459880113601685
5 5.4641454219818115
5 5.468998670578003
5 5.473496198654175
5 5.478518009185791
5 5.4827446937561035
5 5.487912893295288
5 5.492041349411011
5 5.497028350830078
5 5.5010316371917725
5 5.5071423053741455
5 5.511159420013428
5 5.516249179840088
5 5.520354747772217
5 5.525618553161621
5 5.529757261276245
5 5.534054756164551
5 5.539036273956299
5 5.544166326522827
5 5.549015522003174
5 5.553508758544922
5 5.559183597564697
5 5.563751697540283
5 5.568600654602051
5 5.572800397872925
5 5.578118562698364
5 5.582262992858887
5 5.587537050247192
5 5.5915367603302
5 5.5963733196258545
5 5.600683212280273
5 5.605931997299194
5 5.611034154891968
5 5.61611008644104
5 5.620174884796143
5 5.625446081161499
5 5.629561185836792
5 5.633864879608154
5 5.638747215270996
5 5.643022537231445
5 5.648170709609985
5 5.652310132980347
5 5.657719612121582
5 5.662744522094727
5 5.667911529541016
5 5.672056436538696
5 5.677072763442993
5 5.6810431480407715
5 5.686092138290405
5 5.690163612365723
5 5.6954522132873535
5 5.699584007263184
5 5.7038795948028564
5 5.70997166633606
5 5.7146525382995605
5 5.71951961517334
5 5.723825693130493
5 5.728668689727783
5 5.73292350769043
5 5.738049745559692
5 5.742192268371582
5 5.7471842765808105
5 5.7514328956604
5 5.756266355514526
5 5.765878677368164
5 5.77013087272644
5 5.776004076004028
5 5.780357360839844
5 5.785630941390991
5 5.789897203445435
5 5.794165134429932
5 5.7990171909332275
5 5.803561449050903
5 5.808404445648193
5 5.813774824142456
5 5.818635702133179
5 5.822872638702393
5 5.828011512756348
5 5.832188844680786
5 5.837623596191406
5 5.841636657714844
5 5.846698999404907
5 5.850679636001587
5 5.855881690979004
5 5.859983921051025
5 5.871515512466431
5 5.87636399269104
5 5.88043475151062
5 5.885750770568848
5 5.889859199523926
5 5.894168376922607
5 5.899160623550415
5 5.9037041664123535
5 5.908548355102539
5 5.9138500690460205
5 5.9187047481536865
5 5.9229772090911865
5 5.928086996078491
5 5.932222127914429
5 5.937472105026245
5 5.941502809524536
5 5.946338891983032
5 5.950424432754517
5 5.955693006515503
5 5.959967851638794
5 5.965978384017944
5 5.970240116119385
5 5.97547721862793
5 5.97956657409668
5 5.983870029449463
5 5.988721609115601
5 5.9930031299591064
5 5.998165845870972
