0 0.0035212039947509766
1 0.014909505844116211
1 0.02503228187561035
4 0.03557729721069336
6 0.04386401176452637
9 0.05602216720581055
12 0.0648050308227539
14 0.0727987289428711
15 0.07786297798156738
17 0.0819082260131836
18 0.08700919151306152
20 0.09111833572387695
21 0.09645962715148926
23 0.10076093673706055
25 0.10547924041748047
26 0.10999751091003418
28 0.11458706855773926
29 0.12060403823852539
31 0.12501025199890137
31 0.12989020347595215
33 0.13455986976623535
34 0.1394362449645996
34 0.1436915397644043
35 0.14905476570129395
36 0.15326929092407227
36 0.15870213508605957
37 0.16293668746948242
37 0.1679844856262207
37 0.1732163429260254
37 0.17851543426513672
37 0.18269658088684082
37 0.1876535415649414
37 0.19178414344787598
37 0.19692444801330566
37 0.20105314254760742
37 0.20636677742004395
37 0.21057558059692383
37 0.21492791175842285
37 0.22092723846435547
37 0.22629547119140625
37 0.23049044609069824
37 0.23485016822814941
37 0.23973846435546875
37 0.24430394172668457
37 0.2492060661315918
37 0.2533581256866455
37 0.25865745544433594
37 0.26290035247802734
37 0.26795458793640137
37 0.2731926441192627
37 0.27864646911621094
37 0.28283143043518066
37 0.2878999710083008
37 0.2919001579284668
37 0.29700398445129395
37 0.3011469841003418
37 0.3064589500427246
37 0.31063032150268555
37 0.31496596336364746
37 0.3198838233947754
37 0.3259563446044922
37 0.3303210735321045
37 0.33464550971984863
37 0.33968520164489746
37 0.3442988395690918
37 0.3491837978363037
37 0.3533363342285156
37 0.36277270317077637
37 0.367999792098999
37 0.3720123767852783
37 0.37860941886901855
37 0.3827798366546631
37 0.3879690170288086
37 0.39203381538391113
37 0.39716362953186035
37 0.4016578197479248
37 0.40679121017456055
37 0.41106629371643066
37 0.4163191318511963
37 0.42047548294067383
37 0.4266388416290283
37 0.43076491355895996
37 0.43549227714538574
37 0.4399869441986084
37 0.44455981254577637
37 0.4494438171386719
37 0.4537646770477295
37 0.4591047763824463
37 0.46329236030578613
37 0.46855831146240234
37 0.4727644920349121
37 0.4788088798522949
37 0.4829981327056885
37 0.48828983306884766
37 0.49233174324035645
37 0.49719738960266113
37 0.5013926029205322
37 0.506617546081543
37 0.5107424259185791
37 0.5150585174560547
37 0.5203628540039062
37 0.5246798992156982
37 0.5305764675140381
37 0.5349080562591553
37 0.5399372577667236
37 0.5445127487182617
37 0.549431324005127
37 0.553739070892334
37 0.559563398361206
37 0.5638818740844727
37 0.5690362453460693
37 0.573209285736084
37 0.5792832374572754
37 0.5835528373718262
37 0.5887742042541504
37 0.5929675102233887
37 0.597970724105835
37 0.6019988059997559
37 0.6070971488952637
37 0.6112029552459717
37 0.6165518760681152
37 0.6207242012023926
37 0.6250276565551758
37 0.6309535503387451
37 0.6362676620483398
37 0.6406018733978271
37 0.6449313163757324
37 0.6498243808746338
37 0.654381275177002
37 0.6592574119567871
37 0.6635208129882812
37 0.6688849925994873
37 0.6731081008911133
37 0.679145097732544
37 0.6833288669586182
37 0.6886215209960938
37 0.692800760269165
37 0.698021411895752
37 0.702282190322876
37 0.7071599960327148
37 0.7112424373626709
37 0.7165567874908447
37 0.7206966876983643
37 0.7250056266784668
37 0.73095703125
37 0.7362730503082275
37 0.7404353618621826
37 0.7447614669799805
37 0.7496218681335449
37 0.7539224624633789
37 0.7631688117980957
37 0.7686150074005127
37 0.7727999687194824
37 0.7779865264892578
37 0.7832431793212891
37 0.7887065410614014
37 0.7928755283355713
37 0.7983250617980957
37 0.8023767471313477
37 0.8074584007263184
37 0.8114776611328125
37 0.8167197704315186
37 0.8209645748138428
37 0.8262722492218018
37 0.8312139511108398
37 0.8365519046783447
37 0.8406908512115479
37 0.844984769821167
37 0.8498437404632568
37 0.8543896675109863
37 0.8592913150787354
37 0.8635993003845215
37 0.8687901496887207
37 0.8729729652404785
37 0.8784077167510986
37 0.8833713531494141
37 0.8886964321136475
37 0.8929104804992676
37 0.8979513645172119
37 0.9019899368286133
37 0.9070954322814941
37 0.9112157821655273
37 0.9165356159210205
37 0.9207248687744141
37 0.9250273704528809
37 0.9300341606140137
37 0.9362986087799072
37 0.9406266212463379
37 0.9449212551116943
37 0.9502954483032227
37 0.9546408653259277
37 0.959526777267456
37 0.9638087749481201
37 0.9689726829528809
37 0.9731545448303223
37 0.9784948825836182
37 0.983330488204956
37 0.9886989593505859
37 0.9928832054138184
37 0.9983100891113281
37 1.00236177444458
37 1.0071890354156494
37 1.0113790035247803
37 1.0166068077087402
37 1.020747184753418
37 1.025444507598877
37 1.0299291610717773
37 1.0362756252288818
37 1.0404393672943115
37 1.0447704792022705
37 1.0496482849121094
37 1.0539355278015137
37 1.0593101978302002
37 1.0635755062103271
37 1.068753957748413
37 1.07295560836792
37 1.0779612064361572
37 1.0819857120513916
37 1.0884435176849365
37 1.0924808979034424
37 1.0975816249847412
37 1.1016829013824463
37 1.106820821762085
37 1.1109340190887451
37 1.1160006523132324
37 1.1205472946166992
37 1.1248712539672852
37 1.1297399997711182
37 1.1343252658843994
37 1.1400318145751953
37 1.1446077823638916
37 1.1494715213775635
37 1.1537635326385498
37 1.1624491214752197
37 1.1677875518798828
37 1.1718192100524902
37 1.1769309043884277
37 1.1812567710876465
37 1.1872320175170898
37 1.1918444633483887
37 1.1969482898712158
37 1.2010576725006104
37 1.2063233852386475
37 1.2104907035827637
37 1.2147867679595947
37 1.2196650505065918
37 1.2242441177368164
37 1.2291183471679688
37 1.2332887649536133
37 1.2394442558288574
37 1.2437174320220947
37 1.2488996982574463
37 1.2530858516693115
37 1.2583303451538086
37 1.2623529434204102
37 1.2672059535980225
37 1.2714478969573975
37 1.2767105102539062
37 1.2808310985565186
37 1.2855250835418701
37 1.2909607887268066
37 1.2962522506713867
37 1.3005688190460205
37 1.3049252033233643
37 1.309783935546875
37 1.3143329620361328
37 1.319359302520752
37 1.3236172199249268
37 1.3288123607635498
37 1.3330140113830566
37 1.3389146327972412
37 1.3431594371795654
37 1.3484282493591309
37 1.3524537086486816
37 1.3577854633331299
37 1.361832857131958
37 1.366940975189209
37 1.3710331916809082
37 1.3763091564178467
37 1.3804607391357422
37 1.3847744464874268
37 1.3907434940338135
37 1.3954427242279053
37 1.3999254703521729
37 1.4044935703277588
37 1.4093725681304932
37 1.41365647315979
37 1.4190168380737305
37 1.4232025146484375
37 1.4285187721252441
37 1.4326622486114502
37 1.437626600265503
37 1.4429900646209717
37 1.448434829711914
37 1.4524531364440918
37 1.4575309753417969
37 1.461639642715454
37 1.4667623043060303
37 1.4709088802337646
37 1.4759321212768555
37 1.4804565906524658
37 1.4847755432128906
37 1.4896585941314697
37 1.4949138164520264
37 1.4998047351837158
37 1.5043301582336426
37 1.509209156036377
37 1.5133707523345947
37 1.5186753273010254
37 1.5228495597839355
37 1.5280234813690186
37 1.5322747230529785
37 1.537156105041504
37 1.5427756309509277
37 1.5478081703186035
37 1.5518388748168945
37 1.5578951835632324
37 1.5667381286621094
37 1.5710029602050781
37 1.576319932937622
37 1.580735206604004
37 1.585069179534912
37 1.5903046131134033
37 1.5963449478149414
37 1.6006567478179932
37 1.6049723625183105
37 1.6098644733428955
37 1.6144254207611084
37 1.6193184852600098
37 1.623595952987671
37 1.628782033920288
37 1.6329920291900635
37 1.6380414962768555
37 1.6422958374023438
37 1.6485340595245361
37 1.6526875495910645
37 1.657886266708374
37 1.6619148254394531
37 1.6670124530792236
37 1.6711418628692627
37 1.6764540672302246
37 1.6806058883666992
37 1.6849236488342285
37 1.6898140907287598
37 1.6955368518829346
37 1.7000138759613037
37 1.7045693397521973
37 1.709599494934082
37 1.713881015777588
37 1.7191967964172363
37 1.7233526706695557
37 1.728672742843628
37 1.7328379154205322
37 1.7378535270690918
37 1.7418959140777588
37 1.7482922077178955
37 1.752349853515625
37 1.7571935653686523
37 1.761387825012207
37 1.7666232585906982
37 1.7707440853118896
37 1.7754554748535156
37 1.780325174331665
37 1.784663438796997
37 1.7895138263702393
37 1.7937803268432617
37 1.7997198104858398
37 1.8042871952056885
37 1.809166431427002
37 1.8134779930114746
37 1.8186933994293213
37 1.8228604793548584
37 1.8279223442077637
37 1.844996452331543
37 1.8508906364440918
37 1.8559515476226807
37 1.8603324890136719
37 1.8646695613861084
37 1.8695871829986572
37 1.8738758563995361
37 1.8790485858917236
37 1.8832404613494873
37 1.8885235786437988
37 1.892697811126709
37 1.8989059925079346
37 1.903109073638916
37 1.908369541168213
37 1.9123928546905518
37 1.9174442291259766
37 1.9214701652526855
37 1.9267401695251465
37 1.9308793544769287
37 1.9359641075134277
37 1.9403114318847656
37 1.9446430206298828
37 1.9505441188812256
37 1.9570636749267578
37 1.966038703918457
37 1.9706437587738037
37 1.9749963283538818
37 1.9810266494750977
37 1.9863572120666504
37 1.9906737804412842
37 1.994971513748169
37 2.0010530948638916
37 2.0063376426696777
37 2.0106441974639893
37 2.0149879455566406
37 2.020033836364746
37 2.0246357917785645
37 2.0295236110687256
37 2.033818006515503
37 2.0389931201934814
37 2.0431699752807617
37 2.048434019088745
37 2.0535037517547607
37 2.058711290359497
37 2.0628867149353027
37 2.0679540634155273
37 2.0719923973083496
37 2.0771453380584717
37 2.08151912689209
37 2.0867316722869873
37 2.090893507003784
37 2.0959646701812744
37 2.1013970375061035
37 2.106646776199341
37 2.1107912063598633
37 2.1154944896698
37 2.1199636459350586
37 2.1245296001434326
37 2.1293907165527344
37 2.1336827278137207
37 2.139023542404175
37 2.1431896686553955
37 2.1484627723693848
37 2.1535675525665283
37 2.1587696075439453
37 2.162973403930664
37 2.16827654838562
37 2.1722702980041504
37 2.177151918411255
37 2.181375741958618
37 2.1866044998168945
37 2.1907215118408203
37 2.1950247287750244
37 2.2006518840789795
37 2.206984519958496
37 2.2111055850982666
37 2.216407299041748
37 2.2205467224121094
37 2.224883794784546
37 2.229915142059326
37 2.234578847885132
37 2.23941707611084
37 2.243661880493164
37 2.2488436698913574
37 2.2537970542907715
37 2.2591660022735596
37 2.2633607387542725
37 2.268638849258423
37 2.2727913856506348
37 2.277838706970215
37 2.281874179840088
37 2.286980390548706
37 2.2910637855529785
37 2.296322822570801
37 2.300447463989258
37 2.306593894958496
37 2.3107712268829346
37 2.3155033588409424
37 2.3203933238983154
37 2.3247129917144775
37 2.329608201980591
37 2.3338656425476074
37 2.339024782180786
37 2.3431925773620605
37 2.348443031311035
37 2.3524677753448486
37 2.3588337898254395
37 2.36761212348938
37 2.3717498779296875
37 2.3768410682678223
37 2.381208896636963
37 2.3865103721618652
37 2.390807628631592
37 2.395501136779785
37 2.3999712467193604
37 2.4045093059539795
37 2.4103615283966064
37 2.4146885871887207
37 2.4195456504821777
37 2.4238600730895996
37 2.429006338119507
37 2.4331459999084473
37 2.438586950302124
37 2.4427669048309326
37 2.4478237628936768
37 2.4518442153930664
37 2.457919120788574
37 2.4619569778442383
37 2.4670653343200684
37 2.4711861610412598
37 2.4765119552612305
37 2.480666160583496
37 2.484981060028076
37 2.4900355339050293
37 2.4946038722991943
37 2.4996304512023926
37 2.5038979053497314
37 2.509866952896118
37 2.5144405364990234
37 2.519345283508301
37 2.523613691329956
37 2.5288619995117188
37 2.533039093017578
37 2.5383172035217285
37 2.5423402786254883
37 2.547183036804199
37 2.5513830184936523
37 2.5584890842437744
37 2.5627670288085938
37 2.567869186401367
37 2.571882486343384
37 2.576944589614868
37 2.581031560897827
37 2.5862975120544434
37 2.5904667377471924
37 2.594768524169922
37 2.59962797164917
37 2.6038897037506104
37 2.6096889972686768
37 2.6142706871032715
37 2.619356155395508
37 2.6236491203308105
37 2.6288328170776367
37 2.6329994201660156
37 2.6382484436035156
37 2.6422927379608154
37 2.647186756134033
37 2.651371955871582
37 2.6565849781036377
37 2.6617753505706787
37 2.666858196258545
37 2.670971393585205
37 2.6762807369232178
37 2.680589437484741
37 2.6849093437194824
37 2.6897692680358887
37 2.6943256855010986
37 2.6992123126983643
37 2.7034828662872314
37 2.708709716796875
37 2.7138171195983887
37 2.719010591506958
37 2.7231781482696533
37 2.728463888168335
37 2.732489824295044
37 2.7378175258636475
37 2.7418270111083984
37 2.7469699382781982
37 2.75123929977417
37 2.756551742553711
37 2.7614688873291016
37 2.770420551300049
37 2.7747466564178467
37 2.779783010482788
37 2.784357786178589
37 2.789374589920044
37 2.7936275005340576
37 2.7989611625671387
37 2.80312442779541
37 2.808424472808838
37 2.8134713172912598
37 2.818697690963745
37 2.8228859901428223
37 2.8279378414154053
37 2.8319506645202637
37 2.837048292160034
37 2.841170072555542
37 2.8464834690093994
37 2.8506410121917725
37 2.854964256286621
37 2.8599870204925537
37 2.8662943840026855
37 2.870450735092163
37 2.8747637271881104
37 2.8798069953918457
37 2.8843657970428467
37 2.8892276287078857
37 2.893495798110962
37 2.898693084716797
37 2.9028737545013428
37 2.9079198837280273
37 2.9119298458099365
37 2.91851806640625
37 2.9227259159088135
37 2.9277710914611816
37 2.931820869445801
37 2.936948299407959
37 2.9410486221313477
37 2.9463226795196533
37 2.9504640102386475
37 2.9547994136810303
37 2.959658622741699
37 2.9649693965911865
37 2.9698588848114014
37 2.974445343017578
37 2.979538679122925
37 2.9838271141052246
37 2.9890124797821045
37 2.9931764602661133
37 2.9984278678894043
37 3.0024967193603516
37 3.007824182510376
37 3.0118277072906494
37 3.017986297607422
37 3.021989345550537
37 3.027068853378296
37 3.0311949253082275
37 3.036522150039673
37 3.040825366973877
37 3.0455307960510254
37 3.0499963760375977
37 3.054532289505005
37 3.0594253540039062
37 3.063676118850708
37 3.0696206092834473
37 3.073904275894165
37 3.079047203063965
37 3.083191394805908
37 3.088510513305664
37 3.0926589965820312
37 3.097872495651245
37 3.10189151763916
37 3.1069414615631104
37 3.1110384464263916
37 3.1170237064361572
37 3.1212069988250732
37 3.1265203952789307
37 3.1306655406951904
37 3.1349735260009766
37 3.140011787414551
37 3.144625186920166
37 3.149513006210327
37 3.15377140045166
37 3.1591145992279053
37 3.163297414779663
37 3.172672748565674
37 3.1778719425201416
37 3.1818971633911133
37 3.1869990825653076
37 3.191380739212036
37 3.1966238021850586
37 3.200904130935669
37 3.205962896347046
37 3.210306406021118
37 3.2146403789520264
37 3.2206907272338867
37 3.2250354290008545
37 3.2298669815063477
37 3.23441219329834
37 3.2392985820770264
37 3.24356746673584
37 3.2487714290618896
37 3.252950429916382
37 3.257964849472046
37 3.2619946002960205
37 3.267102003097534
37 3.2728395462036133
37 3.278249502182007
37 3.2822988033294678
37 3.2871782779693604
37 3.2912635803222656
37 3.2965850830078125
37 3.3006908893585205
37 3.3050312995910645
37 3.3098878860473633
37 3.3144397735595703
37 3.3202977180480957
37 3.3246517181396484
37 3.3295176029205322
37 3.333827257156372
37 3.339231491088867
37 3.3434736728668213
37 3.3487284183502197
37 3.3529255390167236
37 3.3579375743865967
37 3.36199688911438
37 3.3670411109924316
37 3.372361660003662
37 3.3772099018096924
37 3.381378650665283
37 3.38661789894104
37 3.3907430171966553
37 3.3954389095306396
37 3.4003355503082275
37 3.4046518802642822
37 3.4095606803894043
37 3.413844347000122
37 3.4190220832824707
37 3.4243879318237305
37 3.429265022277832
37 3.433522939682007
37 3.438720226287842
37 3.442899227142334
37 3.447930097579956
37 3.4519479274749756
37 3.4570281505584717
37 3.4613747596740723
37 3.4665911197662354
37 3.4707589149475098
37 3.4768145084381104
37 3.4809296131134033
37 3.486290693283081
37 3.4904260635375977
37 3.494745969772339
37 3.499626398086548
37 3.503885269165039
37 3.509040355682373
37 3.51318359375
37 3.518611192703247
37 3.5236148834228516
37 3.5290050506591797
37 3.533153533935547
37 3.53843092918396
37 3.5424559116363525
37 3.5475451946258545
37 3.5516538619995117
37 3.557631015777588
37 3.561767339706421
37 3.5704474449157715
37 3.576634645462036
37 3.5809803009033203
37 3.5862390995025635
37 3.5905864238739014
37 3.594886064529419
37 3.5998950004577637
37 3.604482650756836
37 3.6093900203704834
37 3.613659381866455
37 3.6188488006591797
37 3.6230034828186035
37 3.6290926933288574
37 3.6333062648773193
37 3.6387205123901367
37 3.6429011821746826
37 3.647940158843994
37 3.6519594192504883
37 3.6570568084716797
37 3.6614532470703125
37 3.6666791439056396
37 3.6708099842071533
37 3.6823832988739014
37 3.687471866607666
37 3.691476345062256
37 3.6967036724090576
37 3.7010371685028076
37 3.7063281536102295
37 3.7104878425598145
37 3.7148120403289795
37 3.719696283340454
37 3.7242815494537354
37 3.729870080947876
37 3.7344255447387695
37 3.739326238632202
37 3.743626117706299
37 3.748802423477173
37 3.7529852390289307
37 3.758420705795288
37 3.762484073638916
37 3.7675745487213135
37 3.7717230319976807
37 3.77791690826416
37 3.781968355178833
37 3.787045955657959
37 3.791383981704712
37 3.7966203689575195
37 3.800759792327881
37 3.8054769039154053
37 3.8099677562713623
37 3.8145201206207275
37 3.819542407989502
37 3.823833465576172
37 3.829798460006714
37 3.8343288898468018
37 3.8392136096954346
37 3.8433496952056885
37 3.848667621612549
37 3.8528687953948975
37 3.85793399810791
37 3.8619601726531982
37 3.867025375366211
37 3.871152877807617
37 3.87646222114563
37 3.8818109035491943
37 3.8869290351867676
37 3.891019582748413
37 3.896287441253662
37 3.9004218578338623
37 3.904792070388794
37 3.909696102142334
37 3.9142496585845947
37 3.9192843437194824
37 3.92356538772583
37 3.9287540912628174
37 3.933845281600952
37 3.939168691635132
37 3.9433140754699707
37 3.9486122131347656
37 3.9527785778045654
37 3.9578146934509277
37 3.9618546962738037
37 3.970693826675415
37 3.975062847137451
37 3.9811673164367676
37 3.986543893814087
37 3.990917682647705
37 3.9959628582000732
37 4.000591278076172
37 4.0049004554748535
37 4.009764671325684
37 4.014350175857544
37 4.019229412078857
37 4.023472547531128
37 4.028692007064819
37 4.0338075160980225
37 4.038999080657959
37 4.0431811809539795
37 4.048623085021973
37 4.052776098251343
37 4.057965993881226
37 4.061990261077881
37 4.067092418670654
37 4.071247100830078
37 4.076557159423828
37 4.080697536468506
37 4.086770057678223
37 4.0908918380737305
37 4.095960378646851
37 4.1003577709198
37 4.104685544967651
37 4.109574794769287
37 4.113839387893677
37 4.1191794872283936
37 4.123345851898193
37 4.128649473190308
37 4.133615016937256
37 4.138846158981323
37 4.143024921417236
37 4.148256540298462
37 4.15230655670166
37 4.157195806503296
37 4.161382436752319
37 4.166631698608398
37 4.1707563400268555
37 4.175451040267944
37 4.180363655090332
37 4.186528205871582
37 4.190670967102051
37 4.195016384124756
37 4.199870824813843
37 4.20442533493042
37 4.2093260288238525
37 4.213606119155884
37 4.218803882598877
37 4.222975730895996
37 4.228304147720337
37 4.232303857803345
37 4.238691806793213
37 4.242858171463013
37 4.247899293899536
37 4.251893997192383
37 4.256965637207031
37 4.2610743045806885
37 4.266409158706665
37 4.270539045333862
37 4.274871587753296
37 4.279721260070801
37 4.2842772006988525
37 4.289933919906616
37 4.294517278671265
37 4.2995522022247314
37 4.303822755813599
37 4.30918288230896
37 4.313472509384155
37 4.318682670593262
37 4.322851896286011
37 4.3278961181640625
37 4.331901550292969
37 4.337960243225098
37 4.3420090675354
37 4.347116708755493
37 4.351218938827515
37 4.356520891189575
37 4.360818862915039
37 4.365535020828247
37 4.373912811279297
37 4.379207372665405
37 4.383357524871826
37 4.389570236206055
37 4.393848657608032
37 4.399204254150391
37 4.403473138809204
37 4.408689737319946
37 4.412864446640015
37 4.418295383453369
37 4.422299385070801
37 4.427177906036377
37 4.431379318237305
37 4.436593770980835
37 4.441770076751709
37 4.446859359741211
37 4.450989484786987
37 4.456324100494385
37 4.460479021072388
37 4.464794397354126
37 4.469653606414795
37 4.473922252655029
37 4.479207277297974
37 4.48334813117981
37 4.489328622817993
37 4.493637800216675
37 4.498838186264038
37 4.503015756607056
37 4.508277893066406
37 4.5123536586761475
37 4.517223358154297
37 4.521443843841553
37 4.526668310165405
37 4.530809640884399
37 4.535502672195435
37 4.541234731674194
37 4.546553611755371
37 4.550695896148682
37 4.554983615875244
37 4.560757875442505
37 4.565081596374512
37 4.570382118225098
37 4.574727535247803
37 4.579610824584961
37 4.583867788314819
37 4.589043855667114
37 4.594422817230225
37 4.599446535110474
37 4.603707313537598
37 4.608887672424316
37 4.6130759716033936
37 4.618322849273682
37 4.62237024307251
37 4.627218008041382
37 4.631441116333008
37 4.636667728424072
37 4.641681671142578
37 4.646818399429321
37 4.651026487350464
37 4.656318426132202
37 4.660623788833618
37 4.664947271347046
37 4.669802904129028
37 4.674358606338501
37 4.679246664047241
37 4.683496713638306
37 4.688689470291138
37 4.69379997253418
37 4.69912052154541
37 4.703289270401001
37 4.70855450630188
37 4.712732553482056
37 4.717931747436523
37 4.721975088119507
37 4.727060079574585
37 4.731842517852783
37 4.737167835235596
37 4.741254091262817
37 4.747532367706299
37 4.751522064208984
37 4.756733179092407
37 4.76088809967041
37 4.765561580657959
37 4.773693799972534
37 4.779133081436157
37 4.783342361450195
37 4.788808584213257
37 4.7938737869262695
37 4.799208402633667
37 4.803363561630249
37 4.808682441711426
37 4.812873601913452
37 4.8179237842559814
37 4.821945905685425
37 4.827016115188599
37 4.831248998641968
37 4.836545705795288
37 4.840869665145874
37 4.846975803375244
37 4.85108494758606
37 4.85636305809021
37 4.860523462295532
37 4.864858388900757
37 4.86973762512207
37 4.874256134033203
37 4.879124879837036
37 4.883286476135254
37 4.888539552688599
37 4.892737627029419
37 4.898915529251099
37 4.903085231781006
37 4.908321380615234
37 4.912326812744141
37 4.917186975479126
37 4.921257019042969
37 4.926600694656372
37 4.93074107170105
37 4.935067892074585
37 4.939897537231445
37 4.944476842880249
37 4.954650163650513
37 4.9596779346466064
37 4.964240550994873
37 4.969129800796509
37 4.973301410675049
37 4.978658437728882
37 4.982810735702515
37 4.987832307815552
37 4.991830825805664
37 4.997969150543213
37 5.002026557922363
37 5.007141351699829
37 5.011240243911743
37 5.016540050506592
37 5.020835638046265
37 5.025533199310303
37 5.030486822128296
37 5.034796476364136
37 5.039653062820435
37 5.043938159942627
37 5.049910545349121
37 5.05448842048645
37 5.059367418289185
37 5.063641548156738
37 5.0688042640686035
37 5.072991609573364
37 5.0784032344818115
37 5.082456827163696
37 5.087792873382568
37 5.091803789138794
37 5.096894264221191
37 5.102029800415039
37 5.107150554656982
37 5.1112565994262695
37 5.116601943969727
37 5.120737314224243
37 5.125046253204346
37 5.1298744678497314
37 5.134428262710571
37 5.139533758163452
37 5.143798589706421
37 5.1497368812561035
37 5.154312610626221
37 5.159184217453003
37 5.16334867477417
37 5.168696880340576
37 5.177639007568359
37 5.181755542755127
37 5.186846017837524
37 5.191145181655884
37 5.196469783782959
37 5.201863050460815
37 5.2069456577301025
37 5.211042404174805
37 5.216299295425415
37 5.220635890960693
37 5.224945545196533
37 5.229820489883423
37 5.23433518409729
37 5.239192485809326
37 5.243328094482422
37 5.248629570007324
37 5.253718614578247
37 5.259018898010254
37 5.263174772262573
37 5.268425941467285
37 5.2724573612213135
37 5.277557373046875
37 5.281649112701416
37 5.286769390106201
37 5.2908854484558105
37 5.295569181442261
37 5.300018548965454
37 5.306399345397949
37 5.310537576675415
37 5.314862251281738
37 5.31988263130188
37 5.3244309425354
37 5.32932448387146
37 5.333606004714966
37 5.338774919509888
37 5.3429529666900635
37 5.348381042480469
37 5.353244066238403
37 5.358549118041992
37 5.362736701965332
37 5.367680549621582
37 5.371776819229126
37 5.376856088638306
37 5.381143093109131
37 5.386451244354248
37 5.3906567096710205
37 5.394961595535278
37 5.3998188972473145
37 5.405457496643066
37 5.410001754760742
37 5.414598703384399
37 5.419492959976196
37 5.423771142959595
37 5.428932428359985
37 5.433096647262573
37 5.438516855239868
37 5.44272780418396
37 5.44767689704895
37 5.451787233352661
37 5.457985877990723
37 5.462010145187378
37 5.4671220779418945
37 5.471266031265259
37 5.476590394973755
37 5.4808807373046875
37 5.485933065414429
37 5.4902825355529785
37 5.494639873504639
37 5.499671936035156
37 5.505019187927246
37 5.509891748428345
37 5.51447606086731
37 5.51936411857605
37 5.52363657951355
37 5.528810024261475
37 5.532978296279907
37 5.538290739059448
37 5.542332887649536
37 5.547191143035889
37 5.559353590011597
37 5.563679218292236
37 5.5688464641571045
37 5.577219486236572
37 5.581531763076782
37 5.586768388748169
37 5.591027021408081
37 5.59628963470459
37 5.600578308105469
37 5.604944467544556
37 5.610944747924805
37 5.616032123565674
37 5.620537519454956
37 5.624871492385864
37 5.629727125167847
37 5.634284496307373
37 5.63915753364563
37 5.6434736251831055
37 5.648662567138672
37 5.652821063995361
37 5.658867120742798
37 5.663033723831177
37 5.668252944946289
37 5.672296762466431
37 5.677170276641846
37 5.6815104484558105
37 5.686790466308594
37 5.690937757492065
37 5.6962902545928955
37 5.700429916381836
37 5.7047412395477295
37 5.710628271102905
37 5.7149763107299805
37 5.719877481460571
37 5.724431753158569
37 5.729313611984253
37 5.733605623245239
37 5.738939046859741
37 5.743157625198364
37 5.74843692779541
37 5.752455472946167
37 5.757540941238403
37 5.76274299621582
37 5.767818212509155
37 5.771864652633667
37 5.7769455909729
37 5.781028747558594
37 5.786351203918457
37 5.790501832962036
37 5.794837713241577
37 5.7998716831207275
37 5.804434537887573
37 5.810360431671143
37 5.814691543579102
37 5.819536447525024
37 5.8238160610198975
37 5.829007387161255
37 5.833164215087891
37 5.838434219360352
37 5.842494010925293
37 5.847551584243774
37 5.851595878601074
37 5.856773376464844
37 5.86202335357666
37 5.867118835449219
37 5.871488571166992
37 5.876725435256958
37 5.8808393478393555
37 5.885544061660767
37 5.890010118484497
37 5.8945934772491455
37 5.899454355239868
37 5.903713703155518
37 5.908936977386475
37 5.913912773132324
37 5.919234991073608
37 5.923487663269043
37 5.928695440292358
37 5.932859659194946
37 5.937937259674072
37 5.9419779777526855
37 5.9470648765563965
37 5.951245069503784
37 5.956556081771851
37 5.960706949234009
37 5.966846942901611
37 5.9709532260894775
37 5.979956150054932
37 5.984503507614136
37 5.991469860076904
37 5.998599290847778
