0 0.0010993480682373047
0 0.014302253723144531
0 0.0242922306060791
0 0.03445553779602051
1 0.043382883071899414
2 0.05454730987548828
2 0.06321287155151367
2 0.06844663619995117
2 0.07261395454406738
3 0.07805013656616211
3 0.08208060264587402
4 0.08716368675231934
4 0.09126925468444824
4 0.0964047908782959
4 0.10049867630004883
5 0.11009502410888672
5 0.1161963939666748
6 0.12046313285827637
6 0.12552523612976074
6 0.13003873825073242
7 0.13433599472045898
7 0.1393895149230957
7 0.14394831657409668
8 0.14882922172546387
8 0.15394186973571777
8 0.1588129997253418
9 0.16306829452514648
9 0.1691136360168457
9 0.1733989715576172
9 0.1785569190979004
10 0.18270230293273926
10 0.18796610832214355
10 0.19201421737670898
10 0.19711899757385254
10 0.2012176513671875
11 0.2063593864440918
11 0.21066713333129883
11 0.21671319007873535
11 0.22083234786987305
11 0.22617483139038086
11 0.2304840087890625
11 0.23558664321899414
12 0.23993253707885742
12 0.2442786693572998
12 0.24916815757751465
12 0.253448486328125
12 0.2586660385131836
12 0.2629110813140869
12 0.26885342597961426
12 0.2731359004974365
12 0.2783353328704834
12 0.28255772590637207
12 0.2880074977874756
12 0.29204392433166504
12 0.29714441299438477
12 0.30126214027404785
12 0.3064086437225342
12 0.31052136421203613
12 0.3159027099609375
12 0.3209507465362549
12 0.32618284225463867
12 0.33032655715942383
12 0.3350546360015869
12 0.34000587463378906
12 0.3489513397216797
12 0.35326290130615234
12 0.35860395431518555
12 0.362776517868042
12 0.3689296245574951
12 0.37323713302612305
12 0.3784217834472656
12 0.3826122283935547
12 0.38784241676330566
12 0.39193224906921387
12 0.39701056480407715
12 0.40103697776794434
12 0.40627026557922363
12 0.4105558395385742
12 0.4158635139465332
12 0.420823335647583
12 0.4261918067932129
12 0.43033862113952637
12 0.43503737449645996
12 0.4395735263824463
12 0.44416022300720215
12 0.4490501880645752
12 0.45334458351135254
12 0.4585137367248535
12 0.4627091884613037
12 0.46819448471069336
12 0.4732987880706787
12 0.4784877300262451
12 0.4826960563659668
12 0.48797082901000977
12 0.49202609062194824
12 0.49711108207702637
12 0.5012195110321045
12 0.5063495635986328
12 0.5104813575744629
12 0.5155236721038818
12 0.520707368850708
12 0.5260818004608154
12 0.5304226875305176
12 0.5355019569396973
12 0.5398585796356201
12 0.5442154407501221
12 0.5491080284118652
12 0.5534238815307617
12 0.5586025714874268
12 0.5628125667572021
12 0.5680873394012451
12 0.573157787322998
12 0.5783758163452148
12 0.5825455188751221
12 0.5881273746490479
12 0.5922949314117432
12 0.5975079536437988
12 0.6015729904174805
12 0.6066479682922363
12 0.6107833385467529
12 0.6161234378814697
12 0.6202821731567383
12 0.6263723373413086
12 0.6304776668548584
12 0.6355423927307129
12 0.6399044990539551
12 0.6442434787750244
12 0.6492958068847656
12 0.6538801193237305
12 0.6587741374969482
12 0.6630373001098633
12 0.6682682037353516
12 0.6732847690582275
12 0.6784837245941162
12 0.6826481819152832
12 0.6878962516784668
12 0.6919238567352295
12 0.6967689990997314
12 0.7008450031280518
12 0.7061951160430908
12 0.7104730606079102
12 0.7155241966247559
12 0.7198712825775146
12 0.7259864807128906
12 0.7303111553192139
12 0.7345967292785645
12 0.7394592761993408
12 0.7489378452301025
12 0.7532594203948975
12 0.7585804462432861
12 0.7627649307250977
12 0.7682664394378662
12 0.7724449634552002
12 0.778660774230957
12 0.782879114151001
12 0.7881224155426025
12 0.7922885417938232
12 0.7973687648773193
12 0.8013961315155029
12 0.8065311908721924
12 0.8106741905212402
12 0.815990686416626
12 0.8201353549957275
12 0.8262224197387695
12 0.8304905891418457
12 0.8355953693389893
12 0.8399531841278076
12 0.8442821502685547
12 0.8491647243499756
12 0.8534340858459473
12 0.8587522506713867
12 0.8629055023193359
12 0.8682565689086914
12 0.8724136352539062
12 0.8784010410308838
12 0.8825936317443848
12 0.8880319595336914
12 0.8921711444854736
12 0.8971617221832275
12 0.9012978076934814
12 0.9064254760742188
12 0.9105510711669922
12 0.9158480167388916
12 0.9200229644775391
12 0.9243347644805908
12 0.9302401542663574
12 0.9345972537994385
12 0.9394626617431641
12 0.9440591335296631
12 0.9491243362426758
12 0.9534039497375488
12 0.9585461616516113
12 0.9627163410186768
12 0.9679782390594482
12 0.9720134735107422
12 0.9781396389007568
12 0.9823503494262695
12 0.9875521659851074
12 0.9915881156921387
12 0.9966995716094971
12 1.0008115768432617
12 1.0061540603637695
12 1.010465383529663
12 1.0151457786560059
12 1.0198962688446045
12 1.0242328643798828
12 1.030033826828003
12 1.034358263015747
12 1.0392184257507324
12 1.0435190200805664
12 1.0486915111541748
12 1.052865743637085
12 1.0581340789794922
12 1.0622916221618652
12 1.0674793720245361
12 1.071484088897705
12 1.076578140258789
12 1.0820014476776123
12 1.0871262550354004
12 1.0912206172943115
12 1.0963292121887207
12 1.100478172302246
12 1.1055498123168945
12 1.1099083423614502
12 1.1142663955688477
12 1.11928129196167
12 1.1238300800323486
12 1.1288478374481201
12 1.1342334747314453
12 1.1391017436981201
12 1.1434102058410645
12 1.1519322395324707
12 1.1567695140838623
12 1.1610889434814453
12 1.166349172592163
12 1.1706633567810059
12 1.175968885421753
12 1.1810088157653809
12 1.1862611770629883
12 1.1905286312103271
12 1.195871114730835
12 1.2000012397766113
12 1.2043259143829346
12 1.2091941833496094
12 1.2134678363800049
12 1.2186827659606934
12 1.2228758335113525
12 1.2281343936920166
12 1.2332239151000977
12 1.2384405136108398
12 1.2426080703735352
12 1.2480967044830322
12 1.2522690296173096
12 1.2572336196899414
12 1.2613518238067627
12 1.2664422988891602
12 1.2705614566802979
12 1.2759003639221191
12 1.2800602912902832
12 1.2861127853393555
12 1.2902519702911377
12 1.2945594787597656
12 1.299443244934082
12 1.3040025234222412
12 1.3090548515319824
12 1.3133227825164795
12 1.3184914588928223
12 1.3226776123046875
12 1.3279283046722412
12 1.3328397274017334
12 1.3382060527801514
12 1.3423781394958496
12 1.3474135398864746
12 1.3514182567596436
12 1.356515645980835
12 1.360619306564331
12 1.3658819198608398
12 1.370204210281372
12 1.374518871307373
12 1.3795902729034424
12 1.3859307765960693
12 1.390058994293213
12 1.3943431377410889
12 1.3991913795471191
12 1.4034483432769775
12 1.4085779190063477
12 1.4127328395843506
12 1.4180071353912354
12 1.4220263957977295
12 1.4273436069488525
12 1.431380033493042
12 1.4375216960906982
12 1.441544532775879
12 1.4466843605041504
12 1.4507906436920166
12 1.4560964107513428
12 1.4602749347686768
12 1.4645752906799316
12 1.4694483280181885
12 1.47403883934021
12 1.4789175987243652
12 1.4831931591033936
12 1.4892687797546387
12 1.4938154220581055
12 1.4987092018127441
12 1.5028817653656006
12 1.5082714557647705
12 1.5124356746673584
12 1.5174574851989746
12 1.5214848518371582
12 1.5278699398040771
12 1.5318903923034668
12 1.5380401611328125
12 1.542079210281372
12 1.5506227016448975
12 1.5559015274047852
12 1.5602240562438965
12 1.5645580291748047
12 1.5695784091949463
12 1.5741829872131348
12 1.5792012214660645
12 1.583458423614502
12 1.5894083976745605
12 1.5939407348632812
12 1.5988318920135498
12 1.6030924320220947
12 1.608424425125122
12 1.612610101699829
12 1.617854118347168
12 1.621898889541626
12 1.6267571449279785
12 1.630981683731079
12 1.6361961364746094
12 1.6414196491241455
12 1.6465144157409668
12 1.6506376266479492
12 1.6558969020843506
12 1.6600632667541504
12 1.6643564701080322
12 1.6693789958953857
12 1.6739318370819092
12 1.6788299083709717
12 1.683053731918335
12 1.689018964767456
12 1.6933348178863525
12 1.6985139846801758
12 1.7026968002319336
12 1.7079570293426514
12 1.7120139598846436
12 1.7171399593353271
12 1.7212157249450684
12 1.7263224124908447
12 1.7306249141693115
12 1.7358858585357666
12 1.7408325672149658
12 1.746788740158081
13 1.7510402202606201
13 1.756260871887207
13 1.760392665863037
13 1.765073537826538
13 1.7699663639068604
13 1.7743079662322998
13 1.7792000770568848
13 1.7834446430206299
13 1.7888388633728027
13 1.794233798980713
13 1.799131155014038
13 1.8034188747406006
13 1.8085966110229492
13 1.8127617835998535
13 1.8180251121520996
13 1.822061538696289
13 1.8271701335906982
13 1.8312861919403076
13 1.842242956161499
13 1.8474972248077393
13 1.851545810699463
13 1.856626272201538
13 1.8607735633850098
14 1.8661293983459473
14 1.8702905178070068
14 1.8746013641357422
14 1.8794994354248047
14 1.8841288089752197
14 1.8889880180358887
14 1.8942766189575195
14 1.8993430137634277
14 1.9038827419281006
14 1.9089312553405762
14 1.9131855964660645
14 1.9183671474456787
14 1.9225704669952393
14 1.9276149272918701
14 1.9318599700927734
14 1.9367485046386719
14 1.940948724746704
14 1.9506895542144775
14 1.955998182296753
14 1.9603018760681152
14 1.9646358489990234
14 1.9700396060943604
14 1.9743812084197998
14 1.9794225692749023
14 1.983980417251587
14 1.9888885021209717
14 1.9941151142120361
14 1.9990577697753906
14 2.00333833694458
14 2.008490562438965
14 2.012680768966675
14 2.018040657043457
14 2.0220587253570557
14 2.027416229248047
14 2.0314481258392334
14 2.036525249481201
14 2.0406110286712646
14 2.046656847000122
14 2.0507688522338867
14 2.0560414791107178
14 2.0602056980133057
14 2.0645275115966797
14 2.0694491863250732
14 2.074016809463501
14 2.078895092010498
14 2.083146572113037
14 2.0884768962860107
14 2.0926401615142822
14 2.0987086296081543
14 2.10284686088562
14 2.108107805252075
14 2.1122515201568604
14 2.117238998413086
14 2.121342420578003
14 2.126494884490967
14 2.1305856704711914
14 2.135866403579712
14 2.144087076187134
14 2.1501071453094482
14 2.154433488845825
14 2.1594526767730713
14 2.1640074253082275
14 2.16892409324646
14 2.173185110092163
14 2.178586483001709
14 2.1827545166015625
14 2.188015937805176
14 2.1920387744903564
14 2.198296308517456
14 2.2025153636932373
14 2.2079732418060303
14 2.212028741836548
14 2.217106580734253
14 2.221095323562622
14 2.226316452026367
14 2.230424404144287
14 2.2351372241973877
14 2.239588737487793
14 2.244173765182495
14 2.2500767707824707
14 2.2544121742248535
14 2.259317636489868
14 2.2638862133026123
14 2.268925905227661
14 2.2732057571411133
14 2.2784106731414795
14 2.2825770378112793
14 2.2880191802978516
14 2.2920477390289307
14 2.297139883041382
14 2.3024449348449707
14 2.307485342025757
14 2.311483383178711
14 2.3165903091430664
14 2.32071590423584
14 2.3260087966918945
14 2.3302812576293945
14 2.3345837593078613
14 2.339465856552124
14 2.3440728187561035
14 2.353389024734497
14 2.3587069511413574
14 2.362919569015503
14 2.3684117794036865
14 2.3725883960723877
14 2.3779890537261963
14 2.3820297718048096
14 2.387373685836792
14 2.3914027214050293
14 2.39652419090271
14 2.4018869400024414
14 2.406794309616089
14 2.4109675884246826
14 2.4161765575408936
14 2.420475721359253
14 2.425853729248047
14 2.4299986362457275
14 2.4343297481536865
14 2.439197063446045
14 2.443445920944214
14 2.4487972259521484
14 2.454195022583008
14 2.4591257572174072
14 2.4634177684783936
14 2.468569755554199
14 2.4727280139923096
14 2.478008508682251
14 2.4820363521575928
14 2.487114429473877
14 2.491097927093506
14 2.496293067932129
14 2.5006425380706787
14 2.5066778659820557
14 2.5110363960266113
14 2.516279697418213
14 2.5203964710235596
14 2.5251035690307617
14 2.529595375061035
14 2.534210205078125
14 2.5390806198120117
14 2.5433545112609863
14 2.5486819744110107
14 2.5539469718933105
14 2.5588173866271973
14 2.5630884170532227
14 2.56844425201416
14 2.5725860595703125
14 2.577867269515991
14 2.5818774700164795
14 2.5867443084716797
14 2.59096360206604
14 2.59617280960083
14 2.600318431854248
14 2.606423854827881
14 2.610605239868164
14 2.61592435836792
14 2.620072603225708
14 2.624415397644043
14 2.6294333934783936
14 2.633981943130493
14 2.638883590698242
14 2.6431398391723633
14 2.648365020751953
14 2.652556896209717
14 2.6585893630981445
14 2.6627583503723145
14 2.66800856590271
14 2.672049045562744
14 2.6773521900177
14 2.681417226791382
14 2.686513662338257
14 2.6907763481140137
14 2.696099042892456
14 2.700263261795044
14 2.706333875656128
14 2.71046781539917
14 2.7151384353637695
14 2.7196083068847656
14 2.724180221557617
14 2.729098320007324
14 2.733367919921875
14 2.7385213375091553
14 2.7427072525024414
14 2.752473831176758
14 2.7586052417755127
14 2.7627577781677246
14 2.768197774887085
14 2.7723677158355713
14 2.7775633335113525
14 2.781832456588745
14 2.786728620529175
14 2.79081654548645
14 2.79611873626709
14 2.8002424240112305
14 2.804556131362915
14 2.810631036758423
14 2.8159074783325195
14 2.82008957862854
14 2.824424982070923
14 2.8292837142944336
14 2.833869218826294
14 2.8387582302093506
14 2.842925548553467
14 2.848240613937378
14 2.8524014949798584
14 2.858353614807129
14 2.8625857830047607
14 2.8680217266082764
14 2.872051239013672
14 2.877119302749634
14 2.8812384605407715
14 2.8863492012023926
14 2.890498399734497
14 2.8955633640289307
14 2.8999314308166504
14 2.9042768478393555
14 2.9101126194000244
14 2.914466381072998
14 2.9193429946899414
14 2.923902988433838
14 2.9289186000823975
14 2.9331910610198975
14 2.938509464263916
14 2.942694664001465
14 2.947939157485962
14 2.951960802078247
14 2.9568064212799072
14 2.9623420238494873
14 2.9673752784729004
14 2.971405506134033
14 2.9765238761901855
14 2.9806270599365234
14 2.985896110534668
14 2.9901788234710693
14 2.9945154190063477
14 2.999401330947876
14 3.0039870738983154
14 3.0088605880737305
14 3.014186143875122
14 3.019056558609009
14 3.023320198059082
14 3.028477668762207
14 3.0326638221740723
14 3.037891149520874
14 3.0419301986694336
14 3.0467913150787354
14 3.051255702972412
14 3.056411027908325
14 3.0614206790924072
14 3.0665194988250732
14 3.07077956199646
14 3.0760867595672607
14 3.0802338123321533
14 3.084568977355957
14 3.0894484519958496
14 3.0940020084381104
14 3.098871946334839
14 3.103168249130249
14 3.1084885597229004
14 3.1138741970062256
14 3.118769407272339
14 3.122938871383667
14 3.1282036304473877
14 3.132364511489868
14 3.137394666671753
14 3.1414761543273926
14 3.1465952396392822
14 3.1545450687408447
14 3.159562826156616
14 3.165903091430664
14 3.170358180999756
14 3.1750266551971436
14 3.179903268814087
14 3.184236764907837
14 3.1890780925750732
14 3.193384885787964
14 3.198702335357666
14 3.202876567840576
14 3.208117723464966
14 3.2131690979003906
14 3.2184391021728516
14 3.222635507583618
14 3.2280731201171875
14 3.2321743965148926
14 3.23716139793396
14 3.241248369216919
14 3.246363639831543
14 3.250490188598633
14 3.255566120147705
14 3.2599127292633057
14 3.2659997940063477
14 3.270153045654297
14 3.274461030960083
14 3.2793233394622803
14 3.283878803253174
14 3.2889301776885986
14 3.293195962905884
14 3.2983601093292236
14 3.302567481994629
14 3.3075904846191406
14 3.3118369579315186
14 3.3179612159729004
14 3.321990489959717
14 3.3271875381469727
14 3.3313345909118652
14 3.3364782333374023
14 3.3405814170837402
14 3.345867872238159
14 3.350196361541748
14 3.354509115219116
14 3.359389305114746
14 3.36393666267395
14 3.3695802688598633
14 3.3741841316223145
14 3.379073143005371
14 3.3833370208740234
14 3.3885157108306885
14 3.392700433731079
14 3.3979604244232178
14 3.402017593383789
14 3.4072601795196533
14 3.411360502243042
14 3.417534112930298
14 3.4215805530548096
14 3.4266929626464844
14 3.430786609649658
14 3.4360857009887695
14 3.44026255607605
14 3.4445810317993164
14 3.4494435787200928
14 3.4539904594421387
14 3.459040880203247
14 3.46332049369812
14 3.4694368839263916
14 3.474000930786133
14 3.478886842727661
14 3.4831345081329346
14 3.488337993621826
14 3.4925286769866943
14 3.4975998401641846
14 3.5018322467803955
14 3.5067131519317627
14 3.5108070373535156
14 3.516141891479492
14 3.521293878555298
14 3.5264103412628174
14 3.530684471130371
14 3.535958766937256
14 3.5400784015655518
14 3.5443973541259766
14 3.5492899417877197
14 3.558586597442627
14 3.5627493858337402
14 3.5681750774383545
14 3.573248863220215
14 3.5785675048828125
14 3.582728147506714
14 3.588186740875244
14 3.5923643112182617
14 3.597393274307251
14 3.601405382156372
14 3.606527328491211
14 3.6106133460998535
14 3.6158764362335205
14 3.6208441257476807
14 3.6261696815490723
14 3.6303021907806396
14 3.6350290775299072
14 3.6395115852355957
14 3.644080638885498
14 3.649113416671753
14 3.653385877609253
14 3.658579111099243
14 3.662738084793091
14 3.667983055114746
14 3.672880172729492
14 3.678112506866455
14 3.688267946243286
14 3.692499876022339
14 3.697547435760498
14 3.701584577560425
14 3.706664800643921
14 3.711043357849121
14 3.7163100242614746
14 3.720597982406616
14 3.7265992164611816
14 3.7307326793670654
14 3.7360570430755615
14 3.7402172088623047
14 3.7445497512817383
14 3.7502970695495605
14 3.7545948028564453
14 3.759441614151001
14 3.7639806270599365
14 3.7690703868865967
14 3.774362564086914
14 3.7792203426361084
14 3.783473014831543
14 3.788606643676758
14 3.792776107788086
14 3.7980434894561768
14 3.8020756244659424
14 3.8071393966674805
14 3.8112549781799316
14 3.8163833618164062
14 3.8205068111419678
14 3.826756715774536
14 3.831174850463867
14 3.836313009262085
14 3.8404440879821777
14 3.8450961112976074
14 3.8499951362609863
14 3.8543293476104736
14 3.8592443466186523
14 3.863614082336426
14 3.868682384490967
14 3.8728649616241455
14 3.8789403438568115
14 3.8832452297210693
14 3.8885672092437744
14 3.8927295207977295
14 3.8979790210723877
14 3.902034044265747
14 3.907114028930664
14 3.9112932682037354
14 3.9163994789123535
14 3.920525312423706
14 3.9265823364257812
14 3.9307146072387695
14 3.936033010482788
14 3.940185785293579
14 3.944483518600464
14 3.9495139122009277
14 3.958378553390503
14 3.9625768661499023
14 3.9680402278900146
14 3.9721784591674805
14 3.9783947467803955
14 3.982576608657837
14 3.9876153469085693
14 3.991884469985962
14 3.9967896938323975
14 4.000999689102173
14 4.0062150955200195
14 4.010482549667358
14 4.015573501586914
14 4.0199360847473145
14 4.024261713027954
14 4.030132055282593
14 4.0344626903533936
14 4.039347171783447
14 4.043933153152466
14 4.04878044128418
14 4.053893327713013
14 4.058767557144165
14 4.062891960144043
14 4.0683088302612305
14 4.072482347488403
14 4.078447580337524
14 4.082635402679443
14 4.087883949279785
14 4.091913223266602
14 4.096788644790649
14 4.101004362106323
14 4.106232404708862
14 4.110484838485718
14 4.11557412147522
14 4.119921445846558
14 4.1242616176605225
14 4.13020658493042
14 4.134515285491943
14 4.139406681060791
14 4.143932342529297
14 4.148796796798706
14 4.152944087982178
14 4.158231258392334
14 4.162383794784546
14 4.167401552200317
14 4.171442747116089
14 4.176535129547119
14 4.181967735290527
14 4.186803102493286
14 4.191277742385864
14 4.196380376815796
14 4.200518608093262
14 4.205591678619385
14 4.209959268569946
14 4.214289426803589
14 4.219174146652222
14 4.2234532833099365
14 4.228607177734375
14 4.2339794635772705
14 4.239003658294678
14 4.243234395980835
14 4.248536586761475
14 4.252695322036743
14 4.257957935333252
14 4.261947393417358
14 4.266810417175293
14 4.2710347175598145
14 4.276269912719727
14 4.281283855438232
14 4.286404848098755
14 4.290513038635254
14 4.295828342437744
14 4.299977779388428
14 4.304307460784912
14 4.309335947036743
14 4.313892841339111
14 4.318789482116699
14 4.323045492172241
14 4.328263282775879
14 4.333302021026611
14 4.338461399078369
14 4.342637062072754
14 4.347925424575806
14 4.351942300796509
14 4.360469579696655
14 4.3651347160339355
14 4.370138883590698
14 4.374476194381714
14 4.379498243331909
14 4.385539531707764
14 4.390049695968628
14 4.39437460899353
14 4.399264335632324
14 4.403841257095337
14 4.4086878299713135
14 4.412857294082642
14 4.4181294441223145
14 4.422335147857666
14 4.427509784698486
14 4.431546688079834
14 4.437993049621582
14 4.442037582397461
14 4.447115659713745
14 4.451094150543213
14 4.456316232681274
14 4.46045446395874
14 4.465115308761597
14 4.4695820808410645
14 4.474156618118286
14 4.479033708572388
14 4.484380483627319
14 4.489445686340332
14 4.493991136550903
14 4.499121427536011
14 4.503393173217773
14 4.508512020111084
14 4.512714385986328
14 4.517987489700317
14 4.522047281265259
14 4.52711033821106
14 4.531106948852539
14 4.537381172180176
14 4.541388273239136
14 4.546495199203491
14 4.550770044326782
14 4.556088447570801
14 4.560235023498535
14 4.564556121826172
14 4.569422006607056
14 4.573980331420898
14 4.578862190246582
14 4.583142995834351
14 4.589071273803711
14 4.593366622924805
14 4.598501920700073
14 4.6026575565338135
14 4.608094692230225
14 4.612250328063965
14 4.617206811904907
14 4.621347427368164
14 4.6264328956604
14 4.63072943687439
14 4.6366729736328125
14 4.640782356262207
14 4.64611029624939
14 4.650281190872192
14 4.6546101570129395
14 4.65946364402771
14 4.664044380187988
14 4.669079542160034
14 4.673333406448364
14 4.678491592407227
14 4.682658672332764
14 4.688714981079102
14 4.692921161651611
14 4.698200225830078
14 4.702370882034302
14 4.707414388656616
14 4.711435556411743
14 4.716523170471191
14 4.720607280731201
14 4.7258687019348145
14 4.730193376541138
14 4.734514951705933
14 4.74047064781189
14 4.745147466659546
14 4.750492334365845
14 4.759307384490967
14 4.7638840675354
14 4.768923282623291
14 4.773184776306152
14 4.778523683547974
14 4.782707452774048
14 4.788967609405518
14 4.793264389038086
14 4.79843544960022
14 4.8025853633880615
14 4.80782413482666
14 4.811927318572998
14 4.816765069961548
14 4.821008920669556
14 4.8262481689453125
14 4.830359935760498
14 4.83502197265625
14 4.840651512145996
14 4.845988035202026
14 4.850269317626953
14 4.854581832885742
14 4.859449863433838
14 4.863961458206177
14 4.868921756744385
14 4.8731865882873535
14 4.878401517868042
14 4.882569074630737
14 4.887990713119507
14 4.893096446990967
14 4.898293733596802
14 4.90245509147644
14 4.907850980758667
14 4.91187596321106
14 4.916737079620361
14 4.920840740203857
14 4.926177024841309
14 4.930314779281616
14 4.934649229049683
14 4.939466714859009
14 4.94556188583374
14 4.94995903968811
14 4.954284906387329
14 4.959152460098267
14 4.963436603546143
14 4.9687676429748535
14 4.972927093505859
14 4.9782726764678955
14 4.982455730438232
14 4.987497329711914
14 4.992583990097046
14 4.997857570648193
14 5.00187611579895
14 5.006764888763428
14 5.010975122451782
14 5.016163349151611
14 5.020475387573242
14 5.0255138874053955
14 5.0300612449646
14 5.034393548965454
14 5.039267539978027
14 5.044518709182739
14 5.049361705780029
14 5.05390739440918
14 5.058765411376953
14 5.0629377365112305
14 5.068232297897339
14 5.0723865032196045
14 5.077434062957764
14 5.0814619064331055
14 5.086533546447754
14 5.090840101242065
14 5.097164630889893
14 5.1012773513793945
14 5.106380224227905
14 5.110495328903198
14 5.11555814743042
14 5.119902849197388
14 5.1242356300354
14 5.129090309143066
14 5.133357048034668
14 5.139118909835815
14 5.144511938095093
14 5.149607419967651
14 5.154176235198975
14 5.1628217697143555
14 5.168303728103638
14 5.172494649887085
14 5.177972793579102
14 5.182027578353882
14 5.187249422073364
14 5.191359281539917
14 5.197546720504761
14 5.201573371887207
14 5.206676006317139
14 5.2110209465026855
14 5.216246843338013
14 5.220378160476685
14 5.225059986114502
14 5.229511976242065
14 5.2340638637542725
14 5.238936185836792
14 5.243213653564453
14 5.2491302490234375
14 5.253441333770752
14 5.258590221405029
14 5.262751340866089
14 5.2681872844696045
14 5.272352933883667
14 5.277572393417358
14 5.281599998474121
14 5.286691904067993
14 5.290798187255859
14 5.296107053756714
14 5.301106691360474
14 5.3063225746154785
14 5.3104517459869385
14 5.315130949020386
14 5.319590091705322
14 5.32416296005249
14 5.329205751419067
14 5.333492040634155
14 5.3386712074279785
14 5.342857837677002
14 5.348763704299927
14 5.3529486656188965
14 5.358254671096802
14 5.362462043762207
14 5.367516279220581
14 5.3715527057647705
14 5.376636981964111
14 5.380724906921387
14 5.386013031005859
14 5.390351295471191
14 5.395051956176758
14 5.400479078292847
14 5.40552020072937
14 5.410052061080933
14 5.414370775222778
14 5.419293403625488
14 5.423854351043701
14 5.428730249404907
14 5.432873725891113
14 5.438134431838989
14 5.44227147102356
14 5.4474968910217285
14 5.452720403671265
14 5.4580299854278564
14 5.462055683135986
14 5.467123985290527
14 5.471228122711182
14 5.47637152671814
14 5.480470180511475
14 5.485507965087891
14 5.489847183227539
14 5.494199275970459
14 5.5000834465026855
14 5.504474878311157
14 5.509477138519287
14 5.5140557289123535
14 5.5189385414123535
14 5.523187875747681
14 5.528413534164429
14 5.532575368881226
14 5.537991046905518
14 5.542031526565552
14 5.563990831375122
14 5.56912636756897
14 5.573396921157837
14 5.578748941421509
14 5.5830535888671875
14 5.588436603546143
14 5.592614650726318
14 5.597848653793335
14 5.6028337478637695
14 5.608133554458618
14 5.612309455871582
14 5.617251396179199
14 5.621377468109131
14 5.626494407653809
14 5.630743503570557
14 5.636092901229858
14 5.640259742736816
14 5.644586563110352
14 5.649439334869385
14 5.655136823654175
14 5.659615516662598
14 5.664219856262207
14 5.669231653213501
14 5.6735100746154785
14 5.678632736206055
14 5.682830333709717
14 5.688302040100098
14 5.692485809326172
14 5.6975133419036865
14 5.701544284820557
14 5.707990407943726
14 5.71203351020813
14 5.717144966125488
14 5.721231460571289
14 5.726333856582642
14 5.7304527759552
14 5.7351531982421875
14 5.739884614944458
14 5.744251251220703
14 5.750129461288452
14 5.756265163421631
14 5.760382413864136
14 5.7650628089904785
14 5.769556283950806
14 5.774147272109985
14 5.779061317443848
14 5.78332257270813
14 5.788512229919434
14 5.792699098587036
14 5.798155307769775
14 5.80232310295105
14 5.808480501174927
14 5.812651872634888
14 5.817892551422119
14 5.8219380378723145
14 5.827031850814819
14 5.831047773361206
14 5.836268424987793
14 5.840389013290405
14 5.845104694366455
14 5.849579572677612
14 5.854187726974487
14 5.860108137130737
14 5.86444091796875
14 5.86944842338562
14 5.874009132385254
14 5.878899097442627
14 5.883189916610718
14 5.888379812240601
14 5.892559766769409
14 5.897585153579712
14 5.901615858078003
14 5.907911062240601
14 5.9119484424591064
14 5.916797876358032
14 5.92101263999939
14 5.926245212554932
14 5.930598735809326
14 5.935896873474121
14 5.940046787261963
14 5.944371700286865
14 5.949249029159546
14 5.953611850738525
14 5.963412523269653
14 5.968753337860107
14 5.973049163818359
14 5.978402376174927
14 5.982558727264404
14 5.988082647323608
14 5.992253541946411
14 5.997220039367676
