0 0.003247976303100586
0 0.01628565788269043
0 0.024739503860473633
1 0.03680276870727539
1 0.04688525199890137
2 0.055017948150634766
3 0.06675195693969727
4 0.07165217399597168
4 0.0768740177154541
5 0.08104968070983887
5 0.08622956275939941
5 0.09026503562927246
6 0.0953359603881836
6 0.09940743446350098
7 0.10467290878295898
7 0.10880780220031738
8 0.11311769485473633
8 0.1180272102355957
9 0.1234281063079834
9 0.1286625862121582
9 0.13300180435180664
9 0.13788652420043945
10 0.14217448234558105
11 0.1475968360900879
11 0.157301664352417
11 0.16147232055664062
11 0.16694307327270508
11 0.17198443412780762
11 0.17734909057617188
11 0.18150806427001953
11 0.1867842674255371
11 0.19081950187683105
11 0.19620466232299805
11 0.20024943351745605
11 0.20535063743591309
11 0.2095949649810791
11 0.21495580673217773
11 0.2191178798675537
11 0.22528934478759766
11 0.22940969467163086
11 0.23471522331237793
11 0.23886442184448242
11 0.24320268630981445
11 0.24808669090270996
11 0.2526693344116211
11 0.2577228546142578
11 0.2619948387145996
11 0.2673652172088623
11 0.27264928817749023
11 0.2775750160217285
11 0.2818436622619629
11 0.28704357147216797
11 0.2911832332611084
11 0.2962155342102051
11 0.30023765563964844
11 0.3053150177001953
11 0.3094468116760254
11 0.3147270679473877
11 0.31886720657348633
11 0.32495570182800293
11 0.3292665481567383
11 0.33436083793640137
11 0.33871936798095703
11 0.34305500984191895
11 0.34796810150146484
11 0.3522500991821289
11 0.357471227645874
11 0.36165428161621094
11 0.36698174476623535
11 0.37116003036499023
11 0.3772311210632324
11 0.3814101219177246
11 0.3868710994720459
11 0.3910815715789795
11 0.3960282802581787
11 0.40012407302856445
11 0.40522003173828125
11 0.4093616008758545
11 0.4146554470062256
11 0.4188237190246582
11 0.42316246032714844
11 0.42905688285827637
11 0.43337512016296387
11 0.4382336139678955
11 0.4427950382232666
11 0.44786548614501953
11 0.45214056968688965
11 0.45728635787963867
11 0.4614856243133545
11 0.4667797088623047
11 0.4708058834075928
11 0.47707509994506836
11 0.48128366470336914
11 0.48633313179016113
11 0.49036240577697754
11 0.49546027183532715
11 0.49956822395324707
11 0.5049014091491699
11 0.5092475414276123
11 0.514293909072876
11 0.5188167095184326
11 0.5231420993804932
11 0.5290451049804688
11 0.5333735942840576
11 0.538236141204834
11 0.5428314208984375
11 0.5477445125579834
11 0.5570268630981445
11 0.5612187385559082
11 0.5667493343353271
11 0.5708339214324951
11 0.5761463642120361
11 0.5813741683959961
11 0.5866305828094482
11 0.5906734466552734
11 0.5955381393432617
11 0.5997333526611328
11 0.604964017868042
11 0.6091043949127197
11 0.6138498783111572
11 0.6183319091796875
11 0.6228787899017334
11 0.6289763450622559
11 0.6333155632019043
11 0.6382138729095459
11 0.6427481174468994
11 0.6478767395019531
11 0.6522035598754883
11 0.6573731899261475
11 0.6615252494812012
11 0.6668076515197754
11 0.6708371639251709
11 0.675905704498291
11 0.6811707019805908
11 0.6863653659820557
11 0.6903727054595947
11 0.6954929828643799
11 0.699578046798706
11 0.7048711776733398
11 0.7090058326721191
11 0.7133235931396484
11 0.7181987762451172
11 0.7227652072906494
11 0.7282791137695312
11 0.734647274017334
11 0.7388067245483398
11 0.7431111335754395
11 0.7481603622436523
11 0.7527182102203369
11 0.7576172351837158
11 0.7618999481201172
11 0.7670586109161377
11 0.7712197303771973
11 0.7766499519348145
11 0.7815401554107666
11 0.7868413925170898
11 0.7909417152404785
11 0.7959651947021484
11 0.8000874519348145
11 0.8051943778991699
11 0.8094472885131836
11 0.8147671222686768
11 0.8188900947570801
11 0.8232204914093018
11 0.8280766010284424
11 0.833350419998169
11 0.8382270336151123
11 0.8428118228912354
11 0.847679615020752
11 0.8519492149353027
11 0.8571412563323975
11 0.8613476753234863
11 0.8667912483215332
11 0.8708212375640869
11 0.8759114742279053
11 0.8799958229064941
11 0.886253833770752
11 0.890277624130249
11 0.8953731060028076
11 0.8995027542114258
11 0.9048593044281006
11 0.9091765880584717
11 0.9139060974121094
11 0.9186728000640869
11 0.9230046272277832
11 0.9280111789703369
11 0.9333367347717285
11 0.9382500648498535
11 0.9428975582122803
11 0.9477965831756592
11 0.957587718963623
11 0.9677019119262695
11 0.9810404777526855
11 0.9875283241271973
11 0.9916985034942627
11 0.9970016479492188
11 1.0011863708496094
11 1.0062084197998047
11 1.0102300643920898
11 1.0153474807739258
11 1.019498348236084
11 1.024766445159912
11 1.028923749923706
11 1.0332520008087158
11 1.03920316696167
11 1.0438957214355469
11 1.0487926006317139
11 1.0531284809112549
11 1.057992696762085
11 1.062243938446045
11 1.0673787593841553
11 1.0715563297271729
11 1.0768380165100098
11 1.0809552669525146
11 1.087073802947998
11 1.0912644863128662
11 1.0962715148925781
11 1.100330114364624
11 1.105391025543213
11 1.1096158027648926
11 1.1149258613586426
11 1.1190602779388428
11 1.1233742237091064
11 1.1282343864440918
11 1.132824182510376
11 1.138373851776123
11 1.1429638862609863
11 1.147876262664795
11 1.1521756649017334
11 1.157367467880249
11 1.1615188121795654
11 1.1669690608978271
11 1.171149492263794
11 1.176194190979004
11 1.18023681640625
11 1.1853594779968262
11 1.1906161308288574
11 1.1954936981201172
11 1.1995658874511719
11 1.2048726081848145
11 1.2090225219726562
11 1.2133557796478271
11 1.2182250022888184
11 1.2227821350097656
11 1.2278289794921875
11 1.2320749759674072
11 1.2380738258361816
11 1.2426776885986328
11 1.2475395202636719
11 1.251688003540039
11 1.2569875717163086
11 1.2611634731292725
11 1.2661845684051514
11 1.2702031135559082
11 1.275303602218628
11 1.279386043548584
11 1.2846522331237793
11 1.2898361682891846
11 1.2951221466064453
11 1.2993903160095215
11 1.3046493530273438
11 1.308781623840332
11 1.3130970001220703
11 1.317976713180542
11 1.322258472442627
11 1.3273968696594238
11 1.33156156539917
11 1.33683180809021
11 1.3416786193847656
11 1.3471558094024658
11 1.3513693809509277
11 1.359874963760376
11 1.3650884628295898
11 1.3693432807922363
11 1.3746392726898193
11 1.3789682388305664
11 1.3832714557647705
11 1.3882668018341064
11 1.3943250179290771
11 1.3986773490905762
11 1.4030225276947021
11 1.4080054759979248
11 1.4122817516326904
11 1.417449712753296
11 1.421600341796875
11 1.4270081520080566
11 1.4311943054199219
11 1.4362432956695557
11 1.4413602352142334
11 1.4466354846954346
11 1.4506616592407227
11 1.4555630683898926
11 1.4598121643066406
11 1.4650230407714844
11 1.4692919254302979
11 1.4746315479278564
11 1.4787609577178955
11 1.4830796718597412
11 1.487999439239502
11 1.4933092594146729
11 1.4981913566589355
11 1.5027124881744385
11 1.5075726509094238
11 1.5118167400360107
11 1.5170080661773682
11 1.5211689472198486
11 1.5263826847076416
11 1.5303857326507568
11 1.5355000495910645
11 1.5395936965942383
11 1.5460264682769775
11 1.5501539707183838
11 1.555284023284912
11 1.55955171585083
11 1.5648307800292969
11 1.5690014362335205
11 1.5733318328857422
11 1.578214168548584
11 1.5827739238739014
11 1.5878019332885742
11 1.5920634269714355
11 1.5980160236358643
11 1.6022963523864746
11 1.6074414253234863
11 1.6116001605987549
11 1.616912603378296
11 1.6211118698120117
11 1.6261394023895264
11 1.6301684379577637
11 1.635319471359253
11 1.6393845081329346
11 1.6454060077667236
11 1.6497807502746582
11 1.6550343036651611
11 1.6591663360595703
11 1.6638679504394531
11 1.6683409214019775
11 1.6729397773742676
11 1.6778903007507324
11 1.682175874710083
11 1.6874964237213135
11 1.6916522979736328
11 1.6976289749145508
11 1.7018868923187256
11 1.7072508335113525
11 1.7114059925079346
11 1.7166481018066406
11 1.7206568717956543
11 1.7266993522644043
11 1.7307460308074951
11 1.7358875274658203
11 1.7399969100952148
11 1.745084524154663
11 1.750213384628296
11 1.758711814880371
11 1.7630434036254883
11 1.7681846618652344
11 1.7727243900299072
11 1.777726650238037
11 1.7819783687591553
11 1.7873358726501465
11 1.7915074825286865
11 1.7974910736083984
11 1.8016834259033203
11 1.8069665431976318
11 1.8111155033111572
11 1.8163325786590576
11 1.820354700088501
11 1.825439214706421
11 1.8298003673553467
11 1.8350341320037842
11 1.839165449142456
11 1.8438777923583984
11 1.8493986129760742
11 1.8676023483276367
11 1.8719191551208496
11 1.877133846282959
11 1.881319284439087
11 1.8866946697235107
11 1.8907461166381836
11 1.8958604335784912
11 1.9011485576629639
11 1.906172275543213
11 1.9102022647857666
11 1.9152905941009521
11 1.9193880558013916
11 1.9246902465820312
11 1.928835153579712
11 1.9331457614898682
11 1.9379961490631104
11 1.9422683715820312
11 1.9476537704467773
11 1.953047513961792
11 1.9579622745513916
11 1.9622137546539307
11 1.9673657417297363
11 1.9715278148651123
11 1.9768030643463135
11 1.980821132659912
11 1.9858901500701904
11 1.9900336265563965
11 1.99513840675354
11 1.9992430210113525
11 2.0053279399871826
11 2.0095810890197754
11 2.0148818492889404
11 2.0190212726593018
11 2.023339033126831
11 2.0282115936279297
11 2.032790422439575
11 2.03774356842041
11 2.0420162677764893
11 2.047194480895996
11 2.052255868911743
11 2.057452440261841
11 2.0616142749786377
11 2.0670242309570312
11 2.071190118789673
11 2.07659649848938
11 2.0806031227111816
11 2.0855491161346436
11 2.0897655487060547
11 2.0949904918670654
11 2.0991272926330566
11 2.1052510738372803
11 2.1093626022338867
11 2.114656686782837
11 2.118776559829712
11 2.1230998039245605
11 2.128145217895508
11 2.1326816082000732
11 2.1375420093536377
11 2.1417253017425537
11 2.147099494934082
11 2.151294708251953
11 2.1610047817230225
11 2.166215419769287
11 2.170222282409668
11 2.1753041744232178
11 2.17956805229187
11 2.184872627258301
11 2.189253807067871
11 2.1943299770355225
11 2.19869065284729
11 2.2030138969421387
11 2.2090535163879395
11 2.213364601135254
11 2.218254566192627
11 2.222844362258911
11 2.2277185916900635
11 2.231973886489868
11 2.2371630668640137
11 2.241326332092285
11 2.246812582015991
11 2.250941276550293
11 2.256899356842041
11 2.2610301971435547
11 2.265989065170288
11 2.270102024078369
11 2.275202989578247
11 2.279371738433838
11 2.2851526737213135
11 2.2894065380096436
11 2.294689893722534
11 2.299011707305908
11 2.3033337593078613
11 2.309457778930664
11 2.3147644996643066
11 2.318902015686035
11 2.323228597640991
11 2.328068971633911
11 2.3326754570007324
11 2.337723970413208
11 2.3419833183288574
11 2.3471860885620117
11 2.3513572216033936
11 2.3573615550994873
11 2.361607313156128
11 2.366990327835083
11 2.3711445331573486
11 2.3761630058288574
11 2.380204916000366
11 2.38529896736145
11 2.3894102573394775
11 2.3946897983551025
11 2.3988382816314697
11 2.4031519889831543
11 2.4090726375579834
11 2.4133777618408203
11 2.4182677268981934
11 2.422887086868286
11 2.4279143810272217
11 2.4321844577789307
11 2.437358856201172
11 2.4415323734283447
11 2.446763753890991
11 2.450798988342285
11 2.4558889865875244
11 2.461228370666504
11 2.466649055480957
11 2.4706907272338867
11 2.4755640029907227
11 2.4797699451446533
11 2.4849913120269775
11 2.4892489910125732
11 2.4939346313476562
11 2.4986817836761475
11 2.5030059814453125
11 2.5078749656677246
11 2.5132217407226562
11 2.518071413040161
11 2.522620677947998
11 2.5275180339813232
11 2.5316693782806396
11 2.5369250774383545
11 2.54111385345459
11 2.5463027954101562
11 2.5503475666046143
11 2.560338020324707
11 2.566753625869751
11 2.5708281993865967
11 2.5761630535125732
11 2.580195426940918
11 2.585319757461548
11 2.589564323425293
11 2.594881296157837
11 2.5991857051849365
11 2.6039021015167236
11 2.6087918281555176
11 2.6148223876953125
11 2.618990421295166
11 2.6233103275299072
11 2.6281723976135254
11 2.6327571868896484
11 2.637624502182007
11 2.6418662071228027
11 2.6470656394958496
11 2.6512365341186523
11 2.6562657356262207
11 2.6603012084960938
11 2.6667752265930176
11 2.670799732208252
11 2.6758875846862793
11 2.679990291595459
11 2.6851155757904053
11 2.689241409301758
11 2.693906307220459
11 2.6983511447906494
11 2.7029688358306885
11 2.707860231399536
11 2.713207960128784
11 2.7180755138397217
11 2.722627878189087
11 2.7282731533050537
11 2.7328848838806152
11 2.7377371788024902
11 2.742029905319214
11 2.7471954822540283
11 2.7513656616210938
11 2.7563862800598145
11 2.7603838443756104
11 2.766803503036499
11 2.7709498405456543
11 2.7759764194488525
11 2.7801132202148438
11 2.7851827144622803
11 2.7894175052642822
11 2.7947020530700684
11 2.7988338470458984
11 2.803135871887207
11 2.808002233505249
11 2.8122847080230713
11 2.818206310272217
11 2.822775363922119
11 2.8276612758636475
11 2.8319437503814697
11 2.837153434753418
11 2.841336965560913
11 2.84676456451416
11 2.8507916927337646
11 2.8561291694641113
11 2.8601582050323486
11 2.8662192821502686
11 2.8702392578125
11 2.8752920627593994
11 2.879397392272949
11 2.8846960067749023
11 2.888854503631592
11 2.893143892288208
11 2.898024320602417
11 2.902299404144287
11 2.9076435565948486
11 2.911907434463501
11 2.917818307876587
11 2.9220759868621826
11 2.927232265472412
11 2.9314017295837402
11 2.9366395473480225
11 2.9406633377075195
11 2.945528745651245
11 2.949615716934204
11 2.9549412727355957
11 2.9630281925201416
11 2.9690847396850586
11 2.9733996391296387
11 2.978667736053467
11 2.982987642288208
11 2.988119602203369
11 2.992675304412842
11 2.9975948333740234
11 3.0018341541290283
11 3.007040023803711
11 3.011186122894287
11 3.016226053237915
11 3.0214483737945557
11 3.0268726348876953
11 3.0310304164886475
11 3.0359909534454346
11 3.040109634399414
11 3.0452120304107666
11 3.0493357181549072
11 3.0543949604034424
11 3.058722972869873
11 3.0630223751068115
11 3.06892728805542
11 3.0732789039611816
11 3.078181266784668
11 3.082716226577759
11 3.087721824645996
11 3.091970682144165
11 3.0971577167510986
11 3.1013338565826416
11 3.106376886367798
11 3.1103920936584473
11 3.1154675483703613
11 3.1251018047332764
11 3.129230499267578
11 3.133906602859497
11 3.138366460800171
11 3.1429555416107178
11 3.1480374336242676
11 3.152613401412964
11 3.157485008239746
11 3.1616430282592773
11 3.166898012161255
11 3.171931743621826
11 3.1771328449249268
11 3.1813440322875977
11 3.1863698959350586
11 3.1906139850616455
11 3.1955184936523438
11 3.1997182369232178
11 3.2049310207366943
11 3.2092397212982178
11 3.2138943672180176
11 3.218637466430664
11 3.224729299545288
11 3.2288835048675537
11 3.2332277297973633
11 3.238081455230713
11 3.242659568786621
11 3.247709035873413
11 3.2519731521606445
11 3.2571816444396973
11 3.2613747119903564
11 3.2667934894561768
11 3.2708468437194824
11 3.277026891708374
11 3.281190872192383
11 3.286219358444214
11 3.2902579307556152
11 3.295302152633667
11 3.299374580383301
11 3.30464506149292
11 3.308763027191162
11 3.313086986541748
11 3.317990779876709
11 3.3231730461120605
11 3.3282358646392822
11 3.3328075408935547
11 3.33772349357605
11 3.3419973850250244
11 3.3472378253936768
11 3.351407289505005
11 3.3567328453063965
11 3.365255355834961
11 3.3695385456085205
11 3.375589609146118
11 3.380169630050659
11 3.385319709777832
11 3.3897287845611572
11 3.3949482440948486
11 3.399099588394165
11 3.403426170349121
11 3.4082417488098145
11 3.412785053253174
11 3.41764497756958
11 3.421917676925659
11 3.4277522563934326
11 3.432023286819458
11 3.437213897705078
11 3.44136905670166
11 3.446781873703003
11 3.4508118629455566
11 3.4559390544891357
11 3.4600703716278076
11 3.4651687145233154
11 3.4692797660827637
11 3.4743316173553467
11 3.47951602935791
11 3.4848592281341553
11 3.4889957904815674
11 3.493288040161133
11 3.4981534481048584
11 3.502685546875
11 3.507719039916992
11 3.5120162963867188
11 3.517198085784912
11 3.5213849544525146
11 3.5274224281311035
11 3.5316481590270996
11 3.53691029548645
11 3.541098117828369
11 3.5461244583129883
11 3.550163984298706
11 3.555277109146118
11 3.5596017837524414
11 3.564943552017212
11 3.5692200660705566
11 3.574321746826172
11 3.5795018672943115
11 3.5848236083984375
11 3.588989496231079
11 3.593308687210083
11 3.5981712341308594
11 3.6026902198791504
11 3.607567548751831
11 3.611722946166992
11 3.6170284748077393
11 3.6212332248687744
11 3.6266467571258545
11 3.6316540241241455
11 3.637082099914551
11 3.6412720680236816
11 3.646305799484253
11 3.6503167152404785
11 3.6554019451141357
11 3.659550905227661
11 3.6648764610290527
11 3.6690330505371094
11 3.6733529567718506
11 3.6792614459991455
11 3.6843855381011963
11 3.6888980865478516
11 3.6932363510131836
11 3.704303026199341
11 3.708658456802368
11 3.7129924297332764
11 3.717879056930542
11 3.7221508026123047
11 3.727956533432007
11 3.733365297317505
11 3.7382192611694336
11 3.7427661418914795
11 3.7478299140930176
11 3.752110242843628
11 3.757295846939087
11 3.7661709785461426
11 3.7701938152313232
11 3.775284767150879
11 3.7795510292053223
11 3.786024808883667
11 3.79018235206604
11 3.7953124046325684
11 3.7994091510772705
11 3.8046648502349854
11 3.8089864253997803
11 3.813326358795166
11 3.8181769847869873
11 3.8227059841156006
11 3.8275794982910156
11 3.832921266555786
11 3.8378374576568604
11 3.842123031616211
11 3.8472723960876465
11 3.851454019546509
11 3.8566954135894775
11 3.8607254028320312
11 3.865971803665161
11 3.870072841644287
11 3.8751742839813232
11 3.8794097900390625
11 3.885542869567871
11 3.8897223472595215
11 3.894958019256592
11 3.8992249965667725
11 3.903876304626465
11 3.908329725265503
11 3.912874460220337
11 3.9177281856536865
11 3.9220163822174072
11 3.9273581504821777
11 3.9315505027770996
11 3.937526226043701
11 3.941836357116699
11 3.947056531906128
11 3.9512205123901367
11 3.956232786178589
11 3.9602344036102295
11 3.9653048515319824
11 3.9694199562072754
11 3.9746904373168945
11 3.9788405895233154
11 3.984847068786621
11 3.9892184734344482
11 3.9943020343780518
11 3.9986557960510254
11 4.003023147583008
11 4.007898330688477
11 4.01217246055603
11 4.017320871353149
11 4.021493196487427
11 4.026902675628662
11 4.031114816665649
11 4.037185430526733
11 4.0413689613342285
11 4.046780109405518
11 4.050798177719116
11 4.055895566940308
11 4.060007333755493
11 4.065148115158081
11 4.069249629974365
11 4.074292182922363
11 4.078656196594238
11 4.082995891571045
11 4.08894681930542
11 4.093252182006836
11 4.098093271255493
11 4.1026482582092285
11 4.107702016830444
11 4.111938953399658
11 4.117172479629517
11 4.121328830718994
11 4.126619100570679
11 4.130639553070068
11 4.135513067245483
11 4.140829086303711
11 4.145936727523804
11 4.150084733963013
11 4.155171871185303
11 4.163264274597168
11 4.168650150299072
11 4.172974348068237
11 4.177996397018433
11 4.182270050048828
11 4.188338994979858
11 4.192971706390381
11 4.197895288467407
11 4.202169179916382
11 4.207329988479614
11 4.211495399475098
11 4.216754913330078
11 4.221001863479614
11 4.2261738777160645
11 4.230213165283203
11 4.235289573669434
11 4.240673303604126
11 4.245523929595947
11 4.249737739562988
11 4.254942893981934
11 4.259075880050659
11 4.263365268707275
11 4.268233060836792
11 4.272789478302002
11 4.277708292007446
11 4.281969308853149
11 4.287316560745239
11 4.292702913284302
11 4.297612190246582
11 4.301853895187378
11 4.3070878982543945
11 4.3112688064575195
11 4.316344738006592
11 4.320342302322388
11 4.325444459915161
11 4.329553604125977
11 4.334877252578735
11 4.338997840881348
11 4.345114469528198
11 4.349380970001221
11 4.354668617248535
11 4.358807325363159
11 4.363159418106079
11 4.368043899536133
11 4.3725807666778564
11 4.377498626708984
11 4.381641149520874
11 4.38692045211792
11 4.391908645629883
11 4.397108793258667
11 4.401308059692383
11 4.406698226928711
11 4.410722494125366
11 4.415571451187134
11 4.420054912567139
11 4.425158977508545
11 4.42926549911499
11 4.43430757522583
11 4.438662528991699
11 4.444697618484497
11 4.448840141296387
11 4.453153133392334
11 4.458025932312012
11 4.462393522262573
11 4.467614412307739
11 4.471845388412476
11 4.477046012878418
11 4.481210708618164
11 4.486270904541016
11 4.490275621414185
11 4.496676921844482
11 4.500721216201782
11 4.505577325820923
11 4.509787321090698
11 4.5150017738342285
11 4.519122123718262
11 4.523430109024048
11 4.528684377670288
11 4.533019065856934
11 4.537896633148193
11 4.543212413787842
11 4.54825234413147
11 4.552818775177002
11 4.557725429534912
11 4.566760063171387
11 4.5708019733428955
11 4.576124906539917
11 4.580185651779175
11 4.585266351699829
11 4.5895936489105225
11 4.59583306312561
11 4.5998430252075195
11 4.605073690414429
11 4.609227657318115
11 4.613893270492554
11 4.618345737457275
11 4.622912883758545
11 4.627769470214844
11 4.632020473480225
11 4.637220144271851
11 4.641361236572266
11 4.647439241409302
11 4.651617050170898
11 4.656883239746094
11 4.661060571670532
11 4.666123628616333
11 4.670178413391113
11 4.675321578979492
11 4.679582595825195
11 4.684878826141357
11 4.689011096954346
11 4.6933183670043945
11 4.6992011070251465
11 4.703894853591919
11 4.708768606185913
11 4.713091135025024
11 4.7179906368255615
11 4.722258567810059
11 4.72802472114563
11 4.73239541053772
11 4.7374584674835205
11 4.7416276931762695
11 4.747625112533569
11 4.751924276351929
11 4.757130861282349
11 4.761308431625366
11 4.766695976257324
11 4.770715951919556
11 4.775799036026001
11 4.779794931411743
11 4.785028457641602
11 4.789148330688477
11 4.793842554092407
11 4.799267768859863
11 4.80435037612915
11 4.808843612670898
11 4.81315279006958
11 4.818009614944458
11 4.8222832679748535
11 4.827608346939087
11 4.831893444061279
11 4.837076187133789
11 4.841261863708496
11 4.846288681030273
11 4.85150671005249
11 4.856783151626587
11 4.860815525054932
11 4.865894317626953
11 4.869880676269531
11 4.875066041946411
11 4.879201889038086
11 4.883906602859497
11 4.888788461685181
11 4.893107175827026
11 4.899009704589844
11 4.90336012840271
11 4.908215284347534
11 4.912802457809448
11 4.917665004730225
11 4.921913146972656
11 4.92710018157959
11 4.931294918060303
11 4.936699628829956
11 4.9407432079315186
11 4.945570468902588
11 4.951087236404419
11 4.956037759780884
11 4.960146427154541
11 4.968800783157349
11 4.973101377487183
11 4.9781458377838135
11 4.982684135437012
11 4.98772120475769
11 4.992027282714844
11 4.997201204299927
11 5.002295255661011
11 5.007596731185913
11 5.011839151382446
11 5.017040729522705
11 5.021246910095215
11 5.026275873184204
11 5.030290603637695
11 5.035369634628296
11 5.039478540420532
11 5.044766187667847
11 5.048955678939819
11 5.055023670196533
11 5.059139251708984
11 5.063840389251709
11 5.068770170211792
11 5.073101997375488
11 5.078023195266724
11 5.0822913646698
11 5.087429046630859
11 5.091977834701538
11 5.097380876541138
11 5.102732419967651
11 5.107619285583496
11 5.111858606338501
11 5.117462635040283
11 5.121644973754883
11 5.127033472061157
11 5.131191253662109
11 5.136213302612305
11 5.140232563018799
11 5.145297288894653
11 5.1494598388671875
11 5.1555891036987305
11 5.160105228424072
11 5.165194988250732
11 5.169289588928223
11 5.174336194992065
11 5.178689479827881
11 5.183028936386108
11 5.188035726547241
11 5.1926655769348145
11 5.19770884513855
11 5.201985120773315
11 5.207883358001709
11 5.212186336517334
11 5.217326402664185
11 5.221493721008301
11 5.226752042770386
11 5.230755805969238
11 5.235821962356567
11 5.239863634109497
11 5.245088338851929
11 5.24933648109436
11 5.255388498306274
11 5.259536027908325
11 5.2648797035217285
11 5.269016742706299
11 5.273304462432861
11 5.278165817260742
11 5.282697677612305
11 5.287563800811768
11 5.2917115688323975
11 5.297025203704834
11 5.3011767864227295
11 5.307262420654297
11 5.311440467834473
11 5.31670880317688
11 5.320720195770264
11 5.325973272323608
11 5.330094337463379
11 5.335167646408081
11 5.339365720748901
11 5.344643592834473
11 5.348781585693359
11 5.353133201599121
11 5.359097957611084
11 5.367979526519775
11 5.372255086898804
11 5.377561807632446
11 5.3817150592803955
11 5.387157201766968
11 5.391329765319824
11 5.396821737289429
11 5.400827884674072
11 5.405894994735718
11 5.411176919937134
11 5.416264295578003
11 5.4202940464019775
11 5.4253761768341064
11 5.429610013961792
11 5.434951305389404
11 5.439095973968506
11 5.443430185317993
11 5.448263168334961
11 5.452874660491943
11 5.459005832672119
11 5.463327884674072
11 5.468203544616699
11 5.472721099853516
11 5.477604389190674
11 5.481847286224365
11 5.487224578857422
11 5.49138617515564
11 5.496630668640137
11 5.500633716583252
11 5.505498647689819
11 5.511069297790527
11 5.515996217727661
11 5.5201194286346436
11 5.525191307067871
11 5.529374599456787
11 5.5346519947052
11 5.538790702819824
11 5.543133974075317
11 5.548145055770874
11 5.552673816680908
11 5.557539463043213
11 5.562876224517822
11 5.56775975227356
11 5.577906608581543
11 5.582214593887329
11 5.587522268295288
11 5.591669797897339
11 5.5969767570495605
11 5.601173639297485
11 5.6063597202301025
11 5.611492872238159
11 5.616780996322632
11 5.620847463607788
11 5.625944137573242
11 5.630070209503174
11 5.635159492492676
11 5.639269590377808
11 5.644361257553101
11 5.6487085819244385
11 5.65308690071106
11 5.657990455627441
11 5.663248538970947
11 5.668262720108032
11 5.6728737354278564
11 5.677733421325684
11 5.6820292472839355
11 5.687211513519287
11 5.691364765167236
11 5.696606397628784
11 5.700660467147827
11 5.705552101135254
11 5.709722518920898
11 5.716208457946777
11 5.72022557258606
11 5.726381778717041
11 5.730626344680786
11 5.735514402389526
11 5.739598512649536
11 5.744902849197388
11 5.7490551471710205
11 5.753367185592651
11 5.758206605911255
11 5.767998933792114
11 5.772579908370972
11 5.777619361877441
11 5.78184175491333
11 5.787285089492798
11 5.79146409034729
11 5.796875715255737
11 5.801027059555054
11 5.806005477905273
11 5.810126781463623
11 5.816296577453613
11 5.820329904556274
11 5.825411319732666
11 5.829592227935791
11 5.834895849227905
11 5.839035511016846
11 5.843371868133545
11 5.848624229431152
11 5.852968215942383
11 5.857886075973511
11 5.862191677093506
11 5.868062257766724
11 5.8726255893707275
11 5.8775153160095215
11 5.881675720214844
11 5.886974334716797
11 5.891129016876221
11 5.896189212799072
11 5.9002039432525635
11 5.90530252456665
11 5.9095447063446045
11 5.9148736000061035
11 5.919867515563965
11 5.925095319747925
11 5.929258584976196
11 5.934345483779907
11 5.938698768615723
11 5.9430131912231445
11 5.947862148284912
11 5.952169895172119
11 5.957310676574707
11 5.96149754524231
11 5.967571258544922
11 5.971845388412476
11 5.977202892303467
11 5.981389760971069
11 5.986611843109131
11 5.990628242492676
11 5.99548077583313
11 5.999579906463623
