0 0.0011882781982421875
0 0.0121612548828125
0 0.02212238311767578
1 0.03130054473876953
2 0.04085659980773926
3 0.05235481262207031
4 0.06139850616455078
5 0.06894779205322266
6 0.07323122024536133
6 0.07858705520629883
7 0.08272337913513184
7 0.08797740936279297
8 0.09214425086975098
9 0.09715890884399414
9 0.1011812686920166
10 0.10622000694274902
11 0.11034727096557617
11 0.11652326583862305
12 0.12108135223388672
12 0.12623810768127441
13 0.13037538528442383
13 0.13568115234375
13 0.1398324966430664
14 0.14415216445922852
14 0.149017333984375
15 0.15328335762023926
15 0.15848922729492188
15 0.16268420219421387
16 0.16863274574279785
16 0.1728804111480713
16 0.17824554443359375
16 0.18244624137878418
17 0.18773841857910156
17 0.19176983833312988
17 0.19682812690734863
17 0.20086002349853516
17 0.20613718032836914
17 0.21046161651611328
17 0.2157599925994873
17 0.22065949440002441
17 0.2259831428527832
17 0.23014259338378906
17 0.2348926067352295
17 0.23980093002319336
17 0.24414324760437012
17 0.2490236759185791
17 0.2533135414123535
17 0.2585303783416748
17 0.2627425193786621
17 0.2687346935272217
17 0.27301669120788574
17 0.2781994342803955
17 0.2823936939239502
17 0.2876887321472168
17 0.29175758361816406
17 0.29660868644714355
17 0.3010735511779785
17 0.30622005462646484
17 0.3103494644165039
17 0.3157007694244385
17 0.3205757141113281
17 0.3259105682373047
17 0.33005309104919434
17 0.33440542221069336
17 0.33967161178588867
17 0.3484973907470703
17 0.3526952266693115
17 0.35820865631103516
17 0.3623840808868408
17 0.3678116798400879
17 0.37292027473449707
17 0.37826013565063477
17 0.3824446201324463
17 0.38773536682128906
17 0.3917856216430664
17 0.39684581756591797
17 0.40091466903686523
17 0.4061431884765625
17 0.4102952480316162
17 0.4153444766998291
17 0.4207732677459717
17 0.426037073135376
17 0.4301736354827881
17 0.4348742961883545
17 0.4393627643585205
17 0.4439198970794678
17 0.44878482818603516
17 0.45305585861206055
17 0.45827198028564453
17 0.46245288848876953
17 0.46793484687805176
17 0.4729132652282715
17 0.47826170921325684
17 0.4824790954589844
17 0.4877510070800781
17 0.4917581081390381
17 0.4965956211090088
17 0.5007922649383545
17 0.5059909820556641
17 0.5101642608642578
17 0.5148758888244629
17 0.5193591117858887
17 0.5256936550140381
17 0.5298237800598145
17 0.5341508388519287
17 0.5392677783966064
17 0.5438306331634521
17 0.548771858215332
17 0.5530412197113037
17 0.5582599639892578
17 0.5624241828918457
17 0.5677354335784912
17 0.5726227760314941
17 0.5779190063476562
17 0.5820813179016113
17 0.5870349407196045
17 0.5911571979522705
17 0.59627366065979
17 0.6006033420562744
17 0.6059138774871826
17 0.6100554466247559
17 0.6143815517425537
17 0.6192612648010254
17 0.6254217624664307
17 0.6297850608825684
17 0.6341099739074707
17 0.6389994621276855
17 0.6433134078979492
17 0.648479700088501
17 0.6526436805725098
17 0.6580572128295898
17 0.6622116565704346
17 0.667252779006958
17 0.6712794303894043
17 0.6777317523956299
17 0.6817452907562256
17 0.6865682601928711
17 0.6907799243927002
17 0.696610689163208
17 0.7008357048034668
17 0.706120491027832
17 0.7102305889129639
17 0.7149162292480469
17 0.7198197841644287
17 0.7258639335632324
17 0.7301821708679199
17 0.7349076271057129
17 0.7393906116485596
17 0.7481861114501953
17 0.7524158954620361
17 0.7578842639923096
17 0.7619905471801758
17 0.7672076225280762
17 0.7712297439575195
17 0.7778918743133545
17 0.7819981575012207
17 0.7870578765869141
17 0.7911887168884277
17 0.7962894439697266
17 0.8004047870635986
17 0.8056821823120117
17 0.8098306655883789
17 0.8142125606536865
17 0.8191037178039551
17 0.8236684799194336
17 0.8292796611785889
17 0.83382248878479
17 0.8388710021972656
17 0.8431105613708496
17 0.848289966583252
17 0.8524811267852783
17 0.8579165935516357
17 0.8620736598968506
17 0.8670716285705566
17 0.8712019920349121
17 0.8773634433746338
17 0.8816523551940918
17 0.8865439891815186
17 0.8906497955322266
17 0.895988941192627
17 0.9002847671508789
17 0.9049727916717529
17 0.9097144603729248
17 0.9140396118164062
17 0.9189183712005615
17 0.9232327938079834
17 0.9291274547576904
17 0.9337184429168701
17 0.9385967254638672
17 0.942765474319458
17 0.9480772018432617
17 0.9522712230682373
17 0.9576945304870605
17 0.961733341217041
17 0.9665970802307129
17 0.9707722663879395
17 0.9760298728942871
17 0.9811906814575195
17 0.9863107204437256
17 0.9905965328216553
17 0.9959104061126709
17 1.000044584274292
17 1.004378080368042
17 1.009260892868042
17 1.0138211250305176
17 1.0188713073730469
17 1.0231285095214844
17 1.0283162593841553
17 1.033707857131958
17 1.0385758876800537
17 1.0427393913269043
17 1.0480151176452637
17 1.0521705150604248
17 1.0571894645690918
17 1.0612304210662842
17 1.066333293914795
17 1.070434808731079
17 1.0756828784942627
17 1.0808806419372559
17 1.086148738861084
17 1.0902855396270752
17 1.0962121486663818
17 1.1003317832946777
17 1.1056852340698242
17 1.109830617904663
17 1.1141693592071533
17 1.119234561920166
17 1.1237537860870361
17 1.1286141872406006
17 1.1339776515960693
17 1.1390058994293213
17 1.1433217525482178
17 1.1522634029388428
17 1.1576569080352783
17 1.1616976261138916
17 1.166578769683838
17 1.170914888381958
17 1.1761143207550049
17 1.1803691387176514
17 1.1863698959350586
17 1.1904685497283936
17 1.195793867111206
17 1.2000923156738281
17 1.204390048980713
17 1.2092525959014893
17 1.2138073444366455
17 1.2186894416809082
17 1.2229852676391602
17 1.2281968593597412
17 1.2331640720367432
17 1.2383480072021484
17 1.2425215244293213
17 1.248021125793457
17 1.2521798610687256
17 1.2573556900024414
17 1.2613790035247803
17 1.266462802886963
17 1.270580530166626
17 1.275902509689331
17 1.280038833618164
17 1.2861576080322266
17 1.2902891635894775
17 1.2953407764434814
17 1.299717664718628
17 1.3040721416473389
17 1.3089103698730469
17 1.313187837600708
17 1.318516492843628
17 1.3226871490478516
17 1.3279802799224854
17 1.332190752029419
17 1.338270902633667
17 1.3424098491668701
17 1.3476572036743164
17 1.3517191410064697
17 1.3565831184387207
17 1.3608078956604004
17 1.366013765335083
17 1.3701364994049072
17 1.3744466304779053
17 1.3797202110290527
17 1.3857862949371338
17 1.3899364471435547
17 1.3942792415618896
17 1.3991382122039795
17 1.4036879539489746
17 1.408571720123291
17 1.4127349853515625
17 1.4180612564086914
17 1.4222018718719482
17 1.4272277355194092
17 1.431246042251587
17 1.4376885890960693
17 1.4417495727539062
17 1.4465830326080322
17 1.450791358947754
17 1.4559948444366455
17 1.4601387977600098
17 1.464460849761963
17 1.4692964553833008
17 1.4738965034484863
17 1.478762149810791
17 1.483046531677246
17 1.488997459411621
17 1.4932832717895508
17 1.4986443519592285
17 1.5028879642486572
17 1.5082719326019287
17 1.5124545097351074
17 1.5176806449890137
17 1.5217926502227783
17 1.526888370513916
17 1.5308935642242432
17 1.5360784530639648
17 1.5411293506622314
17 1.5462348461151123
17 1.5543122291564941
17 1.55942702293396
17 1.563988208770752
17 1.5690021514892578
17 1.5732676982879639
17 1.5786149501800537
17 1.5827538967132568
17 1.5887348651885986
17 1.5930402278900146
17 1.59824800491333
17 1.6024174690246582
17 1.6076676845550537
17 1.6116869449615479
17 1.6165547370910645
17 1.6209075450897217
17 1.6261322498321533
17 1.6302506923675537
17 1.6353375911712646
17 1.6407814025878906
17 1.6459879875183105
17 1.6501247882843018
17 1.6544468402862549
17 1.6592779159545898
17 1.66387939453125
17 1.668769121170044
17 1.6730232238769531
17 1.6783726215362549
17 1.6825284957885742
17 1.6878368854522705
17 1.6929056644439697
17 1.7106120586395264
17 1.719386339187622
17 1.7293546199798584
17 1.7438609600067139
17 1.7627015113830566
17 1.7718086242675781
17 1.7828798294067383
17 1.7985496520996094
17 1.8106105327606201
17 1.8233046531677246
17 1.8385589122772217
17 1.8703844547271729
17 1.8899695873260498
17 1.906482219696045
17 1.9273123741149902
17 1.940627098083496
17 1.9570097923278809
17 1.9633071422576904
17 1.9809246063232422
17 1.9965648651123047
17 2.0087735652923584
17 2.024329423904419
17 2.0382778644561768
17 2.051179885864258
17 2.0665011405944824
17 2.0913941860198975
17 2.112860918045044
17 2.1226675510406494
17 2.138908624649048
17 2.1432316303253174
17 2.1491525173187256
17 2.1537134647369385
17 2.1587865352630615
17 2.163058280944824
17 2.1682326793670654
17 2.1724143028259277
17 2.177672863006592
17 2.1817126274108887
17 2.1865861415863037
17 2.190761089324951
17 2.195969343185425
17 2.2011702060699463
17 2.206254720687866
17 2.2103769779205322
17 2.2156858444213867
17 2.220041275024414
17 2.2243399620056152
17 2.2292213439941406
17 2.2337779998779297
17 2.2386698722839355
17 2.242914915084839
17 2.248131036758423
17 2.253225326538086
17 2.2583868503570557
17 2.2625584602355957
17 2.2678377628326416
17 2.2718698978424072
17 2.2771716117858887
17 2.281224250793457
17 2.286334753036499
17 2.2906126976013184
17 2.2959513664245605
17 2.300865650177002
17 2.3061137199401855
17 2.310290575027466
17 2.315355062484741
17 2.3208067417144775
17 2.3260579109191895
17 2.3301923274993896
17 2.3349051475524902
17 2.3397912979125977
17 2.3441152572631836
17 2.353830575942993
17 2.3588459491729736
17 2.363124370574951
17 2.368483781814575
17 2.3726634979248047
17 2.3780908584594727
17 2.382258892059326
17 2.387298822402954
17 2.3913002014160156
17 2.396383762359619
17 2.4006128311157227
17 2.406982898712158
17 2.4110910892486572
17 2.416205406188965
17 2.4204654693603516
17 2.425741672515869
17 2.429917335510254
17 2.434253215789795
17 2.4390854835510254
17 2.443650722503662
17 2.4486684799194336
17 2.4540317058563232
17 2.459080696105957
17 2.4636504650115967
17 2.4685232639312744
17 2.4726877212524414
17 2.4779562950134277
17 2.4821386337280273
17 2.4871747493743896
17 2.491255044937134
17 2.4963390827178955
17 2.500434160232544
17 2.506556272506714
17 2.5106401443481445
17 2.5159921646118164
17 2.5202763080596924
17 2.524970769882202
17 2.5297000408172607
17 2.5340442657470703
17 2.5389037132263184
17 2.54319429397583
17 2.548534870147705
17 2.5526981353759766
17 2.558755397796631
17 2.563004732131958
17 2.5682356357574463
17 2.5723960399627686
17 2.577789545059204
17 2.5818653106689453
17 2.5869646072387695
17 2.5911083221435547
17 2.5962483882904053
17 2.60042667388916
17 2.606452226638794
17 2.6105904579162598
17 2.6159117221832275
17 2.620048761367798
17 2.6243844032287598
17 2.6292827129364014
17 2.6338629722595215
17 2.638892650604248
17 2.6431617736816406
17 2.648317813873291
17 2.6525444984436035
17 2.6585605144500732
17 2.6627156734466553
17 2.6679651737213135
17 2.6721293926239014
17 2.677319288253784
17 2.6813697814941406
17 2.6864373683929443
17 2.690575361251831
17 2.696495771408081
17 2.700845718383789
17 2.706088066101074
17 2.711207866668701
17 2.716339111328125
17 2.720427989959717
17 2.7257111072540283
17 2.729853391647339
17 2.734180212020874
17 2.7390542030334473
17 2.74333119392395
17 2.7484800815582275
17 2.7585268020629883
17 2.762695789337158
17 2.7681262493133545
17 2.7722856998443604
17 2.777700901031494
17 2.78171706199646
17 2.7865867614746094
17 2.7907702922821045
17 2.7959868907928467
17 2.8001041412353516
17 2.8044021129608154
17 2.810464859008789
17 2.815800428390503
17 2.820077657699585
17 2.8243725299835205
17 2.8292465209960938
17 2.8337950706481934
17 2.8386590480804443
17 2.842916250228882
17 2.848104476928711
17 2.8522651195526123
17 2.85731840133667
17 2.862534284591675
17 2.8678030967712402
17 2.871842622756958
17 2.8770735263824463
17 2.881183624267578
17 2.886251926422119
17 2.890406370162964
17 2.8957126140594482
17 2.899838447570801
17 2.9041476249694824
17 2.9090263843536377
17 2.914395332336426
17 2.919259548187256
17 2.9238266944885254
17 2.928741216659546
17 2.9329798221588135
17 2.938337802886963
17 2.9425065517425537
17 2.947774648666382
17 2.9518182277679443
17 2.9568939208984375
17 2.962181329727173
17 2.967195987701416
17 2.9712045192718506
17 2.976318836212158
17 2.9804468154907227
17 2.985713481903076
17 2.9898641109466553
17 2.9941890239715576
17 2.9992265701293945
17 3.0038039684295654
17 3.008716583251953
17 3.0140504837036133
17 3.0189290046691895
17 3.0232150554656982
17 3.0283868312835693
17 3.0325348377227783
17 3.0377984046936035
17 3.0418739318847656
17 3.046938896179199
17 3.051030158996582
17 3.056157112121582
17 3.0604300498962402
17 3.0664587020874023
17 3.0707907676696777
17 3.075996160507202
17 3.080134153366089
17 3.084442377090454
17 3.089277982711792
17 3.093855619430542
17 3.098726987838745
17 3.1029839515686035
17 3.1082026958465576
17 3.1132235527038574
17 3.1186680793762207
17 3.122947931289673
17 3.128117084503174
17 3.132291793823242
17 3.1373212337493896
17 3.141326427459717
17 3.146418809890747
17 3.154872179031372
17 3.159757614135742
17 3.165825128555298
17 3.1700961589813232
17 3.174459218978882
17 3.179823875427246
17 3.1841342449188232
17 3.189030170440674
17 3.1932849884033203
17 3.198617458343506
17 3.202758550643921
17 3.208080768585205
17 3.212259292602539
17 3.2182960510253906
17 3.222463846206665
17 3.2277567386627197
17 3.2317564487457275
17 3.2366178035736084
17 3.2410755157470703
17 3.2462055683135986
17 3.2503132820129395
17 3.255415678024292
17 3.259763240814209
17 3.2640902996063232
17 3.269901990890503
17 3.274224042892456
17 3.2791199684143066
17 3.283684015274048
17 3.2885518074035645
17 3.2927186489105225
17 3.2981157302856445
17 3.302286386489868
17 3.307328224182129
17 3.311359167098999
17 3.3177807331085205
17 3.3218917846679688
17 3.327223539352417
17 3.3312506675720215
17 3.3363571166992188
17 3.340453863143921
17 3.3457424640655518
17 3.349900245666504
17 3.354241132736206
17 3.359264373779297
17 3.3638522624969482
17 3.3694069385528564
17 3.3740010261535645
17 3.3788838386535645
17 3.383143424987793
17 3.3882856369018555
17 3.392510414123535
17 3.3977556228637695
17 3.401796340942383
17 3.4068491458892822
17 3.4108879566192627
17 3.416109323501587
17 3.4214210510253906
17 3.426522970199585
17 3.430643081665039
17 3.4359681606292725
17 3.440095901489258
17 3.4443914890289307
17 3.449268341064453
17 3.4538493156433105
17 3.4588751792907715
17 3.463153839111328
17 3.469095468521118
17 3.473695755004883
17 3.478749990463257
17 3.4829986095428467
17 3.488203763961792
17 3.492370128631592
17 3.497429132461548
17 3.5016493797302246
17 3.5065627098083496
17 3.5106375217437744
17 3.5159800052642822
17 3.5211172103881836
17 3.526228666305542
17 3.5303382873535156
17 3.5356457233428955
17 3.539975643157959
17 3.5442936420440674
17 3.54917311668396
17 3.5582613945007324
17 3.562438488006592
17 3.5678625106811523
17 3.572737693786621
17 3.5781705379486084
17 3.58235239982605
17 3.5877935886383057
17 3.591840982437134
17 3.597168207168579
17 3.601686477661133
17 3.60703706741333
17 3.6111581325531006
17 3.6162447929382324
17 3.621392250061035
17 3.626553773880005
17 3.6307895183563232
17 3.636028289794922
17 3.6401517391204834
17 3.64446759223938
17 3.6493241786956787
17 3.6539297103881836
17 3.6589529514312744
17 3.663245677947998
17 3.6684603691101074
17 3.6737616062164307
17 3.678622245788574
17 3.6828622817993164
17 3.6880991458892822
17 3.6922929286956787
17 3.698186159133911
17 3.7023704051971436
17 3.7076921463012695
17 3.7117040157318115
17 3.7166149616241455
17 3.721168279647827
17 3.7273855209350586
17 3.731393575668335
17 3.736494541168213
17 3.74058198928833
17 3.7459309101104736
17 3.7500739097595215
17 3.754387378692627
17 3.759254217147827
17 3.7637670040130615
17 3.768655300140381
17 3.7739784717559814
17 3.7790231704711914
17 3.7832891941070557
17 3.7884528636932373
17 3.7926025390625
17 3.797863245010376
17 3.801888942718506
17 3.806962490081787
17 3.8110616207122803
17 3.8161983489990234
17 3.820312023162842
17 3.826352596282959
17 3.8304500579833984
17 3.835703134536743
17 3.8400182723999023
17 3.8443689346313477
17 3.849404811859131
17 3.8539693355560303
17 3.858872652053833
17 3.863131523132324
17 3.868295907974243
17 3.872487783432007
17 3.8785109519958496
17 3.8826935291290283
17 3.8879783153533936
17 3.8921420574188232
17 3.8973348140716553
17 3.9013657569885254
17 3.9064550399780273
17 3.910562753677368
17 3.915886640548706
17 3.9200246334075928
17 3.924334764480591
17 3.93013596534729
17 3.934412956237793
17 3.9392545223236084
17 3.943840503692627
17 3.9487264156341553
17 3.9529995918273926
17 3.9617974758148193
17 3.967042922973633
17 3.9782283306121826
17 3.982435703277588
17 3.9878499507904053
17 3.9918606281280518
17 3.9969687461853027
17 4.001094579696655
17 4.006210088729858
17 4.010324239730835
17 4.015373706817627
17 4.019902944564819
17 4.024243116378784
17 4.0301477909088135
17 4.034471273422241
17 4.039302825927734
17 4.04391622543335
17 4.048778772354126
17 4.05304741859436
17 4.0582427978515625
17 4.062416315078735
17 4.067658424377441
17 4.071674585342407
17 4.076577186584473
17 4.08219838142395
17 4.087234020233154
17 4.095853090286255
17 4.100001096725464
17 4.104372501373291
17 4.10939884185791
17 4.113993167877197
17 4.118930339813232
17 4.123201370239258
17 4.128394365310669
17 4.133755922317505
17 4.138759136199951
17 4.143023490905762
17 4.148192405700684
17 4.152406692504883
17 4.157673358917236
17 4.1617114543914795
17 4.166571140289307
17 4.170658826828003
17 4.175983667373657
17 4.181122779846191
17 4.1862475872039795
17 4.1903581619262695
17 4.195436477661133
17 4.199941396713257
17 4.204294443130493
17 4.209173202514648
17 4.213750123977661
17 4.218634605407715
17 4.222870826721191
17 4.22807765007019
17 4.23315691947937
17 4.238517761230469
17 4.242681503295898
17 4.247936248779297
17 4.25207781791687
17 4.257277965545654
17 4.2613205909729
17 4.26640510559082
17 4.270533084869385
17 4.275815486907959
17 4.279961585998535
17 4.286034822463989
17 4.290172576904297
17 4.294917821884155
17 4.299383878707886
17 4.303960561752319
17 4.308830261230469
17 4.313046455383301
17 4.318333387374878
17 4.322502851486206
17 4.32778263092041
17 4.332636117935181
17 4.3379316329956055
17 4.342082977294922
17 4.347040891647339
17 4.351181983947754
17 4.359880208969116
17 4.364223480224609
17 4.369355916976929
17 4.373908996582031
17 4.379037857055664
17 4.384376287460327
17 4.3893818855285645
17 4.393925905227661
17 4.398781061172485
17 4.4030468463897705
17 4.4082350730896
17 4.4123854637146
17 4.417412042617798
17 4.421414375305176
17 4.426508188247681
17 4.430589914321899
17 4.437036514282227
17 4.4411444664001465
17 4.446233510971069
17 4.450355291366577
17 4.455650806427002
17 4.45982027053833
17 4.464149713516235
17 4.469005823135376
17 4.473260879516602
17 4.478407382965088
17 4.4825685024261475
17 4.4886157512664795
17 4.49290132522583
17 4.4982640743255615
17 4.502422571182251
17 4.507653474807739
17 4.511679649353027
17 4.5165629386901855
17 4.520654916763306
17 4.525942325592041
17 4.530094861984253
17 4.534389972686768
17 4.540172100067139
17 4.54489803314209
17 4.549357652664185
17 4.553914308547974
17 4.558935642242432
17 4.563220500946045
17 4.568418741226196
17 4.572572469711304
17 4.57781982421875
17 4.581855535507202
17 4.588048696517944
17 4.59220027923584
17 4.5972580909729
17 4.601282596588135
17 4.606369733810425
17 4.61076283454895
17 4.615984678268433
17 4.620281457901001
17 4.625342130661011
17 4.629882574081421
17 4.634197950363159
17 4.64006781578064
17 4.6443822383880615
17 4.649267673492432
17 4.653867244720459
17 4.6587464809417725
17 4.663017272949219
17 4.668186187744141
17 4.672375440597534
17 4.677855730056763
17 4.681901693344116
17 4.687000751495361
17 4.692190885543823
17 4.698077440261841
17 4.702222108840942
17 4.70730996131897
17 4.711307525634766
17 4.716394424438477
17 4.720510482788086
17 4.725794315338135
17 4.729935884475708
17 4.7343010902404785
17 4.740391254425049
17 4.745697259902954
17 4.749845266342163
17 4.754164695739746
17 4.763110876083374
17 4.768399953842163
17 4.772568225860596
17 4.777996778488159
17 4.782161712646484
17 4.787410020828247
17 4.79256534576416
17 4.797972679138184
17 4.802141427993774
17 4.807164192199707
17 4.811181306838989
17 4.816322565078735
17 4.820418119430542
17 4.825682640075684
17 4.829822540283203
17 4.834137201309204
17 4.839020490646362
17 4.844324588775635
17 4.8492138385772705
17 4.853783845901489
17 4.858778953552246
17 4.86304235458374
17 4.86821174621582
17 4.872398853302002
17 4.8774330615997314
17 4.881654262542725
17 4.886560916900635
17 4.892182350158691
17 4.897239923477173
17 4.901264667510986
17 4.906338930130005
17 4.9104228019714355
17 4.915679454803467
17 4.919967174530029
17 4.924293756484985
17 4.9291839599609375
17 4.933765888214111
17 4.938628673553467
17 4.943917512893677
17 4.948806047439575
17 4.95305609703064
17 4.958241701126099
17 4.9623870849609375
17 4.967670917510986
17 4.971689701080322
17 4.9765625
17 4.980905771255493
17 4.986137628555298
17 4.990262031555176
17 4.9963603019714355
17 5.000451326370239
17 5.005688905715942
17 5.009843349456787
17 5.014139890670776
17 5.019184112548828
17 5.023715496063232
17 5.028583526611328
17 5.032706260681152
17 5.038139581680298
17 5.042302846908569
17 5.048332691192627
17 5.05248761177063
17 5.057739973068237
17 5.0617356300354
17 5.066567659378052
17 5.070641994476318
17 5.075944423675537
17 5.080085277557373
17 5.084381103515625
17 5.089949131011963
17 5.096034288406372
17 5.1002960205078125
17 5.1049604415893555
17 5.109426259994507
17 5.113976716995239
17 5.118929147720337
17 5.1232008934021
17 5.1283252239227295
17 5.132492780685425
17 5.137730360031128
17 5.141745567321777
17 5.14809250831604
17 5.152246713638306
17 5.157436847686768
17 5.166067838668823
17 5.170300483703613
17 5.175346612930298
17 5.179876804351807
17 5.184183120727539
17 5.189214468002319
17 5.193756818771362
17 5.199358224868774
17 5.2039573192596436
17 5.208826303482056
17 5.213080644607544
17 5.218409061431885
17 5.222553730010986
17 5.227838516235352
17 5.23186469078064
17 5.236924409866333
17 5.240908861160278
17 5.246124505996704
17 5.251215934753418
17 5.25638484954834
17 5.260499000549316
17 5.26578164100647
17 5.269922733306885
17 5.274265766143799
17 5.279291152954102
17 5.283881902694702
17 5.288734197616577
17 5.292985439300537
17 5.298934459686279
17 5.303210020065308
17 5.308338642120361
17 5.312516927719116
17 5.317775249481201
17 5.3218042850494385
17 5.32685923576355
17 5.330857992172241
17 5.336081266403198
17 5.340390920639038
17 5.345685720443726
17 5.350618600845337
17 5.355938673019409
17 5.360069990158081
17 5.36437726020813
17 5.3692357540130615
17 5.373788118362427
17 5.378646373748779
17 5.38276481628418
17 5.388007402420044
17 5.392179727554321
17 5.397360563278198
17 5.402569055557251
17 5.408015727996826
17 5.412159442901611
17 5.417194604873657
17 5.4212517738342285
17 5.426329135894775
17 5.430427551269531
17 5.435708284378052
17 5.439846754074097
17 5.444162368774414
17 5.449040651321411
17 5.454409837722778
17 5.459419250488281
17 5.464037179946899
17 5.4688942432403564
17 5.473154306411743
17 5.478313684463501
17 5.482475519180298
17 5.4877378940582275
17 5.491765260696411
17 5.496617555618286
17 5.502073049545288
17 5.507061958312988
17 5.511172533035278
17 5.516247034072876
17 5.520507097244263
17 5.525784730911255
17 5.52991509437561
17 5.534273624420166
17 5.5393102169036865
17 5.543932914733887
17 5.548773765563965
17 5.5540771484375
17 5.5627288818359375
17 5.568239450454712
17 5.572402715682983
17 5.577919006347656
17 5.582064867019653
17 5.587272882461548
17 5.591277599334717
17 5.5963475704193115
17 5.6004345417022705
17 5.606583118438721
17 5.610759258270264
17 5.616002798080444
17 5.620118618011475
17 5.624414920806885
17 5.6292853355407715
17 5.63382887840271
17 5.638864755630493
17 5.643161296844482
17 5.649829626083374
17 5.658427953720093
17 5.66257119178772
17 5.668024301528931
17 5.672187805175781
17 5.677199602127075
17 5.681218862533569
17 5.686334848403931
17 5.690430641174316
17 5.696327447891235
17 5.7006096839904785
17 5.706623554229736
17 5.710824012756348
17 5.7160234451293945
17 5.720181226730347
17 5.724836826324463
17 5.729304313659668
17 5.733855485916138
17 5.738719701766968
17 5.742998361587524
17 5.748842000961304
17 5.753111124038696
17 5.7592878341674805
17 5.763862609863281
17 5.768880605697632
17 5.773137092590332
17 5.778312921524048
17 5.782484769821167
17 5.787723779678345
17 5.791714429855347
17 5.796555757522583
17 5.800912380218506
17 5.807060241699219
17 5.811183452606201
17 5.816274404525757
17 5.820540904998779
17 5.825847864151001
17 5.830014705657959
17 5.834302186965942
17 5.83913779258728
17 5.843691110610962
17 5.848569631576538
17 5.852869033813477
17 5.864424228668213
17 5.869282007217407
17 5.8738694190979
17 5.878927230834961
17 5.883191823959351
17 5.888401508331299
17 5.892563104629517
17 5.897816896438599
17 5.901849269866943
17 5.9069578647613525
17 5.9122254848480225
17 5.917245388031006
17 5.92124342918396
17 5.926328420639038
17 5.93059229850769
17 5.935909032821655
17 5.9402453899383545
17 5.9453284740448
17 5.949679374694824
17 5.954032897949219
17 5.963749647140503
17 5.968838453292847
17 5.9730918407440186
17 5.9784088134765625
17 5.982565879821777
17 5.987974166870117
17 5.992201805114746
17 5.997402667999268
