0 0.0056915283203125
0 0.014734029769897461
1 0.024694442749023438
2 0.03483080863952637
4 0.046027421951293945
5 0.054602622985839844
6 0.06473660469055176
7 0.0726926326751709
8 0.07727313041687012
9 0.08214473724365234
10 0.08629965782165527
10 0.09180545806884766
11 0.0960078239440918
12 0.10145878791809082
13 0.10570240020751953
14 0.11079120635986328
14 0.11593151092529297
15 0.12125420570373535
16 0.1252918243408203
17 0.13015127182006836
18 0.1343553066253662
19 0.13959074020385742
20 0.14768505096435547
20 0.1528308391571045
21 0.15744495391845703
22 0.16351890563964844
23 0.16790056228637695
23 0.17292118072509766
24 0.17747998237609863
25 0.18236708641052246
25 0.18667101860046387
26 0.19185614585876465
26 0.19605278968811035
27 0.20133590698242188
28 0.20539236068725586
28 0.21074748039245605
29 0.21602964401245117
29 0.2213306427001953
30 0.22534918785095215
30 0.2305738925933838
31 0.23471426963806152
31 0.23981976509094238
32 0.24395537376403809
32 0.24924063682556152
32 0.2533986568450928
33 0.257739782333374
33 0.26264476776123047
33 0.26798391342163086
34 0.2732534408569336
34 0.2776064872741699
34 0.282487154006958
34 0.2867729663848877
34 0.29195261001586914
34 0.29614686965942383
34 0.30143189430236816
35 0.30554986000061035
35 0.3105912208557129
35 0.3158543109893799
35 0.3209068775177002
35 0.3249778747558594
35 0.3300745487213135
35 0.33444738388061523
36 0.33965563774108887
36 0.34381914138793945
36 0.3484930992126465
36 0.3532390594482422
36 0.3575937747955322
36 0.36261463165283203
36 0.3679525852203369
36 0.37283849716186523
36 0.37743282318115234
36 0.3823273181915283
36 0.3865938186645508
36 0.3919515609741211
36 0.396120548248291
36 0.40137195587158203
36 0.4054124355316162
36 0.410524845123291
36 0.41466569900512695
36 0.42088866233825684
36 0.42493414878845215
36 0.4300568103790283
36 0.4341464042663574
36 0.43948936462402344
36 0.44365739822387695
36 0.44796299934387207
36 0.453228235244751
36 0.45758676528930664
36 0.4625117778778076
36 0.46787500381469727
36 0.4727747440338135
36 0.4773139953613281
36 0.4821949005126953
36 0.48643994331359863
36 0.49182891845703125
36 0.49600720405578613
36 0.5012838840484619
36 0.5053091049194336
36 0.5101528167724609
36 0.5146069526672363
36 0.520775556564331
36 0.5248105525970459
36 0.5298874378204346
36 0.5339887142181396
36 0.5392742156982422
36 0.5474326610565186
36 0.5524694919586182
36 0.5567774772644043
36 0.5621330738067627
36 0.5663096904754639
36 0.5726282596588135
36 0.5771908760070801
36 0.5820753574371338
36 0.5862314701080322
36 0.5914735794067383
36 0.5956246852874756
36 0.6005945205688477
36 0.6047136783599854
36 0.6098120212554932
36 0.6139743328094482
36 0.6192495822906494
36 0.6276371479034424
36 0.6326777935028076
36 0.6372597217559814
36 0.6421310901641846
36 0.6463093757629395
36 0.6516275405883789
36 0.6558287143707275
36 0.6608705520629883
36 0.6649138927459717
36 0.6719660758972168
36 0.6761348247528076
36 0.6814258098602295
36 0.6855359077453613
36 0.690819263458252
36 0.6948442459106445
36 0.6999120712280273
36 0.7040300369262695
36 0.7093424797058105
36 0.713486909866333
36 0.7178142070770264
36 0.7236990928649902
36 0.728388786315918
36 0.7328774929046631
36 0.7374556064605713
36 0.7423255443572998
36 0.7465927600860596
36 0.7519400119781494
36 0.7561254501342773
36 0.7614617347717285
36 0.765613317489624
36 0.7705976963043213
36 0.7759318351745605
36 0.7812302112579346
36 0.7852811813354492
36 0.7901673316955566
36 0.7943544387817383
36 0.7995920181274414
36 0.8037621974945068
36 0.8084418773651123
36 0.8133296966552734
36 0.8176848888397217
36 0.8236074447631836
36 0.8279538154602051
36 0.8328185081481934
36 0.8373382091522217
36 0.8422906398773193
36 0.8466172218322754
36 0.8518075942993164
36 0.8559720516204834
36 0.861210823059082
36 0.8652493953704834
36 0.870110034942627
36 0.8757274150848389
36 0.880986213684082
36 0.885237455368042
36 0.8901119232177734
36 0.8943159580230713
36 0.8995568752288818
36 0.9037032127380371
36 0.9083898067474365
36 0.9128687381744385
36 0.9174408912658691
36 0.9223165512084961
36 0.9277288913726807
36 0.9327738285064697
36 0.9373211860656738
36 0.9422168731689453
36 0.9512662887573242
36 0.9553043842315674
36 0.9601399898529053
36 0.9645862579345703
36 0.9697239398956299
36 0.9739875793457031
36 0.9800684452056885
36 0.9841601848602295
36 0.9894590377807617
36 0.9937644004821777
36 0.9984533786773682
36 1.0029566287994385
36 1.0075514316558838
36 1.0125925540924072
36 1.0168766975402832
36 1.02201509475708
36 1.0273878574371338
36 1.0322742462158203
36 1.0365629196166992
36 1.0417850017547607
36 1.0459401607513428
36 1.051356315612793
36 1.0553905963897705
36 1.0604803562164307
36 1.0645725727081299
36 1.0696866512298584
36 1.0738229751586914
36 1.0799329280853271
36 1.084007740020752
36 1.0892837047576904
36 1.093489170074463
36 1.097813606262207
36 1.102663516998291
36 1.1072375774383545
36 1.1122727394104004
36 1.1165504455566406
36 1.1217842102050781
36 1.1259393692016602
36 1.131943941116333
36 1.1360843181610107
36 1.1414992809295654
36 1.1457059383392334
36 1.1507434844970703
36 1.15476393699646
36 1.1598775386810303
36 1.1639680862426758
36 1.1692757606506348
36 1.1735973358154297
36 1.179652452468872
36 1.1838130950927734
36 1.1885032653808594
36 1.193225622177124
36 1.1975746154785156
36 1.2024924755096436
36 1.206773281097412
36 1.211930513381958
36 1.2161006927490234
36 1.2213819026947021
36 1.2254197597503662
36 1.2317633628845215
36 1.235945463180542
36 1.2409789562225342
36 1.2449798583984375
36 1.2500638961791992
36 1.2541604042053223
36 1.2594795227050781
36 1.2636113166809082
36 1.2679073810577393
36 1.2729439735412598
36 1.277458906173706
36 1.2834358215332031
36 1.2877824306488037
36 1.2928223609924316
36 1.2973682880401611
36 1.3022406101226807
36 1.3065166473388672
36 1.311720848083496
36 1.3158795833587646
36 1.320923089981079
36 1.324941873550415
36 1.330033540725708
36 1.3353512287139893
36 1.340437412261963
36 1.3489456176757812
36 1.3535716533660889
36 1.3578920364379883
36 1.3629209995269775
36 1.367522954940796
36 1.372549057006836
36 1.376817226409912
36 1.3827621936798096
36 1.3873555660247803
36 1.3922858238220215
36 1.3965482711791992
36 1.4018924236297607
36 1.4060585498809814
36 1.4114677906036377
36 1.415619134902954
36 1.4206209182739258
36 1.4247195720672607
36 1.429805040359497
36 1.434971570968628
36 1.4400534629821777
36 1.4441654682159424
36 1.4494776725769043
36 1.4536237716674805
36 1.4579415321350098
36 1.4628148078918457
36 1.4673986434936523
36 1.4724514484405518
36 1.4767510890960693
36 1.4818885326385498
36 1.4872655868530273
36 1.4921245574951172
36 1.4962811470031738
36 1.5015850067138672
36 1.505739450454712
36 1.510751485824585
36 1.5147614479064941
36 1.5199060440063477
36 1.5240123271942139
36 1.5292954444885254
36 1.534670352935791
36 1.5397772789001465
36 1.5438873767852783
36 1.5489468574523926
36 1.5532987117767334
36 1.5576539039611816
36 1.562568187713623
36 1.5668554306030273
36 1.5720117092132568
36 1.5761938095092773
36 1.581486463546753
36 1.586470603942871
36 1.5917999744415283
36 1.5959548950195312
36 1.6009840965270996
36 1.6052041053771973
36 1.6100940704345703
36 1.6143078804016113
36 1.6195406913757324
36 1.6236705780029297
36 1.6279659271240234
36 1.632829189300537
36 1.6384644508361816
36 1.6429543495178223
36 1.6475443840026855
36 1.6525776386260986
36 1.6568670272827148
36 1.662224531173706
36 1.6664762496948242
36 1.6723196506500244
36 1.6765892505645752
36 1.681755542755127
36 1.6867609024047852
36 1.6919541358947754
36 1.6961421966552734
36 1.7014169692993164
36 1.7054352760314941
36 1.7107491493225098
36 1.7147717475891113
36 1.7199032306671143
36 1.7240221500396729
36 1.7292916774749756
36 1.7334487438201904
36 1.739565134048462
36 1.7436919212341309
36 1.7525970935821533
36 1.756880521774292
36 1.76218843460083
36 1.7664189338684082
36 1.7718548774719238
36 1.7760751247406006
36 1.781339406967163
36 1.7854042053222656
36 1.7916982173919678
36 1.7958965301513672
36 1.8009188175201416
36 1.804947853088379
36 1.8100428581237793
36 1.8141486644744873
36 1.819476842880249
36 1.8236181735992432
36 1.8279266357421875
36 1.8329792022705078
36 1.852433681488037
36 1.8567769527435303
36 1.861936092376709
36 1.8660905361175537
36 1.8713724613189697
36 1.8754231929779053
36 1.8805429935455322
36 1.8847200870513916
36 1.8898112773895264
36 1.8952538967132568
36 1.9001257419586182
36 1.9043073654174805
36 1.9095523357391357
36 1.9136850833892822
36 1.9179623126983643
36 1.9232604503631592
36 1.9275939464569092
36 1.93247652053833
36 1.936741828918457
36 1.9425876140594482
36 1.946894645690918
36 1.9522058963775635
36 1.956451416015625
36 1.9616477489471436
36 1.965843677520752
36 1.9708924293518066
36 1.9749367237091064
36 1.9800479412078857
36 1.984147548675537
36 1.9894452095031738
36 1.9946255683898926
36 1.9997320175170898
36 2.0038273334503174
36 2.008488655090332
36 2.0133776664733887
36 2.0176897048950195
36 2.0226361751556396
36 2.027193069458008
36 2.0320558547973633
36 2.036224365234375
36 2.0414929389953613
36 2.0465123653411865
36 2.0518832206726074
36 2.056067943572998
36 2.0613327026367188
36 2.065356969833374
36 2.0705726146698
36 2.0747358798980713
36 2.0798776149749756
36 2.083958387374878
36 2.089845895767212
36 2.094937324523926
36 2.100058078765869
36 2.104189157485962
36 2.1094770431518555
36 2.11360764503479
36 2.117899179458618
36 2.1227762699127197
36 2.1273159980773926
36 2.132364273071289
36 2.136603593826294
36 2.1418023109436035
36 2.151606559753418
36 2.1557986736297607
36 2.1609723567962646
36 2.1649746894836426
36 2.170057535171509
36 2.1744117736816406
36 2.1796348094940186
36 2.1839892864227295
36 2.1892640590667725
36 2.1935884952545166
36 2.199655055999756
36 2.2038135528564453
36 2.2084920406341553
36 2.2129769325256348
36 2.2175581455230713
36 2.2224316596984863
36 2.226689577102661
36 2.2318310737609863
36 2.2360000610351562
36 2.241262674331665
36 2.245295763015747
36 2.2516329288482666
36 2.255781412124634
36 2.2608132362365723
36 2.2648165225982666
36 2.2699310779571533
36 2.274052619934082
36 2.2793352603912354
36 2.283480644226074
36 2.2878072261810303
36 2.292663335800171
36 2.298003911972046
36 2.3028650283813477
36 2.3074307441711426
36 2.312504768371582
36 2.3167946338653564
36 2.3220434188842773
36 2.326205253601074
36 2.331458806991577
36 2.3355894088745117
36 2.3405346870422363
36 2.344679594039917
36 2.350843906402588
36 2.3548531532287598
36 2.3599092960357666
36 2.3640658855438232
36 2.3693625926971436
36 2.3736491203308105
36 2.3779757022857666
36 2.3828182220458984
36 2.3873701095581055
36 2.392259120941162
36 2.3965344429016113
36 2.402498245239258
36 2.4067952632904053
36 2.4119503498077393
36 2.416105031967163
36 2.4213497638702393
36 2.4253928661346436
36 2.4307236671447754
36 2.4347341060638428
36 2.4398276805877686
36 2.4441142082214355
36 2.450147867202759
36 2.454383373260498
36 2.4596493244171143
36 2.4637768268585205
36 2.468456506729126
36 2.4729163646698
36 2.477443218231201
36 2.4822885990142822
36 2.486593246459961
36 2.4919257164001465
36 2.4961063861846924
36 2.5021774768829346
36 2.5064401626586914
36 2.5116446018218994
36 2.5158603191375732
36 2.5208916664123535
36 2.524914503097534
36 2.529982328414917
36 2.5340869426727295
36 2.539386510848999
36 2.5435667037963867
36 2.5532219409942627
36 2.5575878620147705
36 2.5625874996185303
36 2.566899061203003
36 2.5722973346710205
36 2.5765557289123535
36 2.5818819999694824
36 2.5860469341278076
36 2.591285467147827
36 2.595350503921509
36 2.6003925800323486
36 2.605734348297119
36 2.6109087467193604
36 2.6149303913116455
36 2.6199796199798584
36 2.624142646789551
36 2.629394292831421
36 2.6335647106170654
36 2.637878656387329
36 2.642770290374756
36 2.6473050117492676
36 2.6522111892700195
36 2.657541036605835
36 2.6624038219451904
36 2.6666791439056396
36 2.672595262527466
36 2.6772007942199707
36 2.682074785232544
36 2.6862552165985107
36 2.691566228866577
36 2.695716619491577
36 2.700929641723633
36 2.7061421871185303
36 2.7113943099975586
36 2.715423822402954
36 2.7205111980438232
36 2.7246134281158447
36 2.7297544479370117
36 2.734055995941162
36 2.7393569946289062
36 2.7434918880462646
36 2.7477989196777344
36 2.7526609897613525
36 2.7584309577941895
36 2.762972116470337
36 2.767537832260132
36 2.7724268436431885
36 2.7766928672790527
36 2.7818470001220703
36 2.7860233783721924
36 2.79148006439209
36 2.795654058456421
36 2.800626277923584
36 2.8058021068573
36 2.8108739852905273
36 2.8149092197418213
36 2.82006573677063
36 2.8241443634033203
36 2.8294453620910645
36 2.8337628841400146
36 2.838439702987671
36 2.8429081439971924
36 2.8474934101104736
36 2.852513313293457
36 2.857863664627075
36 2.8627476692199707
36 2.867302894592285
36 2.872199535369873
36 2.876429557800293
36 2.8816921710968018
36 2.885871410369873
36 2.8908772468566895
36 2.8948888778686523
36 2.8999884128570557
36 2.9041054248809814
36 2.910573959350586
36 2.9146928787231445
36 2.9197847843170166
36 2.9238884449005127
36 2.9292407035827637
36 2.9333930015563965
36 2.9376988410949707
36 2.942554235458374
36 2.9468159675598145
36 2.955197811126709
36 2.961585760116577
36 2.9657444953918457
36 2.9712326526641846
36 2.9752907752990723
36 2.980151891708374
36 2.9846251010894775
36 2.9897539615631104
36 2.993849754333496
36 2.9988954067230225
36 3.003241777420044
36 3.00758957862854
36 3.013486385345459
36 3.0178070068359375
36 3.0228099822998047
36 3.0273406505584717
36 3.0324554443359375
36 3.0367538928985596
36 3.0419108867645264
36 3.04608416557312
36 3.0513103008270264
36 3.055347204208374
36 3.0614962577819824
36 3.0656721591949463
36 3.0706310272216797
36 3.074738025665283
36 3.079803705215454
36 3.083897590637207
36 3.088973045349121
36 3.093520402908325
36 3.097841501235962
36 3.1027209758758545
36 3.107236623764038
36 3.1129064559936523
36 3.1174566745758057
36 3.1223411560058594
36 3.126605272293091
36 3.131784439086914
36 3.1359260082244873
36 3.1409714221954346
36 3.1452443599700928
36 3.1500959396362305
36 3.1544578075408936
36 3.1596670150756836
36 3.1647634506225586
36 3.1699347496032715
36 3.1740548610687256
36 3.1793735027313232
36 3.183520555496216
36 3.18782901763916
36 3.192671775817871
36 3.197237491607666
36 3.2021431922912598
36 3.2063121795654297
36 3.2125375270843506
36 3.216867446899414
36 3.222200632095337
36 3.2264366149902344
36 3.2316391468048096
36 3.235802173614502
36 3.2408182621002197
36 3.2448296546936035
36 3.2498936653137207
36 3.2539961338043213
36 3.2592616081237793
36 3.264320135116577
36 3.2695343494415283
36 3.2738242149353027
36 3.278886318206787
36 3.2832939624786377
36 3.2876217365264893
36 3.292497396469116
36 3.296802520751953
36 3.3019626140594482
36 3.306110382080078
36 3.3113865852355957
36 3.316453695297241
36 3.3216493129730225
36 3.3258426189422607
36 3.331267833709717
36 3.3353264331817627
36 3.34043550491333
36 3.3444371223449707
36 3.3496503829956055
36 3.3577635288238525
36 3.3628127574920654
36 3.368913412094116
36 3.373422384262085
36 3.377734899520874
36 3.3827600479125977
36 3.3873090744018555
36 3.392350196838379
36 3.3966031074523926
36 3.4017772674560547
36 3.4059603214263916
36 3.411189079284668
36 3.416055679321289
36 3.421389102935791
36 3.425408124923706
36 3.4304826259613037
36 3.4344708919525146
36 3.439671516418457
36 3.4437835216522217
36 3.44848370552063
36 3.4533607959747314
36 3.457676410675049
36 3.4625625610351562
36 3.467823028564453
36 3.4726693630218506
36 3.477252721786499
36 3.4822475910186768
36 3.4865307807922363
36 3.4917216300964355
36 3.4959261417388916
36 3.5011861324310303
36 3.505215883255005
36 3.5100717544555664
36 3.5144553184509277
36 3.520791530609131
36 3.524813175201416
36 3.5299229621887207
36 3.534027576446533
36 3.5392723083496094
36 3.5434279441833496
36 3.547720193862915
36 3.5525927543640137
36 3.5571610927581787
36 3.5620696544647217
36 3.5662262439727783
36 3.5724565982818604
36 3.5767459869384766
36 3.5818936824798584
36 3.5860931873321533
36 3.591341018676758
36 3.595393180847168
36 3.6004748344421387
36 3.604461431503296
36 3.609680652618408
36 3.613971710205078
36 3.620054006576538
36 3.624159336090088
36 3.6294689178466797
36 3.6337625980377197
36 3.6385254859924316
36 3.643258571624756
36 3.647578716278076
36 3.6524579524993896
36 3.6567327976226807
36 3.661931276321411
36 3.6660988330841064
36 3.6788861751556396
36 3.6832659244537354
36 3.687596082687378
36 3.69258189201355
36 3.696866273880005
36 3.702052593231201
36 3.7062370777130127
36 3.7114853858947754
36 3.7156314849853516
36 3.7206175327301025
36 3.7259161472320557
36 3.73122501373291
36 3.7352380752563477
36 3.7401256561279297
36 3.744595766067505
36 3.7497458457946777
36 3.757704734802246
36 3.7627382278442383
36 3.7672924995422363
36 3.7733631134033203
36 3.777729034423828
36 3.7827582359313965
36 3.787306785583496
36 3.7921435832977295
36 3.7962911128997803
36 3.8016233444213867
36 3.8058338165283203
36 3.811246156692505
36 3.8152668476104736
36 3.820111036300659
36 3.8255882263183594
36 3.830587387084961
36 3.8346850872039795
36 3.8397834300994873
36 3.843904972076416
36 3.8489625453948975
36 3.8533425331115723
36 3.857710123062134
36 3.8625991344451904
36 3.8668837547302246
36 3.872237205505371
36 3.877577066421509
36 3.8824479579925537
36 3.886760711669922
36 3.891939163208008
36 3.8960983753204346
36 3.9013731479644775
36 3.9054460525512695
36 3.910524368286133
36 3.914681911468506
36 3.919766902923584
36 3.9248950481414795
36 3.9300479888916016
36 3.934403657913208
36 3.939648389816284
36 3.943786382675171
36 3.9484729766845703
36 3.9529597759246826
36 3.9575083255767822
36 3.9623804092407227
36 3.966636896133423
36 3.971830368041992
36 3.9768500328063965
36 3.9820380210876465
36 3.986236572265625
36 3.9916627407073975
36 3.995871067047119
36 4.001303195953369
36 4.005324602127075
36 4.010159969329834
36 4.014336109161377
36 4.019537925720215
36 4.023683071136475
36 4.029842376708984
36 4.033959865570068
36 4.039231538772583
36 4.0433690547943115
36 4.047671556472778
36 4.052754878997803
36 4.057292222976685
36 4.062162399291992
36 4.066301584243774
36 4.071605682373047
36 4.075751543045044
36 4.081866025924683
36 4.0860435962677
36 4.091336727142334
36 4.095405578613281
36 4.100491523742676
36 4.104591608047485
36 4.109739542007446
36 4.113996267318726
36 4.119265794754028
36 4.123414993286133
36 4.129433870315552
36 4.1337878704071045
36 4.138487100601196
36 4.142956972122192
36 4.147530555725098
36 4.156156301498413
36 4.1616432666778564
36 4.165806293487549
36 4.171298265457153
36 4.175334215164185
36 4.181643962860107
36 4.185839414596558
36 4.190858364105225
36 4.194908618927002
36 4.199997425079346
36 4.204122066497803
36 4.209410905838013
36 4.213547945022583
36 4.21789288520813
36 4.2227630615234375
36 4.227304935455322
36 4.233330249786377
36 4.237669229507446
36 4.242569446563721
36 4.246833324432373
36 4.251988410949707
36 4.256135702133179
36 4.261557340621948
36 4.2657036781311035
36 4.270750999450684
36 4.274752616882324
36 4.28094220161438
36 4.285248041152954
36 4.290137767791748
36 4.294622898101807
36 4.299762010574341
36 4.30390739440918
36 4.3091816902160645
36 4.313361406326294
36 4.31767725944519
36 4.322547912597656
36 4.32684588432312
36 4.332755088806152
36 4.337321996688843
36 4.3421950340271
36 4.346431732177734
36 4.351822137832642
36 4.356004953384399
36 4.361239671707153
36 4.365247488021851
36 4.370103120803833
36 4.374194622039795
36 4.37949538230896
36 4.3846704959869385
36 4.3897809982299805
36 4.394083499908447
36 4.399379014968872
36 4.4035255908966064
36 4.407865524291992
36 4.412880897521973
36 4.41743540763855
36 4.422288417816162
36 4.426555156707764
36 4.431759834289551
36 4.436898946762085
36 4.442031621932983
36 4.446198463439941
36 4.451493740081787
36 4.4556663036346436
36 4.460630655288696
36 4.464752674102783
36 4.469845533370972
36 4.474119663238525
36 4.4794206619262695
36 4.484458684921265
36 4.489696502685547
36 4.49382472038269
36 4.498499393463135
36 4.502945423126221
36 4.507469415664673
36 4.512356996536255
36 4.5166168212890625
36 4.5219786167144775
36 4.526123285293579
36 4.531539678573608
36 4.536606550216675
36 4.541771650314331
36 4.545942544937134
36 4.550975322723389
36 4.559574604034424
36 4.5638251304626465
36 4.568879127502441
36 4.57341742515564
36 4.577728033065796
36 4.582750558853149
36 4.587992429733276
36 4.593855142593384
36 4.598956108093262
36 4.603301286697388
36 4.6076178550720215
36 4.612501382827759
36 4.616756439208984
36 4.621934413909912
36 4.62610650062561
36 4.631368637084961
36 4.636198043823242
36 4.641494512557983
36 4.645620346069336
36 4.650893926620483
36 4.654945373535156
36 4.660017013549805
36 4.664120674133301
36 4.670064926147461
36 4.674177169799805
36 4.679518938064575
36 4.68366551399231
36 4.689774990081787
36 4.69388747215271
36 4.699229001998901
36 4.703395128250122
36 4.707725286483765
36 4.712743520736694
36 4.717295169830322
36 4.72217321395874
36 4.72631049156189
36 4.731612682342529
36 4.735795497894287
36 4.74187159538269
36 4.746052265167236
36 4.751275539398193
36 4.7552711963653564
36 4.760126113891602
36 4.764334201812744
36 4.769542217254639
36 4.773813247680664
36 4.778496742248535
36 4.783397912979126
36 4.789469242095947
36 4.793606758117676
36 4.797929286956787
36 4.802817106246948
36 4.8073647022247314
36 4.812243700027466
36 4.816492319107056
36 4.821671485900879
36 4.825825214385986
36 4.831262588500977
36 4.835273265838623
36 4.841341257095337
36 4.84536600112915
36 4.850449323654175
36 4.854474306106567
36 4.859673261642456
36 4.863807916641235
36 4.868482351303101
36 4.872931241989136
36 4.877519369125366
36 4.882389307022095
36 4.88664436340332
36 4.892733097076416
36 4.897277593612671
36 4.902172088623047
36 4.90643048286438
36 4.911798477172852
36 4.915961265563965
36 4.920984745025635
36 4.925232172012329
36 4.930122137069702
36 4.9341959953308105
36 4.939516067504883
36 4.944430112838745
36 4.949663162231445
36 4.956850290298462
36 4.962944746017456
36 4.96749472618103
36 4.972504138946533
36 4.976794481277466
36 4.982120752334595
36 4.986429214477539
36 4.992272615432739
36 4.996567010879517
36 5.001769065856934
36 5.005941867828369
36 5.011404752731323
36 5.0154173374176025
36 5.0204925537109375
36 5.024601459503174
36 5.029719829559326
36 5.033863306045532
36 5.038949012756348
36 5.044419288635254
36 5.049658298492432
36 5.053781747817993
36 5.058478116989136
36 5.067589044570923
36 5.072593927383423
36 5.076870679855347
36 5.082018136978149
36 5.086199522018433
36 5.091524839401245
36 5.096511125564575
36 5.10187554359436
36 5.106031179428101
36 5.111278533935547
36 5.11528468132019
36 5.120168685913086
36 5.124346733093262
36 5.12956690788269
36 5.133825778961182
36 5.138486623764038
36 5.1429502964019775
36 5.149339914321899
36 5.153480291366577
36 5.157802104949951
36 5.1626715660095215
36 5.167246341705322
36 5.172370672225952
36 5.176619052886963
36 5.1818177700042725
36 5.186005592346191
36 5.191431522369385
36 5.1964111328125
36 5.2016541957855225
36 5.205820083618164
36 5.210843563079834
36 5.214856386184692
36 5.219930410385132
36 5.22402286529541
36 5.229301452636719
36 5.2334513664245605
36 5.237804889678955
36 5.242654323577881
36 5.24801230430603
36 5.2532477378845215
36 5.257590055465698
36 5.262470960617065
36 5.266759872436523
36 5.2718775272369385
36 5.276042699813843
36 5.28128457069397
36 5.285330295562744
36 5.290181875228882
36 5.294417381286621
36 5.300912141799927
36 5.30493426322937
36 5.310016393661499
36 5.31437349319458
36 5.3195884227752686
36 5.323703289031982
36 5.3280205726623535
36 5.332847833633423
36 5.337459087371826
36 5.342352867126465
36 5.346612453460693
36 5.3524861335754395
36 5.3613011837005615
36 5.3653645515441895
36 5.370804309844971
36 5.37481951713562
36 5.3798980712890625
36 5.384141683578491
36 5.389473915100098
36 5.393641233444214
36 5.399692058563232
36 5.403849840164185
36 5.408871173858643
36 5.41298246383667
36 5.4175591468811035
36 5.422451496124268
36 5.426713228225708
36 5.432043790817261
36 5.436229228973389
36 5.441496849060059
36 5.44566798210144
36 5.451713800430298
36 5.4559080600738525
36 5.461214780807495
36 5.465210914611816
36 5.470073938369751
36 5.474175691604614
36 5.479517459869385
36 5.483644485473633
36 5.487943172454834
36 5.492946624755859
36 5.49752950668335
36 5.503516912460327
36 5.507840871810913
36 5.512709379196167
36 5.517270565032959
36 5.522133111953735
36 5.526292324066162
36 5.531619071960449
36 5.535800933837891
36 5.540825605392456
36 5.544837474822998
36 5.556483745574951
36 5.561853885650635
36 5.566032648086548
36 5.571282386779785
36 5.5752973556518555
36 5.580156564712524
36 5.584337472915649
36 5.5895750522613525
36 5.593698501586914
36 5.598015308380127
36 5.603947162628174
36 5.6092352867126465
36 5.6135804653167725
36 5.617896318435669
36 5.622797966003418
36 5.627340793609619
36 5.632212400436401
36 5.636520624160767
36 5.641726493835449
36 5.6459033489227295
36 5.650917291641235
36 5.656142711639404
36 5.6633336544036865
36 5.672451972961426
36 5.676707029342651
36 5.681856870651245
36 5.686081886291504
36 5.691535949707031
36 5.695721387863159
36 5.70075535774231
36 5.71197247505188
36 5.717482566833496
36 5.72232723236084
36 5.726590633392334
36 5.7319231033325195
36 5.736099004745483
36 5.741471529006958
36 5.74563455581665
36 5.750579833984375
36 5.755819082260132
36 5.765216588973999
36 5.770113945007324
36 5.774444818496704
36 5.779662847518921
36 5.78393030166626
36 5.7892491817474365
36 5.793634414672852
36 5.797980546951294
36 5.802825212478638
36 5.808900356292725
36 5.813261032104492
36 5.817614555358887
36 5.822664022445679
36 5.8272178173065186
36 5.832097053527832
36 5.83625054359436
36 5.8415443897247314
36 5.845724582672119
36 5.850904226303101
36 5.854928016662598
36 5.861373662948608
36 5.865406513214111
36 5.870483636856079
36 5.874606132507324
36 5.879712104797363
36 5.883836030960083
36 5.888879060745239
36 5.893246173858643
36 5.897589683532715
36 5.902488470077515
36 5.90675163269043
36 5.912800312042236
36 5.917346954345703
36 5.922258615493774
36 5.926500558853149
36 5.9316840171813965
36 5.935870409011841
36 5.940874814987183
36 5.944894552230835
36 5.949974536895752
36 5.954201698303223
36 5.960483074188232
36 5.964598178863525
36 5.969743490219116
36 5.9739930629730225
36 5.979254245758057
36 5.983405113220215
36 5.987757205963135
36 5.992650508880615
36 5.997211933135986
