0 0.0035021305084228516
1 0.014872074127197266
2 0.023520708084106445
3 0.03351616859436035
5 0.04371333122253418
8 0.054444313049316406
10 0.06356573104858398
12 0.07245898246765137
13 0.07758069038391113
14 0.08175063133239746
15 0.08684110641479492
17 0.09101104736328125
18 0.09630846977233887
19 0.10047388076782227
21 0.10480904579162598
22 0.10971784591674805
24 0.11430001258850098
25 0.11925601959228516
26 0.12468290328979492
28 0.12973642349243164
29 0.13431978225708008
30 0.1392049789428711
31 0.14336085319519043
32 0.14866113662719727
33 0.152848482131958
34 0.15824627876281738
36 0.16234850883483887
36 0.1674802303314209
38 0.1727607250213623
38 0.17784738540649414
39 0.18187594413757324
40 0.18696355819702148
40 0.19123029708862305
41 0.19656682014465332
41 0.20072031021118164
42 0.20543909072875977
42 0.20995712280273438
42 0.21451520919799805
42 0.21941447257995605
43 0.22483205795288086
43 0.2297229766845703
43 0.23429346084594727
43 0.239182710647583
43 0.243330717086792
43 0.24878978729248047
43 0.25298285484313965
43 0.25803089141845703
43 0.26235461235046387
43 0.2674591541290283
43 0.27147769927978516
43 0.277773380279541
43 0.28180789947509766
43 0.28695106506347656
43 0.2912287712097168
43 0.29656505584716797
43 0.30071187019348145
43 0.3050696849822998
43 0.31030893325805664
43 0.3146493434906006
43 0.3195536136627197
43 0.32492899894714355
43 0.3298342227935791
43 0.33441853523254395
43 0.33933067321777344
43 0.34890079498291016
43 0.35311055183410645
43 0.35857558250427246
43 0.3627598285675049
43 0.36826539039611816
43 0.37232542037963867
43 0.3785238265991211
43 0.38275671005249023
43 0.38782501220703125
43 0.3918910026550293
43 0.39696741104125977
43 0.40106892585754395
43 0.40639257431030273
43 0.4105708599090576
43 0.4148986339569092
43 0.41991567611694336
43 0.4255702495574951
43 0.4304788112640381
43 0.4347870349884033
43 0.4396858215332031
43 0.4442579746246338
43 0.4491405487060547
43 0.4533424377441406
43 0.4586508274078369
43 0.46280527114868164
43 0.46790480613708496
43 0.4719400405883789
43 0.4782419204711914
43 0.48229360580444336
43 0.48716163635253906
43 0.4916343688964844
43 0.49678945541381836
43 0.500913143157959
43 0.5062761306762695
43 0.5104210376739502
43 0.5147430896759033
43 0.5196194648742676
43 0.5239205360412598
43 0.529862642288208
43 0.5344359874725342
43 0.5393242835998535
43 0.5436022281646729
43 0.5490353107452393
43 0.5531997680664062
43 0.5585072040557861
43 0.5626490116119385
43 0.5675806999206543
43 0.5716943740844727
43 0.5768115520477295
43 0.5818541049957275
43 0.5869436264038086
43 0.5910539627075195
43 0.5963115692138672
43 0.6007199287414551
43 0.60628342628479
43 0.6106035709381104
43 0.6149077415466309
43 0.6197645664215088
43 0.624326229095459
43 0.6299009323120117
43 0.6345105171203613
43 0.6394104957580566
43 0.6436817646026611
43 0.6495420932769775
43 0.6538181304931641
43 0.659015417098999
43 0.6631901264190674
43 0.6686170101165771
43 0.6728076934814453
43 0.6779842376708984
43 0.6831815242767334
43 0.6884465217590332
43 0.69246506690979
43 0.6975235939025879
43 0.7015190124511719
43 0.706730842590332
43 0.7108712196350098
43 0.7159578800201416
43 0.72029709815979
43 0.7246291637420654
43 0.7306499481201172
43 0.7350051403045654
43 0.7399003505706787
43 0.7490034103393555
43 0.7531852722167969
43 0.7586188316345215
43 0.7627925872802734
43 0.7680191993713379
43 0.7722432613372803
43 0.7771573066711426
43 0.7827038764953613
43 0.7879230976104736
43 0.7919766902923584
43 0.7970805168151855
43 0.8011915683746338
43 0.8064963817596436
43 0.8107988834381104
43 0.8155100345611572
43 0.8199958801269531
43 0.824582576751709
43 0.8294742107391357
43 0.834857702255249
43 0.8397066593170166
43 0.8442332744598389
43 0.8492929935455322
43 0.8535604476928711
43 0.85874342918396
43 0.8629324436187744
43 0.867969274520874
43 0.8720006942749023
43 0.8771483898162842
43 0.8813681602478027
43 0.8875377178192139
43 0.8916280269622803
43 0.8967459201812744
43 0.9008731842041016
43 0.9059484004974365
43 0.9104621410369873
43 0.9147891998291016
43 0.919623613357544
43 0.9238924980163574
43 0.9290421009063721
43 0.9344117641448975
43 0.9394581317901611
43 0.943734884262085
43 0.9488942623138428
43 0.9530653953552246
43 0.958383321762085
43 0.9623823165893555
43 0.9675800800323486
43 0.9717404842376709
43 0.9768249988555908
43 0.9809284210205078
43 0.9870395660400391
43 0.9911863803863525
43 0.9965178966522217
43 1.0007119178771973
43 1.0050160884857178
43 1.0098848342895508
43 1.0144832134246826
43 1.0193688869476318
43 1.0236420631408691
43 1.0289549827575684
43 1.0331263542175293
43 1.0430054664611816
43 1.0482735633850098
43 1.0522918701171875
43 1.057154893875122
43 1.061220645904541
43 1.0665698051452637
43 1.0708897113800049
43 1.0759446620941162
43 1.080315113067627
43 1.0846493244171143
43 1.090604543685913
43 1.0949528217315674
43 1.0998234748840332
43 1.104355812072754
43 1.109217643737793
43 1.113361120223999
43 1.1186468601226807
43 1.1227946281433105
43 1.1278176307678223
43 1.131822109222412
43 1.1380181312561035
43 1.1422839164733887
43 1.1508946418762207
43 1.1559460163116455
43 1.1604657173156738
43 1.164778470993042
43 1.1698276996612549
43 1.1744089126586914
43 1.179422378540039
43 1.1836841106414795
43 1.1895456314086914
43 1.1938483715057373
43 1.1991784572601318
43 1.203456163406372
43 1.2088162899017334
43 1.2129895687103271
43 1.2182908058166504
43 1.2223131656646729
43 1.2271742820739746
43 1.2313787937164307
43 1.236598253250122
43 1.2415063381195068
43 1.2467176914215088
43 1.2508518695831299
43 1.2555208206176758
43 1.260023832321167
43 1.2646045684814453
43 1.269641399383545
43 1.273911476135254
43 1.2790799140930176
43 1.2832529544830322
43 1.2885279655456543
43 1.2936010360717773
43 1.2987890243530273
43 1.3029615879058838
43 1.3082802295684814
43 1.3123347759246826
43 1.3171882629394531
43 1.321363925933838
43 1.3265798091888428
43 1.3308963775634766
43 1.335961103439331
43 1.341170072555542
43 1.346491813659668
43 1.350609302520752
43 1.3549132347106934
43 1.3597557544708252
43 1.3643171787261963
43 1.3692233562469482
43 1.3734664916992188
43 1.3786845207214355
43 1.3828458786010742
43 1.3882534503936768
43 1.3931317329406738
43 1.3983840942382812
43 1.402409553527832
43 1.4074935913085938
43 1.411503791809082
43 1.4167084693908691
43 1.4208297729492188
43 1.4255609512329102
43 1.4300258159637451
43 1.4345977306365967
43 1.4394843578338623
43 1.4448621273040771
43 1.4498684406280518
43 1.4544854164123535
43 1.4595284461975098
43 1.4638252258300781
43 1.4689815044403076
43 1.4731404781341553
43 1.4784348011016846
43 1.482466220855713
43 1.4875340461730957
43 1.492682695388794
43 1.4976654052734375
43 1.501756191253662
43 1.5068612098693848
43 1.5111439228057861
43 1.5164515972137451
43 1.5206212997436523
43 1.524902105331421
43 1.5298192501068115
43 1.5343804359436035
43 1.5392539501190186
43 1.5446364879608154
43 1.5532729625701904
43 1.5586857795715332
43 1.5628492832183838
43 1.5683507919311523
43 1.5723910331726074
43 1.5775699615478516
43 1.5816981792449951
43 1.5868427753448486
43 1.5911383628845215
43 1.597459077835083
43 1.6014437675476074
43 1.6066796779632568
43 1.610795259475708
43 1.6155121326446533
43 1.6199898719787598
43 1.6245527267456055
43 1.6295948028564453
43 1.6338682174682617
43 1.639024019241333
43 1.6432197093963623
43 1.6498374938964844
43 1.6543750762939453
43 1.659271001815796
43 1.6635518074035645
43 1.6687581539154053
43 1.6729557514190674
43 1.6780035495758057
43 1.682013750076294
43 1.6870827674865723
43 1.6914558410644531
43 1.6977663040161133
43 1.7018053531646729
43 1.7069168090820312
43 1.7110185623168945
43 1.7162904739379883
43 1.720604419708252
43 1.7249290943145752
43 1.7298150062561035
43 1.734351634979248
43 1.7392127513885498
43 1.74334716796875
43 1.7495439052581787
43 1.753861665725708
43 1.7592687606811523
43 1.7635424137115479
43 1.768744945526123
43 1.7729511260986328
43 1.777987003326416
43 1.7822365760803223
43 1.7871053218841553
43 1.7912139892578125
43 1.7965412139892578
43 1.801682949066162
43 1.8068411350250244
43 1.8111417293548584
43 1.8164255619049072
43 1.8205745220184326
43 1.8248927593231201
43 1.8297467231750488
43 1.8404152393341064
43 1.8447740077972412
43 1.8508284091949463
43 1.8555288314819336
43 1.8599910736083984
43 1.8646225929260254
43 1.869652509689331
43 1.8739268779754639
43 1.8791234493255615
43 1.883301019668579
43 1.8886010646820068
43 1.8927898406982422
43 1.8978080749511719
43 1.9030177593231201
43 1.9082775115966797
43 1.9123077392578125
43 1.9172031879425049
43 1.9214627742767334
43 1.9267010688781738
43 1.931001901626587
43 1.9362802505493164
43 1.9404213428497314
43 1.9447643756866455
43 1.9543178081512451
43 1.9593517780303955
43 1.9635951519012451
43 1.9689621925354004
43 1.97314453125
43 1.9786627292633057
43 1.982844352722168
43 1.9882516860961914
43 1.992316484451294
43 1.9971694946289062
43 2.0024585723876953
43 2.007535457611084
43 2.011627435684204
43 2.01676082611084
43 2.0208685398101807
43 2.0259592533111572
43 2.030299425125122
43 2.03463077545166
43 2.0394835472106934
43 2.0437698364257812
43 2.049104928970337
43 2.054487705230713
43 2.05934739112854
43 2.0636305809020996
43 2.068882465362549
43 2.073079824447632
43 2.078511953353882
43 2.0827126502990723
43 2.0876777172088623
43 2.0917749404907227
43 2.0968518257141113
43 2.10097599029541
43 2.107016086578369
43 2.1113815307617188
43 2.116572141647339
43 2.1206891536712646
43 2.125012159347534
43 2.1298701763153076
43 2.134403944015503
43 2.139329195022583
43 2.1435961723327637
43 2.1487984657287598
43 2.1538655757904053
43 2.1590654850006104
43 2.1632392406463623
43 2.1686747074127197
43 2.1728317737579346
43 2.1779158115386963
43 2.1819162368774414
43 2.1870148181915283
43 2.1911497116088867
43 2.1965034008026123
43 2.2006490230560303
43 2.206763982772827
43 2.2108871936798096
43 2.2155702114105225
43 2.220301866531372
43 2.2246334552764893
43 2.229647397994995
43 2.233903646469116
43 2.2392165660858154
43 2.2434630393981934
43 2.248671054840088
43 2.2528538703918457
43 2.258881092071533
43 2.2630577087402344
43 2.2683322429656982
43 2.272369384765625
43 2.2774271965026855
43 2.281449794769287
43 2.2866618633270264
43 2.2909348011016846
43 2.2962770462036133
43 2.300415277481079
43 2.306474447250366
43 2.310643434524536
43 2.3149168491363525
43 2.31982159614563
43 2.3243517875671387
43 2.329216718673706
43 2.333475351333618
43 2.3386499881744385
43 2.3428244590759277
43 2.3480281829833984
43 2.3582680225372314
43 2.362297296524048
43 2.367147207260132
43 2.37172794342041
43 2.3768253326416016
43 2.381051778793335
43 2.3863131999969482
43 2.3904459476470947
43 2.3947479724884033
43 2.399620771408081
43 2.403867483139038
43 2.4099514484405518
43 2.4145545959472656
43 2.419435739517212
43 2.423694610595703
43 2.4288737773895264
43 2.4330759048461914
43 2.43835186958313
43 2.4423632621765137
43 2.4472007751464844
43 2.451409339904785
43 2.45662260055542
43 2.461714506149292
43 2.4668331146240234
43 2.4711225032806396
43 2.476407051086426
43 2.480529308319092
43 2.4848644733428955
43 2.4897029399871826
43 2.4942893981933594
43 2.499319314956665
43 2.5035717487335205
43 2.5095133781433105
43 2.513840913772583
43 2.518984794616699
43 2.5231776237487793
43 2.5286080837249756
43 2.5327775478363037
43 2.537827253341675
43 2.5418241024017334
43 2.5469329357147217
43 2.5510504245758057
43 2.5563387870788574
43 2.5613951683044434
43 2.5666260719299316
43 2.5707459449768066
43 2.575068950653076
43 2.579897165298462
43 2.5844666957855225
43 2.589498281478882
43 2.5937538146972656
43 2.5989012718200684
43 2.603116512298584
43 2.608376979827881
43 2.613258123397827
43 2.618520498275757
43 2.6226603984832764
43 2.6278703212738037
43 2.6319119930267334
43 2.6369855403900146
43 2.641124963760376
43 2.647026777267456
43 2.6514108180999756
43 2.65661358833313
43 2.6617517471313477
43 2.6668992042541504
43 2.6710076332092285
43 2.6763129234313965
43 2.680454969406128
43 2.6847760677337646
43 2.6896655559539795
43 2.6939446926116943
43 2.6990811824798584
43 2.7032527923583984
43 2.708674430847168
43 2.713696002960205
43 2.7188737392425537
43 2.7230610847473145
43 2.728286027908325
43 2.7323105335235596
43 2.7371561527252197
43 2.74125599861145
43 2.7466416358947754
43 2.7545485496520996
43 2.7596993446350098
43 2.765024185180664
43 2.770413875579834
43 2.774735689163208
43 2.779762029647827
43 2.7842986583709717
43 2.7891645431518555
43 2.7934815883636475
43 2.798698902130127
43 2.8028736114501953
43 2.807914972305298
43 2.811936616897583
43 2.8183484077453613
43 2.8224008083343506
43 2.827627182006836
43 2.831761121749878
43 2.8368313312530518
43 2.8409342765808105
43 2.8460185527801514
43 2.8503987789154053
43 2.8547401428222656
43 2.859604597091675
43 2.864907741546631
43 2.869814872741699
43 2.8743577003479004
43 2.879249095916748
43 2.883467197418213
43 2.888857126235962
43 2.8930013179779053
43 2.8980233669281006
43 2.902254343032837
43 2.9072165489196777
43 2.91137957572937
43 2.9175453186035156
43 2.92165207862854
43 2.9267711639404297
43 2.930903434753418
43 2.936004400253296
43 2.9403395652770996
43 2.944646120071411
43 2.949625253677368
43 2.95388126373291
43 2.9590811729431152
43 2.963308334350586
43 2.9692306518554688
43 2.9734864234924316
43 2.9787051677703857
43 2.9828829765319824
43 2.9879307746887207
43 2.991939067840576
43 2.9970295429229736
43 3.001155376434326
43 3.006460666656494
43 3.010776996612549
43 3.015500545501709
43 3.0211801528930664
43 3.026506185531616
43 3.030632972717285
43 3.034959554672241
43 3.0398614406585693
43 3.0444602966308594
43 3.0493507385253906
43 3.053605556488037
43 3.0587925910949707
43 3.0629782676696777
43 3.0691394805908203
43 3.0733466148376465
43 3.078655958175659
43 3.082794666290283
43 3.087817430496216
43 3.0918164253234863
43 3.096945285797119
43 3.1010875701904297
43 3.106402635574341
43 3.1105566024780273
43 3.1148715019226074
43 3.1210484504699707
43 3.126681089401245
43 3.1309309005737305
43 3.1362996101379395
43 3.140430212020874
43 3.144737720489502
43 3.1497802734375
43 3.158822774887085
43 3.162989377975464
43 3.16843843460083
43 3.173494815826416
43 3.178842544555664
43 3.1830036640167236
43 3.188413143157959
43 3.192430019378662
43 3.197556972503662
43 3.2016677856445312
43 3.206815242767334
43 3.210914373397827
43 3.2159464359283447
43 3.2211415767669678
43 3.226487159729004
43 3.2306556701660156
43 3.2349750995635986
43 3.239832878112793
43 3.24436354637146
43 3.249351739883423
43 3.2536110877990723
43 3.2588441371917725
43 3.2630224227905273
43 3.268277168273926
43 3.273263692855835
43 3.2786993980407715
43 3.2828595638275146
43 3.2879228591918945
43 3.291982412338257
43 3.2970807552337646
43 3.301194667816162
43 3.3064968585968018
43 3.3108179569244385
43 3.315537214279175
43 3.320016860961914
43 3.3262887001037598
43 3.3304972648620605
43 3.334838390350342
43 3.339700222015381
43 3.3442704677581787
43 3.3491311073303223
43 3.3532793521881104
43 3.3585212230682373
43 3.362664222717285
43 3.3678627014160156
43 3.371889114379883
43 3.3779876232147217
43 3.381990909576416
43 3.3870913982391357
43 3.3911852836608887
43 3.396489143371582
43 3.4006476402282715
43 3.404982328414917
43 3.4100029468536377
43 3.414565324783325
43 3.4194915294647217
43 3.424854278564453
43 3.429863929748535
43 3.4344213008880615
43 3.439296007156372
43 3.4435479640960693
43 3.4487268924713135
43 3.452918291091919
43 3.457921028137207
43 3.461958408355713
43 3.4670324325561523
43 3.4711573123931885
43 3.4774718284606934
43 3.4815080165863037
43 3.4867136478424072
43 3.490992546081543
43 3.496267557144165
43 3.500418186187744
43 3.5047411918640137
43 3.509645700454712
43 3.5139200687408447
43 3.5190799236297607
43 3.523261785507202
43 3.5292625427246094
43 3.5335006713867188
43 3.5388894081115723
43 3.5430843830108643
43 3.548501968383789
43 3.556638717651367
43 3.5608932971954346
43 3.566291570663452
43 3.570594549179077
43 3.5749049186706543
43 3.5808353424072266
43 3.5854907035827637
43 3.5899946689605713
43 3.5945754051208496
43 3.5994362831115723
43 3.6036760807037354
43 3.609005928039551
43 3.613157033920288
43 3.618435859680176
43 3.6224586963653564
43 3.628638505935669
43 3.632802724838257
43 3.6378488540649414
43 3.641869068145752
43 3.6478688716888428
43 3.6518900394439697
43 3.6569736003875732
43 3.661055564880371
43 3.666337490081787
43 3.677046537399292
43 3.682406187057495
43 3.6874635219573975
43 3.6914584636688232
43 3.6966705322265625
43 3.7008419036865234
43 3.7055366039276123
43 3.709994077682495
43 3.7145745754241943
43 3.719475269317627
43 3.7237441539764404
43 3.729893684387207
43 3.7344839572906494
43 3.7393639087677
43 3.7436232566833496
43 3.7488205432891846
43 3.7529823780059814
43 3.7582850456237793
43 3.7623229026794434
43 3.76717209815979
43 3.771359443664551
43 3.7765746116638184
43 3.7817864418029785
43 3.786942720413208
43 3.7911932468414307
43 3.796509027481079
43 3.800839424133301
43 3.805511951446533
43 3.810004711151123
43 3.814587354660034
43 3.8194668292999268
43 3.8237111568450928
43 3.8288886547088623
43 3.834028720855713
43 3.839109420776367
43 3.8432717323303223
43 3.848714828491211
43 3.8528897762298584
43 3.857959747314453
43 3.861984968185425
43 3.8670945167541504
43 3.8711721897125244
43 3.8764920234680176
43 3.880645513534546
43 3.8867733478546143
43 3.890897035598755
43 3.8959596157073975
43 3.900339365005493
43 3.904658079147339
43 3.909641981124878
43 3.9139180183410645
43 3.9190804958343506
43 3.923283100128174
43 3.9287009239196777
43 3.933688163757324
43 3.938880205154419
43 3.9430744647979736
43 3.94834566116333
43 3.952362537384033
43 3.96091365814209
43 3.965967893600464
43 3.9705686569213867
43 3.9749295711517334
43 3.9799723625183105
43 3.9859697818756104
43 3.990464925765991
43 3.9947757720947266
43 3.999701738357544
43 4.004249811172485
43 4.009107828140259
43 4.013245582580566
43 4.0185160636901855
43 4.022665023803711
43 4.027908563613892
43 4.0319297313690186
43 4.038327932357788
43 4.042331695556641
43 4.047167778015137
43 4.051362037658691
43 4.0565948486328125
43 4.060872554779053
43 4.065553188323975
43 4.070288896560669
43 4.074625492095947
43 4.079527854919434
43 4.084873199462891
43 4.089921474456787
43 4.094482421875
43 4.099337339401245
43 4.103619813919067
43 4.108808279037476
43 4.113000392913818
43 4.11823296546936
43 4.122263193130493
43 4.127138137817383
43 4.131213426589966
43 4.1374242305755615
43 4.14145565032959
43 4.146667957305908
43 4.150928020477295
43 4.156272888183594
43 4.160413503646851
43 4.164735794067383
43 4.169614791870117
43 4.173860311508179
43 4.1790032386779785
43 4.183170557022095
43 4.189322233200073
43 4.193593978881836
43 4.198803186416626
43 4.202969789505005
43 4.20844841003418
43 4.212477445602417
43 4.217536926269531
43 4.2216410636901855
43 4.226797103881836
43 4.230902671813965
43 4.235924005508423
43 4.2411041259765625
43 4.2464234828948975
43 4.250616073608398
43 4.2549378871917725
43 4.259813547134399
43 4.264340400695801
43 4.269359588623047
43 4.273631811141968
43 4.278848648071289
43 4.2830305099487305
43 4.288955926895142
43 4.293142080307007
43 4.298433303833008
43 4.302452087402344
43 4.307533502578735
43 4.3116209506988525
43 4.316726446151733
43 4.320996522903442
43 4.326275587081909
43 4.330575942993164
43 4.334898948669434
43 4.340753555297852
43 4.345433473587036
43 4.34988808631897
43 4.358713150024414
43 4.362927675247192
43 4.36832594871521
43 4.372333765029907
43 4.377170085906982
43 4.381512880325317
43 4.386737585067749
43 4.39238166809082
43 4.3974449634552
43 4.4014482498168945
43 4.40668511390686
43 4.41081166267395
43 4.4155378341674805
43 4.420019865036011
43 4.424591541290283
43 4.429462671279907
43 4.433722972869873
43 4.438882350921631
43 4.444259881973267
43 4.449335336685181
43 4.453598260879517
43 4.458796501159668
43 4.462963104248047
43 4.468296527862549
43 4.472320556640625
43 4.477175712585449
43 4.481350898742676
43 4.486571550369263
43 4.491494655609131
43 4.4967570304870605
43 4.500882863998413
43 4.505558967590332
43 4.510458946228027
43 4.514770984649658
43 4.51969313621521
43 4.524263620376587
43 4.529147624969482
43 4.5333006381988525
43 4.5385215282440186
43 4.543586015701294
43 4.548760652542114
43 4.55297064781189
43 4.558023929595947
43 4.562234163284302
43 4.567111968994141
43 4.571468114852905
43 4.576706171035767
43 4.580985069274902
43 4.5862696170806885
43 4.590416193008423
43 4.5964930057525635
43 4.600639581680298
43 4.604936361312866
43 4.609822511672974
43 4.614365577697754
43 4.61921763420105
43 4.623350620269775
43 4.628795385360718
43 4.632955312728882
43 4.638025283813477
43 4.642268896102905
43 4.649101734161377
43 4.653256893157959
43 4.65851902961731
43 4.662706136703491
43 4.667662620544434
43 4.671767473220825
43 4.67767858505249
43 4.681766748428345
43 4.686830759048462
43 4.691202402114868
43 4.697758674621582
43 4.701801538467407
43 4.706905126571655
43 4.711174011230469
43 4.716526031494141
43 4.720669984817505
43 4.724972724914551
43 4.729860544204712
43 4.734393358230591
43 4.73934268951416
43 4.743629217147827
43 4.749797582626343
43 4.7543487548828125
43 4.7628865242004395
43 4.768313407897949
43 4.7723283767700195
43 4.777174711227417
43 4.78158712387085
43 4.786708354949951
43 4.790953159332275
43 4.797064781188965
43 4.801206588745117
43 4.806496858596802
43 4.810776472091675
43 4.815444469451904
43 4.819918632507324
43 4.8244993686676025
43 4.829365015029907
43 4.833628416061401
43 4.8389647006988525
43 4.843140125274658
43 4.849152565002441
43 4.853331804275513
43 4.8586108684539795
43 4.8627612590789795
43 4.867959022521973
43 4.871984958648682
43 4.877087116241455
43 4.8812196254730225
43 4.886505126953125
43 4.890642166137695
43 4.894949913024902
43 4.900865793228149
43 4.905559301376343
43 4.910288572311401
43 4.914620399475098
43 4.9195029735565186
43 4.923760175704956
43 4.929060935974121
43 4.933237552642822
43 4.938513517379761
43 4.942637205123901
43 4.9476096630096436
43 4.952890396118164
43 4.957963943481445
43 4.961981773376465
43 4.967094898223877
43 4.971483469009399
43 4.976680278778076
43 4.980815172195435
43 4.985509872436523
43 4.99039626121521
43 4.994720935821533
43 5.0006773471832275
43 5.004995584487915
43 5.009846210479736
43 5.014382839202881
43 5.019274473190308
43 5.02355170249939
43 5.028722286224365
43 5.0328874588012695
43 5.037954568862915
43 5.042779445648193
43 5.0480055809021
43 5.05321192741394
43 5.058457851409912
43 5.0624635219573975
43 5.067526817321777
43 5.071688413619995
43 5.076809644699097
43 5.0809173583984375
43 5.085995435714722
43 5.090327739715576
43 5.094640731811523
43 5.099646091461182
43 5.104907989501953
43 5.109904050827026
43 5.114520311355591
43 5.119403839111328
43 5.123658180236816
43 5.128856182098389
43 5.133027791976929
43 5.138249158859253
43 5.142287015914917
43 5.147172212600708
43 5.152649641036987
43 5.161097049713135
43 5.166553020477295
43 5.17089056968689
43 5.1755595207214355
43 5.180423736572266
43 5.184757232666016
43 5.189748764038086
43 5.194310426712036
43 5.199185848236084
43 5.204495668411255
43 5.209383964538574
43 5.213642120361328
43 5.21880841255188
43 5.222970724105835
43 5.228419780731201
43 5.2324538230896
43 5.237566709518433
43 5.241645812988281
43 5.246769189834595
43 5.25090217590332
43 5.25703763961792
43 5.261159420013428
43 5.266510248184204
43 5.270630836486816
43 5.274927377700806
43 5.279792547225952
43 5.284337759017944
43 5.289365530014038
43 5.293686628341675
43 5.298871994018555
43 5.303021192550659
43 5.309088945388794
43 5.313254356384277
43 5.318550109863281
43 5.322721242904663
43 5.327672481536865
43 5.331754922866821
43 5.336824417114258
43 5.3409199714660645
43 5.345989942550659
43 5.350506544113159
43 5.356593370437622
43 5.360894441604614
43 5.36592435836792
43 5.370290756225586
43 5.374635219573975
43 5.379555940628052
43 5.383832931518555
43 5.388978958129883
43 5.393144369125366
43 5.398414373397827
43 5.4024786949157715
43 5.408804416656494
43 5.412968158721924
43 5.418012380599976
43 5.422245264053345
43 5.427133083343506
43 5.431246995925903
43 5.436532974243164
43 5.440663814544678
43 5.444958925247192
43 5.449826717376709
43 5.454358339309692
43 5.459902048110962
43 5.4645116329193115
43 5.4695353507995605
43 5.473814487457275
43 5.478992938995361
43 5.483147621154785
43 5.488595247268677
43 5.49273943901062
43 5.497666597366333
43 5.5017595291137695
43 5.5078935623168945
43 5.5119757652282715
43 5.517083644866943
43 5.527076482772827
43 5.5314390659332275
43 5.536677122116089
43 5.540787220001221
43 5.551051139831543
43 5.556405782699585
43 5.565966606140137
43 5.570468425750732
43 5.574776649475098
43 5.5798375606536865
43 5.58440637588501
43 5.58952522277832
43 5.59381103515625
43 5.599020004272461
43 5.60319447517395
43 5.608443021774292
43 5.613479852676392
43 5.618860244750977
43 5.623646020889282
43 5.628830909729004
43 5.632988691329956
43 5.6382551193237305
43 5.642281532287598
43 5.648483991622925
43 5.652592420578003
43 5.6575915813446045
43 5.662944316864014
43 5.6679527759552
43 5.672006845474243
43 5.677099943161011
43 5.681211948394775
43 5.686523199081421
43 5.690657615661621
43 5.69498085975647
43 5.699858903884888
43 5.704393625259399
43 5.709440231323242
43 5.714812517166138
43 5.719705581665039
43 5.724268674850464
43 5.729178428649902
43 5.733343124389648
43 5.738622188568115
43 5.74277925491333
43 5.747990369796753
43 5.752002716064453
43 5.757119655609131
43 5.7624711990356445
43 5.767807483673096
43 5.771812677383423
43 5.77690863609314
43 5.7810444831848145
43 5.786337375640869
43 5.79046630859375
43 5.794781684875488
43 5.799645900726318
43 5.803929567337036
43 5.809122323989868
43 5.814360857009888
43 5.819218397140503
43 5.82334041595459
43 5.828767538070679
43 5.832927227020264
43 5.838007211685181
43 5.842019557952881
43 5.847103118896484
43 5.851187705993652
43 5.85647988319397
43 5.860617160797119
43 5.8666815757751465
43 5.870804786682129
43 5.875488519668579
43 5.88039231300354
43 5.884722709655762
43 5.889769077301025
43 5.894329786300659
43 5.899195909500122
43 5.903359889984131
43 5.9086620807647705
43 5.912819147109985
43 5.918883562088013
43 5.92309045791626
43 5.928332805633545
43 5.932347774505615
43 5.937209129333496
43 5.941365480422974
43 5.946602821350098
43 5.950865030288696
43 5.955544948577881
43 5.959992408752441
43 5.969756603240967
43 5.974326848983765
43 5.979359149932861
43 5.9836585521698
43 5.988959550857544
43 5.993122816085815
43 5.998389482498169
