0 0.0033528804779052734
1 0.015036821365356445
2 0.025200843811035156
4 0.03530073165893555
6 0.04678940773010254
8 0.05708575248718262
12 0.06522321701049805
13 0.07290530204772949
14 0.0778200626373291
16 0.08213281631469727
17 0.0873265266418457
19 0.09150385856628418
20 0.09679198265075684
22 0.10083651542663574
23 0.10572242736816406
24 0.11016607284545898
26 0.1153268814086914
28 0.12047910690307617
29 0.12565207481384277
30 0.12976551055908203
31 0.1351165771484375
32 0.13924384117126465
34 0.14356398582458496
36 0.15321755409240723
36 0.1582932472229004
37 0.1628711223602295
38 0.16800761222839355
39 0.1733689308166504
39 0.17842960357666016
40 0.18311047554016113
40 0.1880035400390625
40 0.19224929809570312
40 0.1974499225616455
40 0.2016458511352539
40 0.2069096565246582
40 0.2109839916229248
40 0.21613216400146484
40 0.2202596664428711
40 0.22654294967651367
40 0.2307736873626709
40 0.235673189163208
40 0.23988580703735352
40 0.24510550498962402
40 0.24926424026489258
40 0.2539548873901367
40 0.2585310935974121
40 0.26310157775878906
40 0.26806163787841797
40 0.27341270446777344
40 0.2785005569458008
40 0.28304243087768555
40 0.2881007194519043
40 0.29239726066589355
40 0.2976210117340088
40 0.3018157482147217
40 0.30707263946533203
40 0.311262845993042
40 0.3163182735443115
40 0.3203549385070801
40 0.3267667293548584
40 0.3308243751525879
40 0.33568882942199707
40 0.3401944637298584
40 0.3453340530395508
40 0.34960436820983887
40 0.35494160652160645
40 0.3591015338897705
40 0.36343979835510254
40 0.36833977699279785
40 0.37290406227111816
40 0.37885093688964844
40 0.38318467140197754
40 0.38806772232055664
40 0.3923835754394531
40 0.39753055572509766
40 0.4017016887664795
40 0.40717101097106934
40 0.4113311767578125
40 0.41637611389160156
40 0.42040276527404785
40 0.4267735481262207
40 0.43082094192504883
40 0.4357175827026367
40 0.43994712829589844
40 0.4451735019683838
40 0.44933223724365234
40 0.4540402889251709
40 0.45851731300354004
40 0.4631345272064209
40 0.4681978225708008
40 0.4727663993835449
40 0.47846031188964844
40 0.483020544052124
40 0.48792052268981934
40 0.49219226837158203
40 0.4973905086517334
40 0.5015549659729004
40 0.5068368911743164
40 0.5108628273010254
40 0.5157158374786377
40 0.519934892654419
40 0.5251774787902832
40 0.5305132865905762
40 0.5356302261352539
40 0.539985179901123
40 0.5452611446380615
40 0.5533196926116943
40 0.5584080219268799
40 0.5630049705505371
40 0.5680792331695557
40 0.5723686218261719
40 0.5784971714019775
40 0.5831136703491211
40 0.5881702899932861
40 0.592454195022583
40 0.5976452827453613
40 0.6018087863922119
40 0.6070761680603027
40 0.6112673282623291
40 0.6162025928497314
40 0.6203045845031738
40 0.6263504028320312
40 0.6315560340881348
40 0.6368024349212646
40 0.6408405303955078
40 0.6456959247589111
40 0.6501812934875488
40 0.6553196907043457
40 0.6594588756561279
40 0.6648130416870117
40 0.6691453456878662
40 0.673445463180542
40 0.6783535480499268
40 0.6840648651123047
40 0.6885225772857666
40 0.6931047439575195
40 0.6979849338531494
40 0.7022802829742432
40 0.7076187133789062
40 0.7117922306060791
40 0.7170636653900146
40 0.721240758895874
40 0.726203203201294
40 0.7314999103546143
40 0.7368018627166748
40 0.740849494934082
40 0.7456991672515869
40 0.749779224395752
40 0.7550919055938721
40 0.7592425346374512
40 0.763965368270874
40 0.768855094909668
40 0.773169994354248
40 0.7780537605285645
40 0.7833826541900635
40 0.7882723808288574
40 0.7928447723388672
40 0.7978847026824951
40 0.8021655082702637
40 0.8073809146881104
40 0.811572790145874
40 0.8168771266937256
40 0.8209142684936523
40 0.8261382579803467
40 0.8302783966064453
40 0.8364722728729248
40 0.8405122756958008
40 0.8456509113311768
40 0.8497624397277832
40 0.8550705909729004
40 0.8592169284820557
40 0.863525390625
40 0.8683931827545166
40 0.8729517459869385
40 0.8778727054595947
40 0.8832223415374756
40 0.8882532119750977
40 0.8928298950195312
40 0.8977310657501221
40 0.9018774032592773
40 0.9071652889251709
40 0.9113411903381348
40 0.9163827896118164
40 0.9204137325286865
40 0.9255502223968506
40 0.9299001693725586
40 0.9360573291778564
40 0.9401581287384033
40 0.9452719688415527
40 0.9533252716064453
40 0.9583566188812256
40 0.9629025459289551
40 0.9679083824157715
40 0.9721872806549072
40 0.9775059223175049
40 0.9816982746124268
40 0.9877283573150635
40 0.9918813705444336
40 0.9972171783447266
40 1.0013887882232666
40 1.0067987442016602
40 1.0108182430267334
40 1.015946626663208
40 1.0199518203735352
40 1.0251893997192383
40 1.029313325881958
40 1.0340232849121094
40 1.0394105911254883
40 1.0444517135620117
40 1.048886775970459
40 1.0532400608062744
40 1.0583794116973877
40 1.063011646270752
40 1.0680267810821533
40 1.072270154953003
40 1.0774097442626953
40 1.0815937519073486
40 1.0876655578613281
40 1.0918679237365723
40 1.0971457958221436
40 1.1012909412384033
40 1.106316328048706
40 1.1103460788726807
40 1.1154906749725342
40 1.119638204574585
40 1.1249299049377441
40 1.129227638244629
40 1.1335361003875732
40 1.1394340991973877
40 1.1445214748382568
40 1.1488752365112305
40 1.1531858444213867
40 1.1580414772033691
40 1.1623291969299316
40 1.1675026416778564
40 1.1717116832733154
40 1.1769747734069824
40 1.1810023784637451
40 1.1863362789154053
40 1.191577672958374
40 1.1968357563018799
40 1.200873613357544
40 1.2056899070739746
40 1.2098784446716309
40 1.2150907516479492
40 1.2192714214324951
40 1.2239530086517334
40 1.2285258769989014
40 1.2331225872039795
40 1.2390735149383545
40 1.2434256076812744
40 1.2484464645385742
40 1.253007173538208
40 1.2578930854797363
40 1.2621753215789795
40 1.2673792839050293
40 1.2715599536895752
40 1.2768268585205078
40 1.280867338180542
40 1.2857367992401123
40 1.2912099361419678
40 1.2961969375610352
40 1.3003051280975342
40 1.3053619861602783
40 1.3096511363983154
40 1.314988374710083
40 1.3193070888519287
40 1.323986291885376
40 1.3284540176391602
40 1.3330004215240479
40 1.3379065990447998
40 1.3432695865631104
40 1.3481428623199463
40 1.357353925704956
40 1.3615293502807617
40 1.367082118988037
40 1.3712654113769531
40 1.3764376640319824
40 1.3804352283477783
40 1.3855111598968506
40 1.3895957469940186
40 1.395679235458374
40 1.3997769355773926
40 1.4050867557525635
40 1.4092214107513428
40 1.413506031036377
40 1.418367862701416
40 1.422935962677002
40 1.4279727935791016
40 1.4322402477264404
40 1.437422275543213
40 1.442396640777588
40 1.4477620124816895
40 1.4520041942596436
40 1.457209825515747
40 1.461381435394287
40 1.4664204120635986
40 1.470430850982666
40 1.4755103588104248
40 1.4796710014343262
40 1.4850132465362549
40 1.4893226623535156
40 1.495452880859375
40 1.4995484352111816
40 1.504819393157959
40 1.508953332901001
40 1.5132708549499512
40 1.5181291103363037
40 1.522385835647583
40 1.5275306701660156
40 1.5317983627319336
40 1.537060260772705
40 1.5412144660949707
40 1.5474340915679932
40 1.5516223907470703
40 1.5569431781768799
40 1.560997486114502
40 1.5660622119903564
40 1.5700445175170898
40 1.575242042541504
40 1.579493522644043
40 1.5848195552825928
40 1.5889525413513184
40 1.5949740409851074
40 1.5991315841674805
40 1.6034431457519531
40 1.6085395812988281
40 1.613123893737793
40 1.6180140972137451
40 1.622830867767334
40 1.628828763961792
40 1.6331770420074463
40 1.6380727291107178
40 1.642343282699585
40 1.6481688022613525
40 1.6524507999420166
40 1.6576499938964844
40 1.6618247032165527
40 1.6672954559326172
40 1.6714808940887451
40 1.6765027046203613
40 1.6805164813995361
40 1.6856122016906738
40 1.6897196769714355
40 1.695042371749878
40 1.700023889541626
40 1.705249309539795
40 1.709526777267456
40 1.7147958278656006
40 1.7189409732818604
40 1.7232942581176758
40 1.7283592224121094
40 1.7329158782958984
40 1.737769603729248
40 1.7420063018798828
40 1.7479543685913086
40 1.7570152282714844
40 1.7611219882965088
40 1.7663285732269287
40 1.7703421115875244
40 1.7754673957824707
40 1.7797222137451172
40 1.7850406169891357
40 1.7893505096435547
40 1.7940304279327393
40 1.7994518280029297
40 1.8048372268676758
40 1.808985710144043
40 1.813291072845459
40 1.8181588649749756
40 1.8224241733551025
40 1.827559471130371
40 1.8317596912384033
40 1.8515706062316895
40 1.8569271564483643
40 1.8609645366668701
40 1.8660593032836914
40 1.8700275421142578
40 1.875251054763794
40 1.8794033527374268
40 1.884465217590332
40 1.8888280391693115
40 1.8931801319122314
40 1.8980581760406494
40 1.903430461883545
40 1.9084534645080566
40 1.9130218029022217
40 1.9178798198699951
40 1.9221622943878174
40 1.927340030670166
40 1.9315292835235596
40 1.9367847442626953
40 1.940807819366455
40 1.9456796646118164
40 1.9510033130645752
40 1.9560906887054443
40 1.960214614868164
40 1.9653496742248535
40 1.9696564674377441
40 1.975010871887207
40 1.9791600704193115
40 1.9834837913513184
40 1.9883530139923096
40 1.9928841590881348
40 1.9977638721466064
40 2.0030996799468994
40 2.007981538772583
40 2.012249708175659
40 2.0209789276123047
40 2.0263493061065674
40 2.030367374420166
40 2.035461902618408
40 2.0395431518554688
40 2.044851541519165
40 2.049055576324463
40 2.0551090240478516
40 2.0592291355133057
40 2.063539981842041
40 2.068389415740967
40 2.0729503631591797
40 2.077877998352051
40 2.082158088684082
40 2.087479591369629
40 2.0916576385498047
40 2.0970842838287354
40 2.101287603378296
40 2.107356071472168
40 2.1114964485168457
40 2.116525411605835
40 2.1205427646636963
40 2.1256661415100098
40 2.129762887954712
40 2.135064125061035
40 2.1392111778259277
40 2.143507480621338
40 2.1485307216644287
40 2.1583430767059326
40 2.1628916263580322
40 2.1678733825683594
40 2.1721529960632324
40 2.177497386932373
40 2.181668519973755
40 2.1870932579040527
40 2.1912806034088135
40 2.1963045597076416
40 2.2003285884857178
40 2.2070047855377197
40 2.21110463142395
40 2.216054677963257
40 2.220036745071411
40 2.2252378463745117
40 2.2295069694519043
40 2.2348101139068604
40 2.238943099975586
40 2.2432398796081543
40 2.2481303215026855
40 2.252382516860962
40 2.258254289627075
40 2.2628347873687744
40 2.267868995666504
40 2.2721455097198486
40 2.2773661613464355
40 2.281559467315674
40 2.2867703437805176
40 2.29084849357605
40 2.2957005500793457
40 2.299882650375366
40 2.3051223754882812
40 2.3102705478668213
40 2.315376043319702
40 2.3195173740386963
40 2.324795722961426
40 2.329089403152466
40 2.333390474319458
40 2.338263750076294
40 2.342815399169922
40 2.3476905822753906
40 2.352006435394287
40 2.3580942153930664
40 2.362384796142578
40 2.367565393447876
40 2.371715545654297
40 2.376972198486328
40 2.3809814453125
40 2.3862805366516113
40 2.390305757522583
40 2.395387887954712
40 2.3995001316070557
40 2.404813051223755
40 2.4097437858581543
40 2.4150662422180176
40 2.4191792011260986
40 2.423494815826416
40 2.4283885955810547
40 2.4329404830932617
40 2.4378345012664795
40 2.442092180252075
40 2.447422504425049
40 2.4516098499298096
40 2.4569027423858643
40 2.4620213508605957
40 2.4672207832336426
40 2.4713916778564453
40 2.476438522338867
40 2.48042893409729
40 2.4855306148529053
40 2.489778757095337
40 2.495073080062866
40 2.4992175102233887
40 2.5035297870635986
40 2.509608745574951
40 2.514957904815674
40 2.5191235542297363
40 2.523434638977051
40 2.5282692909240723
40 2.532818078994751
40 2.5377037525177
40 2.5418498516082764
40 2.547146797180176
40 2.551302194595337
40 2.560927629470825
40 2.5663681030273438
40 2.570429801940918
40 2.575535297393799
40 2.579779624938965
40 2.5850913524627686
40 2.589371681213379
40 2.5940802097320557
40 2.5988357067108154
40 2.6031556129455566
40 2.6080362796783447
40 2.6133525371551514
40 2.618396759033203
40 2.623044013977051
40 2.6289515495300293
40 2.6332733631134033
40 2.6381514072418213
40 2.642401695251465
40 2.647557497024536
40 2.6517066955566406
40 2.65698504447937
40 2.6618123054504395
40 2.667142868041992
40 2.671299457550049
40 2.6763217449188232
40 2.68034291267395
40 2.6854641437530518
40 2.6897363662719727
40 2.6950371265411377
40 2.6991636753082275
40 2.7034833431243896
40 2.708345890045166
40 2.714073419570923
40 2.718533992767334
40 2.7231152057647705
40 2.727980613708496
40 2.7322723865509033
40 2.7374107837677
40 2.7415812015533447
40 2.747028112411499
40 2.7511706352233887
40 2.7561967372894287
40 2.760326385498047
40 2.7665481567382812
40 2.770780324935913
40 2.7756857872009277
40 2.779761791229248
40 2.7850842475891113
40 2.789191246032715
40 2.7934887409210205
40 2.798391342163086
40 2.8029627799987793
40 2.8079962730407715
40 2.8123137950897217
40 2.8184313774108887
40 2.82307505607605
40 2.827939510345459
40 2.8321876525878906
40 2.8373663425445557
40 2.8415822982788086
40 2.846829891204834
40 2.8508784770965576
40 2.855954885482788
40 2.859976053237915
40 2.8662054538726807
40 2.8703536987304688
40 2.8754656314849854
40 2.879716634750366
40 2.8850138187408447
40 2.889165163040161
40 2.893468141555786
40 2.8983545303344727
40 2.902916669845581
40 2.9077913761138916
40 2.9120490550994873
40 2.91798734664917
40 2.92228364944458
40 2.9276175498962402
40 2.931788444519043
40 2.937047243118286
40 2.9411826133728027
40 2.9461472034454346
40 2.950307607650757
40 2.9596662521362305
40 2.9650309085845947
40 2.9701716899871826
40 2.9753098487854004
40 2.9796152114868164
40 2.984910011291504
40 2.9892995357513428
40 2.994002342224121
40 2.998483657836914
40 3.003042221069336
40 3.008072853088379
40 3.012346029281616
40 3.0181779861450195
40 3.0227644443511963
40 3.02762770652771
40 3.031801700592041
40 3.0370523929595947
40 3.041224956512451
40 3.046417713165283
40 3.050490379333496
40 3.0555646419525146
40 3.0597240924835205
40 3.0650265216827393
40 3.0701849460601807
40 3.0753252506256104
40 3.0794577598571777
40 3.0845444202423096
40 3.088881731033325
40 3.093174457550049
40 3.098021984100342
40 3.102276563644409
40 3.1075599193573
40 3.1117355823516846
40 3.1170287132263184
40 3.1221444606781006
40 3.1273653507232666
40 3.131528615951538
40 3.13696026802063
40 3.141000270843506
40 3.1460468769073486
40 3.150144100189209
40 3.155251979827881
40 3.159395456314087
40 3.1640706062316895
40 3.169639825820923
40 3.1749894618988037
40 3.1791470050811768
40 3.183476209640503
40 3.188350200653076
40 3.192885637283325
40 3.197786808013916
40 3.2020504474639893
40 3.2072386741638184
40 3.211421489715576
40 3.2164478302001953
40 3.221632957458496
40 3.2271194458007812
40 3.231288194656372
40 3.236293077468872
40 3.2402963638305664
40 3.2453696727752686
40 3.249488353729248
40 3.2548069953918457
40 3.258942127227783
40 3.263277530670166
40 3.2683310508728027
40 3.2739861011505127
40 3.2784695625305176
40 3.2830662727355957
40 3.2881016731262207
40 3.292372226715088
40 3.2975618839263916
40 3.3016960620880127
40 3.306973695755005
40 3.3109960556030273
40 3.3160698413848877
40 3.3201682567596436
40 3.326352834701538
40 3.3303515911102295
40 3.3354616165161133
40 3.3396100997924805
40 3.3449249267578125
40 3.349215269088745
40 3.3535430431365967
40 3.3620877265930176
40 3.3674159049987793
40 3.371612787246704
40 3.377824544906616
40 3.3820767402648926
40 3.387415647506714
40 3.391564130783081
40 3.3969719409942627
40 3.4010043144226074
40 3.4063186645507812
40 3.4103286266326904
40 3.4155054092407227
40 3.4196667671203613
40 3.4257044792175293
40 3.4299023151397705
40 3.4351277351379395
40 3.4392690658569336
40 3.4440255165100098
40 3.4484918117523193
40 3.4530417919158936
40 3.4579124450683594
40 3.462186813354492
40 3.4675028324127197
40 3.4716861248016357
40 3.477715253829956
40 3.481860637664795
40 3.487149715423584
40 3.4912924766540527
40 3.4962925910949707
40 3.500354766845703
40 3.5054454803466797
40 3.509551525115967
40 3.5148303508758545
40 3.5189738273620605
40 3.523287534713745
40 3.5292856693267822
40 3.533958673477173
40 3.538454532623291
40 3.543010711669922
40 3.547884702682495
40 3.5521633625030518
40 3.5574183464050293
40 3.5616188049316406
40 3.5668604373931885
40 3.570878267288208
40 3.5770816802978516
40 3.5812971591949463
40 3.586477518081665
40 3.5904908180236816
40 3.595574378967285
40 3.5996973514556885
40 3.604987859725952
40 3.6091654300689697
40 3.6134748458862305
40 3.618382692337036
40 3.6229376792907715
40 3.6294422149658203
40 3.634838342666626
40 3.639000654220581
40 3.643321990966797
40 3.6483824253082275
40 3.6529431343078613
40 3.6579856872558594
40 3.662257194519043
40 3.6674351692199707
40 3.671600103378296
40 3.6768572330474854
40 3.687891960144043
40 3.6922075748443604
40 3.6973824501037598
40 3.701552629470825
40 3.7069625854492188
40 3.711010217666626
40 3.716104745864868
40 3.7202341556549072
40 3.725325345993042
40 3.7305171489715576
40 3.7356410026550293
40 3.739748239517212
40 3.7450690269470215
40 3.749218225479126
40 3.7535219192504883
40 3.762312173843384
40 3.7676987648010254
40 3.771993398666382
40 3.777374505996704
40 3.7824714183807373
40 3.787856101989746
40 3.7921295166015625
40 3.797312021255493
40 3.801511287689209
40 3.8067619800567627
40 3.8107879161834717
40 3.815704584121704
40 3.8198814392089844
40 3.825132369995117
40 3.830395221710205
40 3.8355002403259277
40 3.8395979404449463
40 3.844849109649658
40 3.8489766120910645
40 3.853320360183716
40 3.8582205772399902
40 3.8627989292144775
40 3.8676681518554688
40 3.8718225955963135
40 3.877073287963867
40 3.882153034210205
40 3.887498378753662
40 3.891660213470459
40 3.8969154357910156
40 3.9009766578674316
40 3.906045436859131
40 3.9101524353027344
40 3.9153242111206055
40 3.919584274291992
40 3.9248175621032715
40 3.928941249847412
40 3.935091257095337
40 3.9392173290252686
40 3.9435083866119385
40 3.94853138923645
40 3.9530961513519287
40 3.9579854011535645
40 3.9622654914855957
40 3.9674320220947266
40 3.97162127494812
40 3.9768612384796143
40 3.9808833599090576
40 3.9870688915252686
40 3.9912779331207275
40 3.9963252544403076
40 4.00034761428833
40 4.005482912063599
40 4.009742259979248
40 4.015027284622192
40 4.019174575805664
40 4.0235137939453125
40 4.028389930725098
40 4.034477710723877
40 4.038848876953125
40 4.043179035186768
40 4.0482823848724365
40 4.052823305130005
40 4.057693243026733
40 4.061996221542358
40 4.067367076873779
40 4.071526527404785
40 4.076814651489258
40 4.080846071243286
40 4.0869739055633545
40 4.0909857749938965
40 4.096041917800903
40 4.100022792816162
40 4.105248689651489
40 4.109379053115845
40 4.114060640335083
40 4.118528127670288
40 4.123050689697266
40 4.12807297706604
40 4.1323769092559814
40 4.138206958770752
40 4.142763376235962
40 4.147629499435425
40 4.152298927307129
40 4.157700777053833
40 4.166798114776611
40 4.170813798904419
40 4.175659894943237
40 4.180269718170166
40 4.186899662017822
40 4.191012144088745
40 4.196065664291382
40 4.200167417526245
40 4.205310821533203
40 4.209461450576782
40 4.2147605419158936
40 4.218925952911377
40 4.223249673843384
40 4.228135585784912
40 4.232378959655762
40 4.238247632980347
40 4.242817640304565
40 4.2478601932525635
40 4.252137660980225
40 4.257325649261475
40 4.2614905834198
40 4.266834735870361
40 4.270852327346802
40 4.275683403015137
40 4.279773235321045
40 4.285095930099487
40 4.290015697479248
40 4.295245885848999
40 4.299415588378906
40 4.304447650909424
40 4.308993339538574
40 4.313298463821411
40 4.318142414093018
40 4.322432279586792
40 4.327603340148926
40 4.331760406494141
40 4.337051630020142
40 4.342137098312378
40 4.347368001937866
40 4.351527452468872
40 4.356774568557739
40 4.360804557800293
40 4.36566948890686
40 4.370036363601685
40 4.375260829925537
40 4.379388332366943
40 4.384070873260498
40 4.3895604610443115
40 4.394840478897095
40 4.398988485336304
40 4.403339147567749
40 4.408225059509277
40 4.412774562835693
40 4.417695045471191
40 4.421868085861206
40 4.4272942543029785
40 4.431509971618652
40 4.436939239501953
40 4.441804647445679
40 4.447036981582642
40 4.4511919021606445
40 4.456164360046387
40 4.4602952003479
40 4.465369701385498
40 4.469482898712158
40 4.4747679233551025
40 4.4789345264434814
40 4.483259677886963
40 4.48831844329834
40 4.494072198867798
40 4.498544931411743
40 4.503125190734863
40 4.50800085067749
40 4.512246370315552
40 4.517435312271118
40 4.521640300750732
40 4.526881217956543
40 4.530907154083252
40 4.535739421844482
40 4.539942979812622
40 4.5464372634887695
40 4.550457954406738
40 4.5555455684661865
40 4.564016819000244
40 4.56904411315918
40 4.573369264602661
40 4.578373670578003
40 4.582923650741577
40 4.58796238899231
40 4.593324899673462
40 4.598239183425903
40 4.602766990661621
40 4.607802391052246
40 4.612062215805054
40 4.617250680923462
40 4.6214563846588135
40 4.6273369789123535
40 4.631507873535156
40 4.636508226394653
40 4.640531063079834
40 4.646984577178955
40 4.651018142700195
40 4.656094074249268
40 4.660207271575928
40 4.665324687957764
40 4.669574975967407
40 4.674865961074829
40 4.679042816162109
40 4.683358669281006
40 4.688223600387573
40 4.6934654712677
40 4.698508977890015
40 4.703114986419678
40 4.707988262176514
40 4.712271451950073
40 4.7174272537231445
40 4.721626281738281
40 4.727033615112305
40 4.7312257289886475
40 4.736202955245972
40 4.740289688110352
40 4.746407508850098
40 4.7504308223724365
40 4.755521297454834
40 4.7596728801727295
40 4.765007495880127
40 4.769119739532471
40 4.773424863815308
40 4.778291702270508
40 4.782837152481079
40 4.787893772125244
40 4.792160749435425
40 4.797976732254028
40 4.80223822593689
40 4.807403802871704
40 4.811598062515259
40 4.816884994506836
40 4.820922136306763
40 4.826157569885254
40 4.830274343490601
40 4.835360288619995
40 4.839533090591431
40 4.84482216835022
40 4.849973440170288
40 4.8552021980285645
40 4.8593504428863525
40 4.8640313148498535
40 4.868509531021118
40 4.873124599456787
40 4.877986192703247
40 4.88224196434021
40 4.887395620346069
40 4.891560316085815
40 4.897568941116333
40 4.901769638061523
40 4.907196044921875
40 4.9113805294036865
40 4.916407585144043
40 4.9204254150390625
40 4.925517320632935
40 4.929661512374878
40 4.934952259063721
40 4.939095735549927
40 4.9434003829956055
40 4.94928765296936
40 4.954015254974365
40 4.958942651748657
40 4.9676361083984375
40 4.9718122482299805
40 4.977224111557007
40 4.981385231018066
40 4.986809730529785
40 4.99082612991333
40 4.995689153671265
40 5.001270532608032
40 5.006327390670776
40 5.010369777679443
40 5.015444755554199
40 5.02023458480835
40 5.025334358215332
40 5.029584169387817
40 5.034847974777222
40 5.038991689682007
40 5.043299198150635
40 5.048234701156616
40 5.053959131240845
40 5.0588929653167725
40 5.063255786895752
40 5.068133354187012
40 5.072377443313599
40 5.07751989364624
40 5.081670761108398
40 5.087141275405884
40 5.091307640075684
40 5.096318006515503
40 5.101495027542114
40 5.106539964675903
40 5.110768795013428
40 5.11569356918335
40 5.119781732559204
40 5.125091552734375
40 5.12921929359436
40 5.133507013320923
40 5.138371229171753
40 5.142930030822754
40 5.1479809284210205
40 5.153264760971069
40 5.1581315994262695
40 5.162409782409668
40 5.167564630508423
40 5.171761989593506
40 5.177138328552246
40 5.181300401687622
40 5.186325550079346
40 5.190338373184204
40 5.195420026779175
40 5.199514865875244
40 5.20556116104126
40 5.209888458251953
40 5.215108871459961
40 5.219395160675049
40 5.224062204360962
40 5.228804349899292
40 5.233153820037842
40 5.238044500350952
40 5.242311000823975
40 5.2474400997161865
40 5.252801179885864
40 5.2577245235443115
40 5.261868238449097
40 5.2673022747039795
40 5.2714855670928955
40 5.276544094085693
40 5.28076696395874
40 5.285692453384399
40 5.289771318435669
40 5.295087575912476
40 5.299225091934204
40 5.305331468582153
40 5.309427499771118
40 5.31480073928833
40 5.318936824798584
40 5.3232581615448
40 5.328294038772583
40 5.33282470703125
40 5.337728261947632
40 5.341860055923462
40 5.347295761108398
40 5.351492404937744
40 5.357573747634888
40 5.361747980117798
40 5.370390176773071
40 5.375463247299194
40 5.379709005355835
40 5.385033369064331
40 5.389402627944946
40 5.394514083862305
40 5.3990442752838135
40 5.403366327285767
40 5.4091479778289795
40 5.413457870483398
40 5.418359994888306
40 5.422882556915283
40 5.427762746810913
40 5.43198823928833
40 5.437185049057007
40 5.441335439682007
40 5.446552515029907
40 5.450772523880005
40 5.457286357879639
40 5.4614856243133545
40 5.466789484024048
40 5.470834493637085
40 5.475720405578613
40 5.48018479347229
40 5.485279560089111
40 5.48940896987915
40 5.494089126586914
40 5.498785734176636
40 5.503153562545776
40 5.509121417999268
40 5.5134289264678955
40 5.518311500549316
40 5.522839784622192
40 5.5277111530303955
40 5.531997919082642
40 5.537205934524536
40 5.541380882263184
40 5.54638409614563
40 5.550394773483276
40 5.561656475067139
40 5.567137241363525
40 5.571298122406006
40 5.576328754425049
40 5.580340147018433
40 5.5855019092559814
40 5.589632272720337
40 5.594926834106445
40 5.59907603263855
40 5.60341215133667
40 5.609448194503784
40 5.614835023880005
40 5.618988752365112
40 5.623286008834839
40 5.629202365875244
40 5.63350248336792
40 5.638390779495239
40 5.64307165145874
40 5.6479332447052
40 5.652170181274414
40 5.657363414764404
40 5.662396669387817
40 5.66755747795105
40 5.6717448234558105
40 5.676977157592773
40 5.681000709533691
40 5.686340808868408
40 5.690354347229004
40 5.6954686641693115
40 5.699564456939697
40 5.704818487167358
40 5.709595441818237
40 5.714936971664429
40 5.719120740890503
40 5.72344708442688
40 5.7283055782318115
40 5.732891321182251
40 5.737905979156494
40 5.742174386978149
40 5.747491359710693
40 5.7516796588897705
40 5.756941318511963
40 5.762014150619507
40 5.770326375961304
40 5.7753987312316895
40 5.7796502113342285
40 5.784974813461304
40 5.789307117462158
40 5.794006109237671
40 5.798879623413086
40 5.803210258483887
40 5.8082497119903564
40 5.8135576248168945
40 5.818407773971558
40 5.822985887527466
40 5.827852964401245
40 5.832155227661133
40 5.837368965148926
40 5.841535329818726
40 5.846800804138184
40 5.850813627243042
40 5.855677604675293
40 5.859783411026001
40 5.866363763809204
40 5.870370388031006
40 5.875450849533081
40 5.879537105560303
40 5.884835481643677
40 5.888966083526611
40 5.893266677856445
40 5.898141145706177
40 5.902395486831665
40 5.907537221908569
40 5.912847518920898
40 5.917763948440552
40 5.9220006465911865
40 5.927373170852661
40 5.931549549102783
40 5.936790943145752
40 5.940829515457153
40 5.945692539215088
40 5.949769020080566
40 5.955082178115845
40 5.959200620651245
40 5.965280771255493
40 5.969427108764648
40 5.974472761154175
40 5.978820562362671
40 5.9831438064575195
40 5.988176584243774
40 5.99246621131897
40 5.997774839401245
