0 0.006882667541503906
0 0.015570878982543945
1 0.026918411254882812
4 0.034354448318481445
6 0.045781612396240234
10 0.0542144775390625
11 0.06566071510314941
13 0.07187771797180176
14 0.07636070251464844
16 0.08093857765197754
18 0.08599376678466797
19 0.09029030799865723
20 0.09545493125915527
22 0.0996391773223877
24 0.10487747192382812
26 0.1089024543762207
27 0.1140129566192627
29 0.11926412582397461
30 0.12436223030090332
32 0.12842297554016113
33 0.1335303783416748
34 0.13763046264648438
36 0.14295578002929688
37 0.14810705184936523
38 0.15326809883117676
40 0.157576322555542
40 0.1629185676574707
42 0.1670689582824707
42 0.17325735092163086
43 0.17739629745483398
44 0.18273615837097168
44 0.18689966201782227
44 0.19121742248535156
45 0.1961071491241455
45 0.20068573951721191
45 0.205733060836792
45 0.21007657051086426
46 0.2152867317199707
46 0.2194654941558838
46 0.22552490234375
46 0.2297060489654541
46 0.23502445220947266
46 0.23920869827270508
46 0.244232177734375
46 0.24828648567199707
46 0.2533740997314453
46 0.25748276710510254
46 0.2628614902496338
46 0.26717638969421387
46 0.273266077041626
46 0.2773735523223877
46 0.2824392318725586
46 0.2869722843170166
46 0.29133033752441406
46 0.2961876392364502
46 0.30074286460876465
46 0.30562853813171387
46 0.3097875118255615
46 0.31509947776794434
46 0.3193233013153076
46 0.32552504539489746
46 0.32972240447998047
46 0.33503150939941406
46 0.3392195701599121
46 0.34430503845214844
46 0.3483314514160156
46 0.35758423805236816
46 0.3629319667816162
46 0.36723971366882324
46 0.3719820976257324
46 0.3776283264160156
46 0.3829491138458252
46 0.3873171806335449
46 0.39240455627441406
46 0.39681410789489746
46 0.4011685848236084
46 0.4060697555541992
46 0.41033291816711426
46 0.41567325592041016
46 0.4199378490447998
46 0.42595529556274414
46 0.43025827407836914
46 0.43543338775634766
46 0.43959975242614746
46 0.4450509548187256
46 0.449207067489624
46 0.4542698860168457
46 0.45829272270202637
46 0.46338558197021484
46 0.4675140380859375
46 0.47281503677368164
46 0.4778285026550293
46 0.48308300971984863
46 0.48720884323120117
46 0.49193882942199707
46 0.49642086029052734
46 0.5010278224945068
46 0.5060527324676514
46 0.5103535652160645
46 0.5155725479125977
46 0.5197384357452393
46 0.5249841213226318
46 0.5300431251525879
46 0.5352747440338135
46 0.5394515991210938
46 0.5449032783508301
46 0.5490164756774902
46 0.5540621280670166
46 0.5581991672515869
46 0.5633072853088379
46 0.5676169395446777
46 0.5729122161865234
46 0.5780637264251709
46 0.583181619644165
46 0.58730149269104
46 0.5923535823822021
46 0.5967748165130615
46 0.6010866165161133
46 0.6068379878997803
46 0.6111764907836914
46 0.6160464286804199
46 0.6203618049621582
46 0.6256985664367676
46 0.6310756206512451
46 0.6359710693359375
46 0.6402461528778076
46 0.6454439163208008
46 0.6496427059173584
46 0.6549289226531982
46 0.6590230464935303
46 0.6640012264251709
46 0.668128490447998
46 0.6732666492462158
46 0.6788229942321777
46 0.684051513671875
46 0.6881844997406006
46 0.693279504776001
46 0.6973958015441895
46 0.702725887298584
46 0.7068507671356201
46 0.7111821174621582
46 0.7160496711730957
46 0.7203269004821777
46 0.725494384765625
46 0.7307512760162354
46 0.7356138229370117
46 0.7397575378417969
46 0.7451987266540527
46 0.7494122982025146
46 0.7581536769866943
46 0.76326584815979
46 0.767519474029541
46 0.7728414535522461
46 0.7771592140197754
46 0.7832190990447998
46 0.7874691486358643
46 0.7927372455596924
46 0.7968652248382568
46 0.8011922836303711
46 0.806250810623169
46 0.8108053207397461
46 0.8156781196594238
46 0.8199145793914795
46 0.8251142501831055
46 0.8292872905731201
46 0.8353514671325684
46 0.8395669460296631
46 0.8448357582092285
46 0.8489294052124023
46 0.854036808013916
46 0.8581485748291016
46 0.8632667064666748
46 0.8675415515899658
46 0.872838020324707
46 0.8770308494567871
46 0.8831732273101807
46 0.8873059749603271
46 0.8923578262329102
46 0.8967173099517822
46 0.9010546207427979
46 0.9058928489685059
46 0.9101240634918213
46 0.9153048992156982
46 0.9194936752319336
46 0.9249076843261719
46 0.9290139675140381
46 0.9352681636810303
46 0.9394495487213135
46 0.9446909427642822
46 0.948760986328125
46 0.9536094665527344
46 0.957801103591919
46 0.9630143642425537
46 0.9671447277069092
46 0.9714400768280029
46 0.9763236045837402
46 0.9809081554412842
46 0.9868440628051758
46 0.9911816120147705
46 0.9960856437683105
46 1.000641107559204
46 1.0055487155914307
46 1.0097200870513916
46 1.0149738788604736
46 1.0191199779510498
46 1.0240809917449951
46 1.0282340049743652
46 1.034440040588379
46 1.0386748313903809
46 1.0435459613800049
46 1.0478720664978027
46 1.0531044006347656
46 1.0572185516357422
46 1.0619421005249023
46 1.0668244361877441
46 1.0711569786071777
46 1.076047420501709
46 1.0802860260009766
46 1.0861859321594238
46 1.0907607078552246
46 1.095623254776001
46 1.0997657775878906
46 1.1052110195159912
46 1.1094048023223877
46 1.1144647598266602
46 1.1187257766723633
46 1.1236011981964111
46 1.1276836395263672
46 1.1329941749572754
46 1.1379408836364746
46 1.1431677341461182
46 1.147289752960205
46 1.1519763469696045
46 1.1606628894805908
46 1.165825366973877
46 1.1700935363769531
46 1.1754050254821777
46 1.1795830726623535
46 1.1850073337554932
46 1.190079927444458
46 1.1954410076141357
46 1.1995964050292969
46 1.2048547267913818
46 1.2088892459869385
46 1.2139921188354492
46 1.218076229095459
46 1.223228931427002
46 1.227485179901123
46 1.2327392101287842
46 1.2376806735992432
46 1.2430050373077393
46 1.2471349239349365
46 1.2514867782592773
46 1.2563221454620361
46 1.260906457901001
46 1.2657768726348877
46 1.2700414657592773
46 1.275259256362915
46 1.279428482055664
46 1.2848691940307617
46 1.2897412776947021
46 1.2950222492218018
46 1.2991993427276611
46 1.3042664527893066
46 1.308295726776123
46 1.313366413116455
46 1.3174622058868408
46 1.3227250576019287
46 1.3270506858825684
46 1.3313651084899902
46 1.336244821548462
46 1.3419897556304932
46 1.3468787670135498
46 1.3512094020843506
46 1.3560543060302734
46 1.3603389263153076
46 1.3654968738555908
46 1.3696541786193848
46 1.3749260902404785
46 1.3790717124938965
46 1.384049892425537
46 1.3892652988433838
46 1.3943376541137695
46 1.3983540534973145
46 1.4034130573272705
46 1.4076666831970215
46 1.4129488468170166
46 1.4171152114868164
46 1.4214112758636475
46 1.4262797832489014
46 1.430828332901001
46 1.4357221126556396
46 1.441070795059204
46 1.4459595680236816
46 1.4502363204956055
46 1.4555516242980957
46 1.4597101211547852
46 1.4651153087615967
46 1.4693164825439453
46 1.4743659496307373
46 1.4783735275268555
46 1.483445644378662
46 1.4875836372375488
46 1.493884563446045
46 1.4979248046875
46 1.5031306743621826
46 1.5072698593139648
46 1.5119493007659912
46 1.5164237022399902
46 1.520991325378418
46 1.5260987281799316
46 1.5306477546691895
46 1.535552740097046
46 1.539707899093628
46 1.545757532119751
46 1.550023078918457
46 1.5590696334838867
46 1.564272165298462
46 1.5682954788208008
46 1.57338285446167
46 1.5776479244232178
46 1.5829806327819824
46 1.5873744487762451
46 1.593480110168457
46 1.5976135730743408
46 1.6035358905792236
46 1.607686996459961
46 1.6130049228668213
46 1.6171467304229736
46 1.6214592456817627
46 1.6262803077697754
46 1.630829095840454
46 1.63576078414917
46 1.6400208473205566
46 1.6460950374603271
46 1.6506457328796387
46 1.6555676460266113
46 1.6597516536712646
46 1.6650137901306152
46 1.6691789627075195
46 1.6742134094238281
46 1.678236722946167
46 1.683337688446045
46 1.6874256134033203
46 1.6927199363708496
46 1.6976566314697266
46 1.7029829025268555
46 1.7072646617889404
46 1.7119686603546143
46 1.7168951034545898
46 1.7212166786193848
46 1.7260596752166748
46 1.7303223609924316
46 1.735473394393921
46 1.7396471500396729
46 1.7456862926483154
46 1.7499895095825195
46 1.7551805973052979
46 1.759364128112793
46 1.7647593021392822
46 1.7687702178955078
46 1.7736320495605469
46 1.777801752090454
46 1.783036470413208
46 1.787132740020752
46 1.791428565979004
46 1.7973346710205078
46 1.802459478378296
46 1.8068029880523682
46 1.8111391067504883
46 1.8160350322723389
46 1.8203120231628418
46 1.82564115524292
46 1.8298935890197754
46 1.840832233428955
46 1.8458783626556396
46 1.851250410079956
46 1.856144666671753
46 1.8606972694396973
46 1.8655710220336914
46 1.86972975730896
46 1.8750207424163818
46 1.879197359085083
46 1.8844189643859863
46 1.8884453773498535
46 1.8935463428497314
46 1.89890456199646
46 1.9039885997772217
46 1.9080924987792969
46 1.9132373332977295
46 1.9173469543457031
46 1.9224562644958496
46 1.9268014430999756
46 1.9311261177062988
46 1.9360156059265137
46 1.9402997493743896
46 1.9456191062927246
46 1.9508676528930664
46 1.9557628631591797
46 1.9647791385650635
46 1.9688572883605957
46 1.9743037223815918
46 1.9783306121826172
46 1.9834246635437012
46 1.9876618385314941
46 1.9929835796356201
46 1.997117519378662
46 2.003122329711914
46 2.0073745250701904
46 2.012723445892334
46 2.0169010162353516
46 2.021244764328003
46 2.0261752605438232
46 2.030731201171875
46 2.03581166267395
46 2.0400760173797607
46 2.0452983379364014
46 2.0503509044647217
46 2.0555408000946045
46 2.0597169399261475
46 2.065101146697998
46 2.069282054901123
46 2.0743391513824463
46 2.0783519744873047
46 2.083448886871338
46 2.087562322616577
46 2.0928452014923096
46 2.097053289413452
46 2.103189468383789
46 2.1074492931365967
46 2.1127145290374756
46 2.116851329803467
46 2.1211612224578857
46 2.1262142658233643
46 2.1308016777038574
46 2.1356723308563232
46 2.1399166584014893
46 2.1451141834259033
46 2.1492860317230225
46 2.1553497314453125
46 2.159513235092163
46 2.1647603511810303
46 2.1687731742858887
46 2.1736228466033936
46 2.1778178215026855
46 2.183030605316162
46 2.1872975826263428
46 2.192363977432251
46 2.196723699569702
46 2.2010657787323
46 2.2068793773651123
46 2.21124267578125
46 2.216132164001465
46 2.2206976413726807
46 2.225543975830078
46 2.2296879291534424
46 2.235100507736206
46 2.239274024963379
46 2.244673490524292
46 2.2487077713012695
46 2.254897117614746
46 2.259023427963257
46 2.2640035152435303
46 2.268125295639038
46 2.273226022720337
46 2.2773265838623047
46 2.282390832901001
46 2.286738157272339
46 2.2910666465759277
46 2.295973777770996
46 2.3002583980560303
46 2.3062431812286377
46 2.3107943534851074
46 2.3156847953796387
46 2.3199198246002197
46 2.3251326084136963
46 2.329284429550171
46 2.3342883586883545
46 2.3383004665374756
46 2.343370199203491
46 2.3474574089050293
46 2.352773904800415
46 2.3613786697387695
46 2.3667399883270264
46 2.3710615634918213
46 2.376087188720703
46 2.380359649658203
46 2.3856425285339355
46 2.3897883892059326
46 2.395068883895874
46 2.399193525314331
46 2.4042468070983887
46 2.4094884395599365
46 2.4147369861602783
46 2.4187729358673096
46 2.4236059188842773
46 2.427948236465454
46 2.4331753253936768
46 2.4373011589050293
46 2.441983699798584
46 2.446446418762207
46 2.451042890548706
46 2.456941604614258
46 2.4613146781921387
46 2.4661507606506348
46 2.4706943035125732
46 2.4755735397338867
46 2.4797134399414062
46 2.4851205348968506
46 2.4893336296081543
46 2.4947478771209717
46 2.498746633529663
46 2.503598213195801
46 2.5088517665863037
46 2.5139474868774414
46 2.517930269241333
46 2.5231549739837646
46 2.52728533744812
46 2.5319511890411377
46 2.536440134048462
46 2.5409979820251465
46 2.546053647994995
46 2.5503196716308594
46 2.5555455684661865
46 2.560915946960449
46 2.565782070159912
46 2.5700607299804688
46 2.575263023376465
46 2.5794222354888916
46 2.5844430923461914
46 2.5886740684509277
46 2.5935466289520264
46 2.597663640975952
46 2.603627920150757
46 2.6091842651367188
46 2.6142404079437256
46 2.6182706356048584
46 2.623364210128784
46 2.627664089202881
46 2.6329538822174072
46 2.6371054649353027
46 2.6414272785186768
46 2.646282434463501
46 2.650805711746216
46 2.6556789875030518
46 2.661259651184082
46 2.6668171882629395
46 2.671170234680176
46 2.6760940551757812
46 2.680696964263916
46 2.6855833530426025
46 2.6897518634796143
46 2.695028066635132
46 2.699173927307129
46 2.7041139602661133
46 2.708251714706421
46 2.7144296169281006
46 2.718461751937866
46 2.7235403060913086
46 2.727902412414551
46 2.7331314086914062
46 2.7372612953186035
46 2.741938829421997
46 2.7464020252227783
46 2.7509541511535645
46 2.7559902667999268
46 2.7656090259552
46 2.769752025604248
46 2.775160074234009
46 2.7793211936950684
46 2.7848563194274902
46 2.7888855934143066
46 2.793971538543701
46 2.7979514598846436
46 2.803147077560425
46 2.8072752952575684
46 2.813354969024658
46 2.8174901008605957
46 2.822758674621582
46 2.826892375946045
46 2.831231117248535
46 2.8361005783081055
46 2.8406946659088135
46 2.845717191696167
46 2.8499982357025146
46 2.855203866958618
46 2.8593924045562744
46 2.865361213684082
46 2.869558095932007
46 2.8748042583465576
46 2.8788564205169678
46 2.8840672969818115
46 2.888190507888794
46 2.893265724182129
46 2.8973782062530518
46 2.902669668197632
46 2.9069886207580566
46 2.911309242248535
46 2.9172451496124268
46 2.9219343662261963
46 2.9263968467712402
46 2.930935859680176
46 2.935807704925537
46 2.940084457397461
46 2.94523549079895
46 2.9494123458862305
46 2.9546749591827393
46 2.9586846828460693
46 2.9635725021362305
46 2.9691824913024902
46 2.9742252826690674
46 2.978283405303955
46 2.9833641052246094
46 2.9874558448791504
46 2.9927144050598145
46 3.0009658336639404
46 3.0058462619781494
46 3.0101170539855957
46 3.0154154300689697
46 3.0207958221435547
46 3.025836229324341
46 3.0301098823547363
46 3.035320997238159
46 3.039515972137451
46 3.0447611808776855
46 3.0487618446350098
46 3.053600788116455
46 3.0577878952026367
46 3.063021659851074
46 3.0681591033935547
46 3.0732603073120117
46 3.07736873626709
46 3.0827198028564453
46 3.0870561599731445
46 3.091362237930298
46 3.0962331295013428
46 3.1007742881774902
46 3.105638265609741
46 3.1097700595855713
46 3.115065574645996
46 3.120133399963379
46 3.1252944469451904
46 3.129458427429199
46 3.1346983909606934
46 3.138735294342041
46 3.1436102390289307
46 3.1480813026428223
46 3.153237819671631
46 3.1573486328125
46 3.1659789085388184
46 3.1712992191314697
46 3.1763055324554443
46 3.180856466293335
46 3.185878038406372
46 3.1901285648345947
46 3.1953468322753906
46 3.1995303630828857
46 3.204942464828491
46 3.2090981006622314
46 3.2140698432922363
46 3.218188762664795
46 3.224285125732422
46 3.2283058166503906
46 3.233374834060669
46 3.237455368041992
46 3.2427210807800293
46 3.246851921081543
46 3.251194477081299
46 3.2560434341430664
46 3.2603065967559814
46 3.2656283378601074
46 3.2709720134735107
46 3.2760257720947266
46 3.2803120613098145
46 3.28544545173645
46 3.289597988128662
46 3.2948803901672363
46 3.2988996505737305
46 3.303992509841919
46 3.3081247806549072
46 3.3132405281066895
46 3.317333221435547
46 3.323432207107544
46 3.3276729583740234
46 3.3330750465393066
46 3.3372013568878174
46 3.3419084548950195
46 3.346390724182129
46 3.35092830657959
46 3.355806350708008
46 3.3600733280181885
46 3.3652732372283936
46 3.369439125061035
46 3.3754727840423584
46 3.3796300888061523
46 3.385035991668701
46 3.3892197608947754
46 3.394233226776123
46 3.3982491493225098
46 3.403395652770996
46 3.407656192779541
46 3.4129433631896973
46 3.417130947113037
46 3.421433448791504
46 3.4272232055664062
46 3.4319067001342773
46 3.4363906383514404
46 3.440927743911743
46 3.4459640979766846
46 3.450253486633301
46 3.455383539199829
46 3.459542989730835
46 3.464785575866699
46 3.4688239097595215
46 3.475036144256592
46 3.4792041778564453
46 3.4842371940612793
46 3.4882469177246094
46 3.4933557510375977
46 3.4974424839019775
46 3.5027236938476562
46 3.5070395469665527
46 3.51137113571167
46 3.5162553787231445
46 3.5207910537719727
46 3.5263564586639404
46 3.530935287475586
46 3.5359597206115723
46 3.5402400493621826
46 3.5454437732696533
46 3.549589157104492
46 3.5548818111419678
46 3.5588886737823486
46 3.567537307739258
46 3.572850227355957
46 3.577915668487549
46 3.583150625228882
46 3.5873935222625732
46 3.592700719833374
46 3.5969958305358887
46 3.6013171672821045
46 3.607058048248291
46 3.6113929748535156
46 3.616274356842041
46 3.6208295822143555
46 3.626960515975952
46 3.6313135623931885
46 3.6362836360931396
46 3.6408143043518066
46 3.645704746246338
46 3.6499674320220947
46 3.6551644802093506
46 3.6593403816223145
46 3.6648104190826416
46 3.6749656200408936
46 3.6800012588500977
46 3.6853158473968506
46 3.6895132064819336
46 3.6947708129882812
46 3.698817491531372
46 3.703871488571167
46 3.7078845500946045
46 3.7131247520446777
46 3.7172882556915283
46 3.7223634719848633
46 3.726715326309204
46 3.732841968536377
46 3.736976146697998
46 3.74129581451416
46 3.746324062347412
46 3.750903844833374
46 3.755798578262329
46 3.760063648223877
46 3.7652320861816406
46 3.7693965435028076
46 3.774740219116211
46 3.779625415802002
46 3.7848849296569824
46 3.7889020442962646
46 3.7942211627960205
46 3.7982726097106934
46 3.8033719062805176
46 3.807643175125122
46 3.812948703765869
46 3.8170969486236572
46 3.8214027881622314
46 3.8262810707092285
46 3.8323917388916016
46 3.8367481231689453
46 3.8410837650299072
46 3.8459813594818115
46 3.85026216506958
46 3.8554201126098633
46 3.8595991134643555
46 3.8650472164154053
46 3.8692221641540527
46 3.8747036457061768
46 3.878760814666748
46 3.8850090503692627
46 3.889188289642334
46 3.894247055053711
46 3.8982884883880615
46 3.9033823013305664
46 3.9074642658233643
46 3.912766933441162
46 3.91690731048584
46 3.921231269836426
46 3.926279306411743
46 3.931966781616211
46 3.9364354610443115
46 3.941023588180542
46 3.9458956718444824
46 3.9501545429229736
46 3.9553327560424805
46 3.959510087966919
46 3.967794179916382
46 3.9729912281036377
46 3.9772918224334717
46 3.9833285808563232
46 3.9876859188079834
46 3.9930248260498047
46 3.9972970485687256
46 4.001968145370483
46 4.006418704986572
46 4.010942220687866
46 4.0158092975616455
46 4.020108461380005
46 4.025335311889648
46 4.029519557952881
46 4.0355000495910645
46 4.03967022895813
46 4.045137882232666
46 4.0493552684783936
46 4.054762125015259
46 4.058775186538696
46 4.063608646392822
46 4.067692041397095
46 4.072991132736206
46 4.077141523361206
46 4.081440210342407
46 4.08736252784729
46 4.09271240234375
46 4.096851110458374
46 4.1011974811553955
46 4.1062469482421875
46 4.110792636871338
46 4.117254972457886
46 4.125321865081787
46 4.129539728164673
46 4.135507106781006
46 4.13970947265625
46 4.144953489303589
46 4.149096488952637
46 4.154069900512695
46 4.158175230026245
46 4.16326117515564
46 4.167520999908447
46 4.172810316085815
46 4.176952362060547
46 4.181267023086548
46 4.18737268447876
46 4.192672967910767
46 4.196831941604614
46 4.201170921325684
46 4.206043720245361
46 4.210313558578491
46 4.215467929840088
46 4.219642877578735
46 4.225038051605225
46 4.22919774055481
46 4.234243631362915
46 4.2395124435424805
46 4.244784832000732
46 4.248814582824707
46 4.253661632537842
46 4.257855415344238
46 4.2630774974823
46 4.267226696014404
46 4.271924734115601
46 4.276414394378662
46 4.2809576988220215
46 4.286021947860718
46 4.291384696960449
46 4.2962915897369385
46 4.300832271575928
46 4.30570387840271
46 4.309971332550049
46 4.315296411514282
46 4.319493770599365
46 4.324716806411743
46 4.328736305236816
46 4.333600997924805
46 4.339016914367676
46 4.344253301620483
46 4.348280906677246
46 4.3533666133880615
46 4.357459545135498
46 4.366203546524048
46 4.370797634124756
46 4.375912666320801
46 4.380174875259399
46 4.385470151901245
46 4.390726089477539
46 4.395787000656128
46 4.400048732757568
46 4.405412673950195
46 4.409572124481201
46 4.41484260559082
46 4.4188714027404785
46 4.4239397048950195
46 4.4279327392578125
46 4.4331700801849365
46 4.437305212020874
46 4.443320274353027
46 4.447609186172485
46 4.452933073043823
46 4.4570934772491455
46 4.461410760879517
46 4.46643853187561
46 4.4710164070129395
46 4.475878000259399
46 4.480132579803467
46 4.485316038131714
46 4.4903693199157715
46 4.495558261871338
46 4.49970817565918
46 4.504961252212524
46 4.509132385253906
46 4.51424503326416
46 4.518269300460815
46 4.523365020751953
46 4.527628660202026
46 4.53294038772583
46 4.537096738815308
46 4.5432305335998535
46 4.5473408699035645
46 4.5523927211761475
46 4.5567567348480225
46 4.561086654663086
46 4.565937280654907
46 4.570228099822998
46 4.575543403625488
46 4.579697847366333
46 4.585098743438721
46 4.589263439178467
46 4.595303058624268
46 4.599492788314819
46 4.605374574661255
46 4.609543085098267
46 4.61481237411499
46 4.618836402893066
46 4.62392783164978
46 4.627930641174316
46 4.6331517696380615
46 4.637287139892578
46 4.643208265304565
46 4.647512435913086
46 4.652839183807373
46 4.657007455825806
46 4.661319255828857
46 4.666162967681885
46 4.670701265335083
46 4.675613164901733
46 4.679785251617432
46 4.685060501098633
46 4.689206600189209
46 4.695244550704956
46 4.699404239654541
46 4.7048468589782715
46 4.708883047103882
46 4.713946580886841
46 4.717953205108643
46 4.723130941390991
46 4.7272584438323975
46 4.731983661651611
46 4.736723899841309
46 4.741067171096802
46 4.746920585632324
46 4.751226425170898
46 4.756124973297119
46 4.760717868804932
46 4.769647121429443
46 4.775042533874512
46 4.779178857803345
46 4.784383535385132
46 4.788390874862671
46 4.793465614318848
46 4.7988526821136475
46 4.803953170776367
46 4.807928800582886
46 4.813148736953735
46 4.8172924518585205
46 4.821969747543335
46 4.826856851577759
46 4.831172466278076
46 4.836210250854492
46 4.840765953063965
46 4.846430778503418
46 4.851028919219971
46 4.855924367904663
46 4.860201835632324
46 4.865325927734375
46 4.86952543258667
46 4.874793767929077
46 4.878824949264526
46 4.8840272426605225
46 4.888171434402466
46 4.893261432647705
46 4.8984458446502686
46 4.903558969497681
46 4.907648801803589
46 4.912931203842163
46 4.917073488235474
46 4.921395778656006
46 4.926278591156006
46 4.930801153182983
46 4.9356842041015625
46 4.939905643463135
46 4.9452619552612305
46 4.950271368026733
46 4.955465316772461
46 4.959618806838989
46 4.965036153793335
46 4.969208240509033
46 4.974242925643921
46 4.978275775909424
46 4.983380317687988
46 4.987483024597168
46 4.99273681640625
46 4.99832010269165
46 5.0034339427948
46 5.007686138153076
46 5.012965440750122
46 5.017121315002441
46 5.021404981613159
46 5.026293992996216
46 5.0333476066589355
46 5.037654399871826
46 5.042957782745361
46 5.047234773635864
46 5.053274631500244
46 5.058455944061279
46 5.063556909561157
46 5.068055868148804
46 5.07317328453064
46 5.077419996261597
46 5.082697868347168
46 5.086982488632202
46 5.091327667236328
46 5.096351623535156
46 5.102665424346924
46 5.106793403625488
46 5.111103296279907
46 5.115979433059692
46 5.1202661991119385
46 5.125641822814941
46 5.129792928695679
46 5.135081052780151
46 5.13923716545105
46 5.14426326751709
46 5.148267984390259
46 5.154453754425049
46 5.158454895019531
46 5.163551330566406
46 5.173156023025513
46 5.1774303913116455
46 5.182711124420166
46 5.187104225158691
46 5.191413402557373
46 5.196437120437622
46 5.20268177986145
46 5.206831455230713
46 5.211141586303711
46 5.215996026992798
46 5.220269203186035
46 5.225618124008179
46 5.2297523021698
46 5.23503303527832
46 5.239190101623535
46 5.244371652603149
46 5.248403549194336
46 5.254819631576538
46 5.2588653564453125
46 5.263962030410767
46 5.26793909072876
46 5.273151397705078
46 5.2772626876831055
46 5.281958341598511
46 5.286435842514038
46 5.291010856628418
46 5.295878171920776
46 5.300158739089966
46 5.306138277053833
46 5.310675621032715
46 5.315541982650757
46 5.3196961879730225
46 5.324955701828003
46 5.329093933105469
46 5.334059476852417
46 5.338160514831543
46 5.343339443206787
46 5.347426414489746
46 5.352706432342529
46 5.357878684997559
46 5.363134860992432
46 5.36741828918457
46 5.372710466384888
46 5.376846551895142
46 5.381173372268677
46 5.386066675186157
46 5.3903796672821045
46 5.395553112030029
46 5.399717569351196
46 5.405691862106323
46 5.409952878952026
46 5.4151904582977295
46 5.419398307800293
46 5.424861431121826
46 5.428889036178589
46 5.433963060379028
46 5.437952280044556
46 5.4431891441345215
46 5.4473137855529785
46 5.452357292175293
46 5.457519054412842
46 5.462824106216431
46 5.466959476470947
46 5.471318244934082
46 5.4761643409729
46 5.480710983276367
46 5.485765695571899
46 5.490032911300659
46 5.495206594467163
46 5.499413251876831
46 5.504441976547241
46 5.509681701660156
46 5.51494574546814
46 5.519076108932495
46 5.5240678787231445
46 5.528195381164551
46 5.5332629680633545
46 5.537371635437012
46 5.547913312911987
46 5.553185701370239
46 5.55816650390625
46 5.563267707824707
46 5.571282625198364
46 5.57629656791687
46 5.580902576446533
46 5.5859293937683105
46 5.590191125869751
46 5.595484733581543
46 5.599661350250244
46 5.605705499649048
46 5.611147403717041
46 5.6161839962005615
46 5.620740652084351
46 5.625606060028076
46 5.6297502517700195
46 5.635086297988892
46 5.639230728149414
46 5.644252777099609
46 5.648265600204468
46 5.653353691101074
46 5.6574623584747314
46 5.663548469543457
46 5.667909145355225
46 5.673126220703125
46 5.677292823791504
46 5.681971549987793
46 5.686445236206055
46 5.691033363342285
46 5.695920944213867
46 5.700193405151367
46 5.7053492069244385
46 5.710697412490845
46 5.715603590011597
46 5.719906568527222
46 5.725306272506714
46 5.7294416427612305
46 5.734675407409668
46 5.738689184188843
46 5.743533372879028
46 5.747919082641602
46 5.753124237060547
46 5.757250785827637
46 5.76336407661438
46 5.767459154129028
46 5.772757530212402
46 5.776928424835205
46 5.781251430511475
46 5.786276578903198
46 5.790797472000122
46 5.7956836223602295
46 5.799911022186279
46 5.805136203765869
46 5.809326648712158
46 5.8153345584869385
46 5.819521188735962
46 5.824775218963623
46 5.828818082809448
46 5.833881139755249
46 5.837888717651367
46 5.843132019042969
46 5.847440481185913
46 5.852705478668213
46 5.856875896453857
46 5.862879276275635
46 5.867064476013184
46 5.871363401412964
46 5.876423597335815
46 5.880946397781372
46 5.885826349258423
46 5.8900840282440186
46 5.895277738571167
46 5.899451494216919
46 5.904880046844482
46 5.9088966846466064
46 5.915076971054077
46 5.919256925582886
46 5.924294710159302
46 5.928298473358154
46 5.933362245559692
46 5.937455654144287
46 5.942737817764282
46 5.946846008300781
46 5.951162576675415
46 5.956033706665039
46 5.960304021835327
46 5.96635627746582
46 5.975636959075928
46 5.97989559173584
46 5.985264778137207
46 5.989426612854004
46 5.994839668273926
46 5.99886679649353
