0 0.0009493827819824219
0 0.01294708251953125
2 0.025308847427368164
4 0.035455942153930664
6 0.04432868957519531
9 0.05287623405456543
12 0.0639333724975586
13 0.0715181827545166
15 0.0758657455444336
16 0.08077692985534668
19 0.08532357215881348
20 0.09023356437683105
21 0.09453082084655762
23 0.09972858428955078
24 0.10393118858337402
26 0.10928750038146973
28 0.11332154273986816
29 0.11953997611999512
30 0.12377572059631348
32 0.1288301944732666
32 0.13286161422729492
33 0.13792824745178223
34 0.14203739166259766
35 0.14739322662353516
37 0.1517486572265625
37 0.16139006614685059
38 0.16574645042419434
38 0.17177319526672363
38 0.17648887634277344
39 0.18146181106567383
38 0.18580174446105957
38 0.19069647789001465
38 0.19526195526123047
38 0.20020151138305664
38 0.20445895195007324
38 0.2097156047821045
38 0.21396088600158691
38 0.2192366123199463
38 0.22425365447998047
38 0.22959065437316895
38 0.2337782382965088
38 0.23899126052856445
38 0.24323606491088867
38 0.24812674522399902
38 0.25222253799438477
38 0.25756192207336426
38 0.2616994380950928
38 0.2664194107055664
38 0.2719759941101074
38 0.277296781539917
38 0.281649112701416
38 0.2859795093536377
38 0.29084229469299316
38 0.29541778564453125
38 0.30046939849853516
38 0.3047792911529541
38 0.30997729301452637
38 0.3141481876373291
38 0.3194081783294678
38 0.32443714141845703
38 0.32970213890075684
38 0.33388423919677734
38 0.3389582633972168
38 0.34297823905944824
38 0.3480842113494873
38 0.35219240188598633
38 0.35750675201416016
38 0.361830472946167
38 0.36689233779907227
38 0.3712916374206543
38 0.37744855880737305
38 0.38161444664001465
38 0.3859586715698242
38 0.39084362983703613
38 0.3954732418060303
38 0.4003427028656006
38 0.40462160110473633
38 0.40996646881103516
38 0.41413068771362305
38 0.41959428787231445
38 0.42462682723999023
38 0.42983484268188477
38 0.4339883327484131
38 0.4392516613006592
38 0.4432799816131592
38 0.44817566871643066
38 0.4523913860321045
38 0.4576435089111328
38 0.4617650508880615
38 0.4665093421936035
38 0.4709649085998535
38 0.47733473777770996
38 0.4816577434539795
38 0.4859793186187744
38 0.4908432960510254
38 0.49539732933044434
38 0.5003032684326172
38 0.5046017169952393
38 0.509798526763916
38 0.5139648914337158
38 0.5192015171051025
38 0.5232443809509277
38 0.5294733047485352
38 0.5336403846740723
38 0.538931131362915
38 0.5429565906524658
38 0.5480730533599854
38 0.5522122383117676
38 0.5609724521636963
38 0.5655357837677002
38 0.570561408996582
38 0.575803279876709
38 0.5817177295684814
38 0.5864660739898682
38 0.5909500122070312
38 0.595545768737793
38 0.6006028652191162
38 0.6048815250396729
38 0.6100842952728271
38 0.6142783164978027
38 0.6195578575134277
38 0.623725175857544
38 0.6297862529754639
38 0.6339664459228516
38 0.639258861541748
38 0.6433086395263672
38 0.6481502056121826
38 0.6523592472076416
38 0.6575696468353271
38 0.6618556976318359
38 0.6669278144836426
38 0.6714484691619873
38 0.675778865814209
38 0.6815962791442871
38 0.6859166622161865
38 0.6908159255981445
38 0.6953921318054199
38 0.7002923488616943
38 0.7045857906341553
38 0.7097806930541992
38 0.7139506340026855
38 0.7193965911865234
38 0.7235631942749023
38 0.7296764850616455
38 0.7338862419128418
38 0.7389199733734131
38 0.7429578304290771
38 0.7480731010437012
38 0.7522068023681641
38 0.7575690746307373
38 0.7617213726043701
38 0.766425609588623
38 0.770942211151123
38 0.775554895401001
38 0.781625509262085
38 0.7859468460083008
38 0.7908143997192383
38 0.7953658103942871
38 0.8004288673400879
38 0.8047456741333008
38 0.8098833560943604
38 0.8140802383422852
38 0.8193469047546387
38 0.8234560489654541
38 0.828533411026001
38 0.8338940143585205
38 0.8392972946166992
38 0.8433542251586914
38 0.8484625816345215
38 0.852470874786377
38 0.8576889038085938
38 0.8618590831756592
38 0.8669123649597168
38 0.8712573051452637
38 0.8756289482116699
38 0.8815855979919434
38 0.8859305381774902
38 0.8908193111419678
38 0.8953733444213867
38 0.9003992080688477
38 0.9046688079833984
38 0.9098563194274902
38 0.9140200614929199
38 0.9192860126495361
38 0.9233200550079346
38 0.9281883239746094
38 0.9339084625244141
38 0.9389269351959229
38 0.9429819583892822
38 0.948068380355835
38 0.9521722793579102
38 0.9608337879180908
38 0.965421199798584
38 0.9704692363739014
38 0.9769105911254883
38 0.981456995010376
38 0.9875729084014893
38 0.9918806552886963
38 0.9972858428955078
38 1.0024187564849854
38 1.0076358318328857
38 1.0118987560272217
38 1.0172076225280762
38 1.0216259956359863
38 1.0259485244750977
38 1.030968427658081
38 1.0372579097747803
38 1.0414106845855713
38 1.0457327365875244
38 1.050607681274414
38 1.0549125671386719
38 1.0602169036865234
38 1.0644481182098389
38 1.0696496963500977
38 1.0738263130187988
38 1.079298496246338
38 1.0841200351715088
38 1.089411735534668
38 1.0934312343597412
38 1.09852933883667
38 1.1026191711425781
38 1.1077682971954346
38 1.1119263172149658
38 1.1172504425048828
38 1.121394157409668
38 1.1257100105285645
38 1.130580186843872
38 1.1359343528747559
38 1.140977144241333
38 1.1455419063568115
38 1.150937795639038
38 1.1554679870605469
38 1.160332441329956
38 1.1646325588226318
38 1.1698365211486816
38 1.1739907264709473
38 1.179245948791504
38 1.1832609176635742
38 1.1896979808807373
38 1.1939094066619873
38 1.1993374824523926
38 1.2033638954162598
38 1.208493709564209
38 1.212599754333496
38 1.2177152633666992
38 1.2218425273895264
38 1.2268860340118408
38 1.231250286102295
38 1.237314224243164
38 1.2414710521697998
38 1.2458181381225586
38 1.2506706714630127
38 1.2552156448364258
38 1.2602529525756836
38 1.2645282745361328
38 1.2697529792785645
38 1.273942232131958
38 1.2789785861968994
38 1.2832057476043701
38 1.2893147468566895
38 1.2933425903320312
38 1.298180103302002
38 1.302379846572876
38 1.3076133728027344
38 1.3117523193359375
38 1.3164591789245605
38 1.321378469467163
38 1.325721263885498
38 1.3305797576904297
38 1.334850788116455
38 1.3408102989196777
38 1.3453645706176758
38 1.3502814769744873
38 1.3545811176300049
38 1.36336350440979
38 1.3685591220855713
38 1.372697114944458
38 1.377800464630127
38 1.3821628093719482
38 1.387474775314331
38 1.3926033973693848
38 1.3977313041687012
38 1.4018528461456299
38 1.406928300857544
38 1.411266565322876
38 1.4155998229980469
38 1.4204981327056885
38 1.4247949123382568
38 1.4299633502960205
38 1.4341285228729248
38 1.4402034282684326
38 1.444481611251831
38 1.4498376846313477
38 1.4540083408355713
38 1.459272861480713
38 1.463289499282837
38 1.468135118484497
38 1.472217321395874
38 1.4775359630584717
38 1.48166823387146
38 1.4859566688537598
38 1.4918913841247559
38 1.497234582901001
38 1.5015275478363037
38 1.5058262348175049
38 1.5106837749481201
38 1.515286922454834
38 1.5201494693756104
38 1.524308204650879
38 1.529576301574707
38 1.533808946609497
38 1.5388352870941162
38 1.5441036224365234
38 1.5493874549865723
38 1.5534281730651855
38 1.5587248802185059
38 1.5627894401550293
38 1.5679137706756592
38 1.572011947631836
38 1.5778796672821045
38 1.5821762084960938
38 1.5875232219696045
38 1.5924572944641113
38 1.5977251529693604
38 1.601848840713501
38 1.606893539428711
38 1.6112518310546875
38 1.6155879497528076
38 1.6206309795379639
38 1.6252083778381348
38 1.6301274299621582
38 1.634267807006836
38 1.6395018100738525
38 1.6445355415344238
38 1.6497571468353271
38 1.653975009918213
38 1.6592226028442383
38 1.6632449626922607
38 1.6681139469146729
38 1.6722168922424316
38 1.6775641441345215
38 1.6818413734436035
38 1.6868994235992432
38 1.6912705898284912
38 1.6972949504852295
38 1.701456069946289
38 1.7057700157165527
38 1.7108478546142578
38 1.7154264450073242
38 1.7203030586242676
38 1.7245643138885498
38 1.729755163192749
38 1.7339375019073486
38 1.7393758296966553
38 1.7442877292633057
38 1.7496743202209473
38 1.7538793087005615
38 1.762359619140625
38 1.7676222324371338
38 1.7718541622161865
38 1.7768886089324951
38 1.7814178466796875
38 1.7857489585876465
38 1.7908077239990234
38 1.7969183921813965
38 1.8014459609985352
38 1.8057427406311035
38 1.810603141784668
38 1.8148610591888428
38 1.8200583457946777
38 1.8242273330688477
38 1.8294878005981445
38 1.8336684703826904
38 1.8548693656921387
38 1.8602244853973389
38 1.8644874095916748
38 1.8697311878204346
38 1.8739352226257324
38 1.8789751529693604
38 1.883239507675171
38 1.8880927562713623
38 1.8923285007476807
38 1.8984975814819336
38 1.9026234149932861
38 1.9077444076538086
38 1.911860466003418
38 1.9168901443481445
38 1.9214301109313965
38 1.925783395767212
38 1.9306640625
38 1.9352412223815918
38 1.940110206604004
38 1.944261074066162
38 1.9503014087677002
38 1.9546010494232178
38 1.9597787857055664
38 1.963974952697754
38 1.969409465789795
38 1.9734253883361816
38 1.9787628650665283
38 1.9828274250030518
38 1.9879024028778076
38 1.99202561378479
38 1.9973087310791016
38 2.0022125244140625
38 2.0075769424438477
38 2.0116963386535645
38 2.0160040855407715
38 2.020850658416748
38 2.025449514389038
38 2.030327320098877
38 2.0345633029937744
38 2.0399296283721924
38 2.044102668762207
38 2.0500662326812744
38 2.054273843765259
38 2.059512138366699
38 2.0636847019195557
38 2.0686450004577637
38 2.072746992111206
38 2.0778744220733643
38 2.081960678100586
38 2.0872304439544678
38 2.0914199352264404
38 2.0957448482513428
38 2.1018803119659424
38 2.1072540283203125
38 2.1113712787628174
38 2.115710496902466
38 2.120600461959839
38 2.1248550415039062
38 2.1302037239074707
38 2.134479284286499
38 2.1397154331207275
38 2.1439015865325928
38 2.1489579677581787
38 2.154195547103882
38 2.1634111404418945
38 2.168642044067383
38 2.1727826595306396
38 2.177898406982422
38 2.182161331176758
38 2.187469005584717
38 2.1917645931243896
38 2.196467161178589
38 2.200944423675537
38 2.2072789669036865
38 2.2114341259002686
38 2.215763807296753
38 2.220818042755127
38 2.225381374359131
38 2.2304179668426514
38 2.234694242477417
38 2.2398433685302734
38 2.2440173625946045
38 2.249256134033203
38 2.2542192935943604
38 2.259507417678833
38 2.2636866569519043
38 2.268644094467163
38 2.272756338119507
38 2.277862071990967
38 2.2821879386901855
38 2.287505626678467
38 2.2916359901428223
38 2.295938730239868
38 2.300811767578125
38 2.3069138526916504
38 2.3113391399383545
38 2.315685987472534
38 2.3205654621124268
38 2.324831247329712
38 2.329979419708252
38 2.334134340286255
38 2.339599132537842
38 2.3437576293945312
38 2.3487768173217773
38 2.3528029918670654
38 2.3594653606414795
38 2.3636419773101807
38 2.368628978729248
38 2.3727493286132812
38 2.3778276443481445
38 2.3819539546966553
38 2.3872509002685547
38 2.3914129734039307
38 2.3957605361938477
38 2.4007859230041504
38 2.4065093994140625
38 2.410989761352539
38 2.415557622909546
38 2.4204800128936768
38 2.4247589111328125
38 2.429903984069824
38 2.434061050415039
38 2.4393117427825928
38 2.4433484077453613
38 2.448424816131592
38 2.4524261951446533
38 2.458855390548706
38 2.4628753662109375
38 2.4679837226867676
38 2.4721035957336426
38 2.477470874786377
38 2.4816126823425293
38 2.4859118461608887
38 2.490945339202881
38 2.495480537414551
38 2.5003461837768555
38 2.50465726852417
38 2.5105013847351074
38 2.5147857666015625
38 2.520136594772339
38 2.5242841243743896
38 2.529576063156128
38 2.533735990524292
38 2.5387637615203857
38 2.5428130626678467
38 2.5478954315185547
38 2.5519957542419434
38 2.5572755336761475
38 2.566021203994751
38 2.5712857246398926
38 2.575620651245117
38 2.5816259384155273
38 2.585949420928955
38 2.590935230255127
38 2.5954794883728027
38 2.600348949432373
38 2.604609727859497
38 2.6104891300201416
38 2.6147780418395996
38 2.6200969219207764
38 2.624253749847412
38 2.6294796466827393
38 2.633626937866211
38 2.6388795375823975
38 2.642902374267578
38 2.6479787826538086
38 2.652094841003418
38 2.65741229057312
38 2.662358522415161
38 2.667576789855957
38 2.6717031002044678
38 2.676406145095825
38 2.6808784008026123
38 2.685447931289673
38 2.690331220626831
38 2.6946358680725098
38 2.699965238571167
38 2.704115629196167
38 2.7093701362609863
38 2.7144429683685303
38 2.719644784927368
38 2.723839044570923
38 2.7288639545440674
38 2.7328808307647705
38 2.737936496734619
38 2.742013931274414
38 2.747267961502075
38 2.7516276836395264
38 2.7559335231781006
38 2.7619853019714355
38 2.7672805786132812
38 2.7714271545410156
38 2.775747776031494
38 2.780635356903076
38 2.7851884365081787
38 2.79007887840271
38 2.7942380905151367
38 2.799501895904541
38 2.8036720752716064
38 2.8086321353912354
38 2.8137826919555664
38 2.818981885910034
38 2.823246717453003
38 2.8281090259552
38 2.832190990447998
38 2.837496757507324
38 2.841622829437256
38 2.845942974090576
38 2.8508334159851074
38 2.855391025543213
38 2.8602843284606934
38 2.8657145500183105
38 2.8705761432647705
38 2.8748505115509033
38 2.880192518234253
38 2.8844385147094727
38 2.8896634578704834
38 2.893820285797119
38 2.8988723754882812
38 2.902892827987671
38 2.907973051071167
38 2.912092447280884
38 2.918144941329956
38 2.922320604324341
38 2.927530288696289
38 2.9316976070404053
38 2.9360156059265137
38 2.9412853717803955
38 2.9456300735473633
38 2.9505016803741455
38 2.954777956008911
38 2.959932565689087
38 2.9698007106781006
38 2.9739670753479004
38 2.979419469833374
38 2.983429193496704
38 2.988637685775757
38 2.992727518081665
38 2.997830390930176
38 3.002143383026123
38 3.007423162460327
38 3.01175594329834
38 3.0178492069244385
38 3.021958589553833
38 3.0272576808929443
38 3.0314245223999023
38 3.0357329845428467
38 3.0405876636505127
38 3.044843912124634
38 3.049978733062744
38 3.054180383682251
38 3.0595831871032715
38 3.0637621879577637
38 3.069800853729248
38 3.073969841003418
38 3.079223871231079
38 3.083266019821167
38 3.0881223678588867
38 3.0923378467559814
38 3.097555637359619
38 3.101677417755127
38 3.10598087310791
38 3.1108479499816895
38 3.1154370307922363
38 3.121504545211792
38 3.1258368492126465
38 3.1307122707366943
38 3.135291337966919
38 3.14032244682312
38 3.1445634365081787
38 3.149758815765381
38 3.1539368629455566
38 3.158989906311035
38 3.163233518600464
38 3.1693813800811768
38 3.1734275817871094
38 3.1787831783294678
38 3.1827964782714844
38 3.187912940979004
38 3.1920957565307617
38 3.197387456893921
38 3.201521873474121
38 3.2058234214782715
38 3.2106878757476807
38 3.2152554988861084
38 3.22094988822937
38 3.225527286529541
38 3.2303974628448486
38 3.2346556186676025
38 3.2399775981903076
38 3.2441306114196777
38 3.249424695968628
38 3.253443479537964
38 3.2585184574127197
38 3.262600898742676
38 3.267716407775879
38 3.27321457862854
38 3.2780957221984863
38 3.282200813293457
38 3.2875096797943115
38 3.2916526794433594
38 3.2959563732147217
38 3.3012306690216064
38 3.3055906295776367
38 3.310474395751953
38 3.314753532409668
38 3.3207054138183594
38 3.325266122817993
38 3.330177068710327
38 3.334322214126587
38 3.3396689891815186
38 3.3438544273376465
38 3.348888635635376
38 3.3529226779937744
38 3.358027935028076
38 3.3664050102233887
38 3.372112274169922
38 3.377457857131958
38 3.3817710876464844
38 3.386460781097412
38 3.391336441040039
38 3.395667552947998
38 3.40071177482605
38 3.4052395820617676
38 3.410334825515747
38 3.4146034717559814
38 3.4199302196502686
38 3.425291061401367
38 3.4301512241363525
38 3.434295415878296
38 3.4395580291748047
38 3.4437272548675537
38 3.448737144470215
38 3.4527807235717773
38 3.457881212234497
38 3.4619665145874023
38 3.467250108718872
38 3.4713873863220215
38 3.4775068759918213
38 3.4818193912506104
38 3.486515998840332
38 3.490981340408325
38 3.4955897331237793
38 3.5004734992980957
38 3.5047245025634766
38 3.5098724365234375
38 3.5140607357025146
38 3.5193350315093994
38 3.5242879390716553
38 3.52976393699646
38 3.5339419841766357
38 3.5394444465637207
38 3.5435478687286377
38 3.5486032962799072
38 3.552726984024048
38 3.5578274726867676
38 3.561945676803589
38 3.567235231399536
38 3.571406126022339
38 3.5781495571136475
38 3.582360029220581
38 3.5875799655914307
38 3.591714859008789
38 3.596397876739502
38 3.6012725830078125
38 3.6056127548217773
38 3.610466718673706
38 3.6147470474243164
38 3.6199002265930176
38 3.6240768432617188
38 3.6301398277282715
38 3.6342813968658447
38 3.6395153999328613
38 3.643710136413574
38 3.6495847702026367
38 3.6537981033325195
38 3.6592345237731934
38 3.6632587909698486
38 3.6681315898895264
38 3.672320604324341
38 3.678528070449829
38 3.6826393604278564
38 3.6929914951324463
38 3.698112726211548
38 3.7022037506103516
38 3.7075343132019043
38 3.711723566055298
38 3.716430902481079
38 3.721346855163574
38 3.7274320125579834
38 3.73160457611084
38 3.7359261512756348
38 3.7408292293548584
38 3.7453887462615967
38 3.75026798248291
38 3.754530668258667
38 3.7597105503082275
38 3.7685744762420654
38 3.772718667984009
38 3.779236078262329
38 3.7832961082458496
38 3.7881555557250977
38 3.7927463054656982
38 3.7978122234344482
38 3.8019871711730957
38 3.8072385787963867
38 3.8113765716552734
38 3.8156890869140625
38 3.820613384246826
38 3.824903964996338
38 3.8308465480804443
38 3.8354241847991943
38 3.8404695987701416
38 3.8447632789611816
38 3.849931478500366
38 3.8541011810302734
38 3.8593366146087646
38 3.8633551597595215
38 3.868454694747925
38 3.872464895248413
38 3.8776965141296387
38 3.882725954055786
38 3.8877928256988525
38 3.8918967247009277
38 3.8972532749176025
38 3.9016008377075195
38 3.905907154083252
38 3.9107866287231445
38 3.915330410003662
38 3.9203784465789795
38 3.92461895942688
38 3.930452823638916
38 3.9347541332244873
38 3.9398903846740723
38 3.944084405899048
38 3.9493417739868164
38 3.953364133834839
38 3.9585976600646973
38 3.9627225399017334
38 3.967808961868286
38 3.9760072231292725
38 3.98195481300354
38 3.987245798110962
38 3.9913766384124756
38 3.995699167251587
38 4.000619649887085
38 4.004868507385254
38 4.010080099105835
38 4.014240503311157
38 4.019627809524536
38 4.023778438568115
38 4.028806447982788
38 4.03399920463562
38 4.039292573928833
38 4.043301105499268
38 4.0481626987457275
38 4.05266261100769
38 4.057776927947998
38 4.061894655227661
38 4.067261457443237
38 4.071411371231079
38 4.0757105350494385
38 4.08074688911438
38 4.0865020751953125
38 4.090981960296631
38 4.09557843208313
38 4.100470781326294
38 4.104740381240845
38 4.109871864318848
38 4.114051342010498
38 4.119338274002075
38 4.123453617095947
38 4.12850022315979
38 4.13364315032959
38 4.138882637023926
38 4.142920970916748
38 4.148052930831909
38 4.1521642208099365
38 4.157474040985107
38 4.1616246700286865
38 4.170254945755005
38 4.174558162689209
38 4.179967403411865
38 4.185193061828613
38 4.190224647521973
38 4.194463729858398
38 4.199841260910034
38 4.20401668548584
38 4.209271669387817
38 4.213322877883911
38 4.218176603317261
38 4.2224040031433105
38 4.227662563323975
38 4.231785297393799
38 4.237977504730225
38 4.242096424102783
38 4.247407674789429
38 4.251572608947754
38 4.2559263706207275
38 4.260973691940308
38 4.265561819076538
38 4.270428895950317
38 4.274688243865967
38 4.279840707778931
38 4.2840166091918945
38 4.290101051330566
38 4.294256687164307
38 4.299544334411621
38 4.303704738616943
38 4.308908462524414
38 4.312952995300293
38 4.318055152893066
38 4.322414875030518
38 4.327637672424316
38 4.331758260726929
38 4.337859869003296
38 4.341989040374756
38 4.347262144088745
38 4.3514158725738525
38 4.355731725692749
38 4.360607385635376
38 4.364875555038452
38 4.370071649551392
38 4.374220132827759
38 4.379639148712158
38 4.38381552696228
38 4.389755010604858
38 4.393946409225464
38 4.39897084236145
38 4.40296745300293
38 4.408035755157471
38 4.4122185707092285
38 4.4175450801849365
38 4.421688079833984
38 4.426031827926636
38 4.430870532989502
38 4.435493469238281
38 4.441587686538696
38 4.445910453796387
38 4.450786352157593
38 4.455338954925537
38 4.460216522216797
38 4.464463949203491
38 4.469655513763428
38 4.473830223083496
38 4.4789018630981445
38 4.482928037643433
38 4.487993240356445
38 4.49325156211853
38 4.498105764389038
38 4.50246262550354
38 4.5077126026153564
38 4.511862516403198
38 4.516911029815674
38 4.521260499954224
38 4.525590181350708
38 4.530502796173096
38 4.534810304641724
38 4.540621995925903
38 4.545217990875244
38 4.5500781536102295
38 4.554248332977295
38 4.559695482254028
38 4.563868999481201
38 4.57255482673645
38 4.578646183013916
38 4.582781076431274
38 4.58793568611145
38 4.593620777130127
38 4.598782539367676
38 4.602789402008057
38 4.607876539230347
38 4.611974716186523
38 4.617257833480835
38 4.621572256088257
38 4.625864744186401
38 4.630718231201172
38 4.635262489318848
38 4.640164852142334
38 4.645545482635498
38 4.650441408157349
38 4.654699802398682
38 4.659856557846069
38 4.664042711257935
38 4.669351100921631
38 4.673403263092041
38 4.678727626800537
38 4.682748556137085
38 4.687865495681763
38 4.692850589752197
38 4.697970867156982
38 4.702215671539307
38 4.707511901855469
38 4.711664199829102
38 4.715954542160034
38 4.720808982849121
38 4.7253737449646
38 4.730271816253662
38 4.73452091217041
38 4.739807367324829
38 4.744889497756958
38 4.7500550746917725
38 4.754244089126587
38 4.759512186050415
38 4.763684272766113
38 4.768635511398315
38 4.772727966308594
38 4.77781081199646
38 4.781935214996338
38 4.787220001220703
38 4.791362524032593
38 4.797438621520996
38 4.80173397064209
38 4.806033611297607
38 4.810909748077393
38 4.815446853637695
38 4.820353746414185
38 4.824597358703613
38 4.829955577850342
38 4.834109544754028
38 4.839390516281128
38 4.844264507293701
38 4.849611043930054
38 4.853775262832642
38 4.858954429626465
38 4.863209247589111
38 4.86808180809021
38 4.872167110443115
38 4.8774847984313965
38 4.881623029708862
38 4.885948896408081
38 4.890845537185669
38 4.896917343139648
38 4.901271343231201
38 4.905598163604736
38 4.910476446151733
38 4.914737701416016
38 4.920074224472046
38 4.924235105514526
38 4.931503772735596
38 4.94453501701355
38 4.957612752914429
38 4.971751689910889
38 4.9764673709869385
38 4.981462240219116
38 4.985815048217773
38 4.990878105163574
38 4.99548864364624
38 5.00152587890625
38 5.005838632583618
38 5.010770797729492
38 5.015318870544434
38 5.02019739151001
38 5.024427652359009
38 5.029628276824951
38 5.033807039260864
38 5.039226055145264
38 5.04326605796814
38 5.049399375915527
38 5.053426504135132
38 5.058518886566162
38 5.062606334686279
38 5.067763805389404
38 5.071884632110596
38 5.0772316455841064
38 5.081368446350098
38 5.085697889328003
38 5.09076189994812
38 5.095341682434082
38 5.101427316665649
38 5.105746746063232
38 5.110598564147949
38 5.114837884902954
38 5.119999885559082
38 5.1241514682769775
38 5.129397630691528
38 5.133408784866333
38 5.13847279548645
38 5.14246129989624
38 5.1477038860321045
38 5.152856349945068
38 5.157941818237305
38 5.162204027175903
38 5.1675050258636475
38 5.17165207862854
38 5.175991773605347
38 5.180832862854004
38 5.185397624969482
38 5.190279245376587
38 5.1945273876190186
38 5.200479745864868
38 5.204829216003418
38 5.210047006607056
38 5.21420955657959
38 5.219673156738281
38 5.223839521408081
38 5.228933572769165
38 5.232962131500244
38 5.238071918487549
38 5.242175579071045
38 5.247473478317261
38 5.252600431442261
38 5.257755994796753
38 5.26190447807312
38 5.266986608505249
38 5.271320343017578
38 5.2756266593933105
38 5.280628442764282
38 5.285210132598877
38 5.2900824546813965
38 5.294248580932617
38 5.299514293670654
38 5.304560661315918
38 5.30973482131958
38 5.313936710357666
38 5.319234609603882
38 5.323254585266113
38 5.328119516372681
38 5.3322131633758545
38 5.337526082992554
38 5.3418498039245605
38 5.346894264221191
38 5.351433753967285
38 5.357547998428345
38 5.361679792404175
38 5.365963459014893
38 5.374630451202393
38 5.37993049621582
38 5.384103298187256
38 5.389542579650879
38 5.3937530517578125
38 5.3992393016815186
38 5.404170751571655
38 5.409424304962158
38 5.413435220718384
38 5.4185028076171875
38 5.422633647918701
38 5.427775144577026
38 5.431885004043579
38 5.436929941177368
38 5.441298484802246
38 5.445623397827148
38 5.450507879257202
38 5.4558632373809814
38 5.460887670516968
38 5.46545147895813
38 5.4703123569488525
38 5.474575996398926
38 5.4799370765686035
38 5.4841296672821045
38 5.489399671554565
38 5.493427991867065
38 5.4985058307647705
38 5.502607345581055
38 5.508834600448608
38 5.512835502624512
38 5.517904758453369
38 5.522169351577759
38 5.527469635009766
38 5.531634092330933
38 5.535942554473877
38 5.5408034324646
38 5.545339584350586
38 5.550203800201416
38 5.554454803466797
38 5.560408353805542
38 5.564637899398804
38 5.569813966751099
38 5.573967456817627
38 5.579992055892944
38 5.584153890609741
38 5.59463357925415
38 5.599858045578003
38 5.604036092758179
38 5.610153675079346
38 5.614321708679199
38 5.619644641876221
38 5.6238110065460205
38 5.6288299560546875
38 5.63284158706665
38 5.637932300567627
38 5.642208576202393
38 5.647499084472656
38 5.651639461517334
38 5.655939340591431
38 5.661825180053711
38 5.6665215492248535
38 5.671240329742432
38 5.675605773925781
38 5.680486679077148
38 5.684746742248535
38 5.689878702163696
38 5.694052457809448
38 5.699495792388916
38 5.703668832778931
38 5.709625720977783
38 5.713815689086914
38 5.7188661098480225
38 5.722890853881836
38 5.727992296218872
38 5.732106447219849
38 5.7373881340026855
38 5.741682052612305
38 5.74596643447876
38 5.750817775726318
38 5.755383491516113
38 5.761370420455933
38 5.7657434940338135
38 5.774547100067139
38 5.779896974563599
38 5.784087181091309
38 5.789494752883911
38 5.79366660118103
38 5.798830986022949
38 5.802839756011963
38 5.807949781417847
38 5.813354253768921
38 5.818567752838135
38 5.822744607925415
38 5.827863454818726
38 5.832007646560669
38 5.837275505065918
38 5.84138298034668
38 5.845699787139893
38 5.850566148757935
38 5.854837417602539
38 5.860044717788696
38 5.86540961265564
38 5.870434284210205
38 5.874694347381592
38 5.880014419555664
38 5.884202480316162
38 5.8894805908203125
38 5.893612861633301
38 5.898579120635986
38 5.9027018547058105
38 5.907796144485474
38 5.9128077030181885
38 5.917909145355225
38 5.921995639801025
38 5.927270174026489
38 5.931396961212158
38 5.935713291168213
38 5.940729379653931
38 5.945323944091797
38 5.950204610824585
38 5.954428195953369
38 5.959645986557007
38 5.964754343032837
38 5.9699015617370605
38 5.975613832473755
38 5.980613470077515
38 5.984863519668579
38 5.990183115005493
38 5.994324445724487
